1 0.522225 0.763659 0.516499 0.762104 0.517185 0.759153 0.522911 0.760707
1 0.527669 0.761223 0.523297 0.756120 0.524834 0.754582 0.529207 0.759685
1 0.540966 0.755594 0.538364 0.748383 0.540388 0.747531 0.542989 0.754741
1 0.545178 0.753892 0.545245 0.746948 0.547030 0.746968 0.546962 0.753912
1 0.548691 0.753329 0.548923 0.744887 0.550902 0.744950 0.550670 0.753392
1 0.553071 0.747137 0.556174 0.740611 0.558507 0.741907 0.555404 0.748432
1 0.368507 0.771374 0.367693 0.763775 0.370222 0.763459 0.371036 0.771058
1 0.633543 0.215353 0.637781 0.210976 0.640248 0.213766 0.636010 0.218143
1 0.897660 0.035535 0.896808 0.029915 0.901369 0.029108 0.902221 0.034728
1 0.812231 0.185199 0.816616 0.180359 0.819354 0.183256 0.814968 0.188096
1 0.806620 0.231569 0.812182 0.227138 0.814649 0.230753 0.809087 0.235185
1 0.832762 0.287760 0.838017 0.283973 0.840368 0.287783 0.835113 0.291571
1 0.811534 0.278645 0.817178 0.275347 0.819431 0.279850 0.813787 0.283148
1 0.789409 0.281600 0.795445 0.278233 0.797474 0.282481 0.791438 0.285847
1 0.752243 0.267265 0.758683 0.266545 0.759037 0.270249 0.752597 0.270969
1 0.764111 0.324236 0.769753 0.321711 0.771559 0.326421 0.765916 0.328947
1 0.813334 0.341184 0.816913 0.338007 0.818755 0.340430 0.815176 0.343607
1 0.748091 0.369561 0.754386 0.368374 0.755121 0.372925 0.748826 0.374112
1 0.697505 0.365610 0.701891 0.359860 0.704537 0.362217 0.700151 0.367967
1 0.264565 0.772420 0.270422 0.767922 0.272677 0.771351 0.266820 0.775849
1 0.830554 0.158019 0.834889 0.155454 0.836757 0.159141 0.832422 0.161706
1 0.910004 0.060373 0.909103 0.055362 0.912777 0.054590 0.913679 0.059601
1 0.961037 0.132026 0.966972 0.129942 0.967911 0.133065 0.961976 0.135149
1 0.972843 0.139538 0.979920 0.140356 0.979194 0.147691 0.972117 0.146874
1 0.903794 0.105704 0.909508 0.103370 0.910429 0.106005 0.904715 0.108339
1 0.927609 0.122050 0.930562 0.117980 0.933588 0.120545 0.930635 0.124615
1 0.921481 0.140301 0.926953 0.137063 0.928672 0.140457 0.923200 0.143695
1 0.909547 0.146197 0.914581 0.143798 0.916274 0.147945 0.911240 0.150344
1 0.286552 0.762839 0.289633 0.756783 0.292727 0.758620 0.289646 0.764677
1 0.309545 0.753251 0.312286 0.746238 0.314949 0.747454 0.312208 0.754467
1 0.325487 0.762300 0.328342 0.756245 0.330854 0.757628 0.327999 0.763683
1 0.363542 0.767100 0.364998 0.760174 0.367549 0.760800 0.366093 0.767727
1 0.788290 0.153327 0.793840 0.150694 0.795442 0.154638 0.789892 0.157271
1 0.847819 0.164749 0.852847 0.161167 0.854827 0.164412 0.849799 0.167995
1 0.869825 0.159599 0.874089 0.156151 0.876403 0.159493 0.872138 0.162941
1 0.853883 0.123838 0.857511 0.119890 0.860350 0.122936 0.856722 0.126884
1 0.872095 0.060275 0.873142 0.054809 0.877007 0.055674 0.875960 0.061140
1 0.861154 0.061071 0.861960 0.055922 0.865890 0.056640 0.865084 0.061789
1 0.828068 0.062124 0.832293 0.057955 0.834898 0.061038 0.830673 0.065208
1 0.781721 0.087782 0.787156 0.085277 0.788951 0.089826 0.783516 0.092331
1 0.731784 0.105294 0.737931 0.102011 0.739947 0.106418 0.733800 0.109701
1 0.668705 0.143593 0.671958 0.139078 0.674592 0.141294 0.671339 0.145810
1 0.627747 0.181547 0.631578 0.177260 0.634319 0.180120 0.630488 0.184407
1 0.614106 0.171040 0.617517 0.166236 0.620522 0.168728 0.617111 0.173532
1 0.591221 0.202874 0.595219 0.199362 0.597435 0.202309 0.593437 0.205821
1 0.575974 0.206583 0.580471 0.202786 0.583096 0.206418 0.578599 0.210215
1 0.591575 0.228529 0.596015 0.225612 0.597717 0.228637 0.593277 0.231554
1 0.305928 0.960906 0.310063 0.952810 0.312852 0.954474 0.308717 0.962570
1 0.788935 0.176334 0.793923 0.173820 0.795827 0.178232 0.790839 0.180746
1 0.269555 0.916925 0.268820 0.908190 0.272089 0.907868 0.272825 0.916603
1 0.206471 0.959420 0.207782 0.951217 0.210928 0.951804 0.209616 0.960007
1 0.203201 0.944019 0.200083 0.935637 0.203087 0.934332 0.206205 0.942714
1 0.911263 0.250848 0.915473 0.246605 0.918041 0.249580 0.913830 0.253824
1 0.975461 0.250953 0.980019 0.254055 0.977604 0.258200 0.973046 0.255098
1 0.958695 0.275745 0.964226 0.275964 0.964005 0.282467 0.958475 0.282248
1 0.988398 0.303943 0.985296 0.308574 0.982206 0.306157 0.985308 0.301526
1 0.987155 0.318698 0.989226 0.311641 0.993087 0.312965 0.991016 0.320022
1 0.980708 0.327296 0.977534 0.321157 0.981133 0.318983 0.984308 0.325121
1 0.984849 0.346548 0.982238 0.340712 0.986095 0.338697 0.988705 0.344533
2 0.236031 0.944089 0.242330 0.944089 0.242330 0.949437 0.236031 0.949437
1 0.967522 0.350296 0.964416 0.354369 0.961620 0.351878 0.964727 0.347806
1 0.915264 0.383413 0.916983 0.388809 0.912336 0.390538 0.910617 0.385142
3 0.894804 0.741538 0.899642 0.741538 0.899642 0.747243 0.894804 0.747243
3 0.982378 0.508864 0.987147 0.508864 0.987147 0.513103 0.982378 0.513103
2 0.510275 0.928377 0.515699 0.928377 0.515699 0.933286 0.510275 0.933286
3 0.727143 0.462400 0.732139 0.462400 0.732139 0.467744 0.727143 0.467744
1 0.485196 0.717442 0.488134 0.717442 0.488134 0.725357 0.485196 0.725357
1 0.682888 0.190097 0.686938 0.190097 0.686938 0.194501 0.682888 0.194501
2 0.613559 0.952802 0.618793 0.952802 0.618793 0.957811 0.613559 0.957811
2 0.340488 0.963124 0.346458 0.963124 0.346458 0.968119 0.340488 0.968119
1 0.975858 0.756630 0.975110 0.763410 0.970952 0.762874 0.971700 0.756094
1 0.830640 0.759438 0.827952 0.755099 0.831033 0.752870 0.833721 0.757209
1 0.978146 0.687917 0.982315 0.691834 0.979687 0.695100 0.975518 0.691183
1 0.591569 0.622495 0.591654 0.615964 0.596121 0.616032 0.596036 0.622562
1 0.657933 0.635706 0.658839 0.629975 0.663744 0.630881 0.662838 0.636612
1 0.671657 0.653585 0.673857 0.647641 0.677565 0.649244 0.675365 0.655188
1 0.688175 0.665959 0.690555 0.660288 0.694412 0.662179 0.692031 0.667850
1 0.696300 0.635249 0.699273 0.629104 0.703657 0.631581 0.700685 0.637726
1 0.691793 0.614390 0.695180 0.607329 0.698632 0.609263 0.695245 0.616324
1 0.743176 0.703254 0.739223 0.698951 0.742099 0.695864 0.746053 0.700166
1 0.756277 0.696164 0.760432 0.691465 0.763100 0.694221 0.758945 0.698920
1 0.767497 0.850914 0.764760 0.846253 0.768381 0.843770 0.771118 0.848431
1 0.983872 0.402667 0.983516 0.396876 0.987045 0.396623 0.987401 0.402414
1 0.635991 0.689074 0.639149 0.681721 0.642713 0.683509 0.639554 0.690862
1 0.917284 0.347237 0.913988 0.352248 0.910637 0.349674 0.913933 0.344663
1 0.913622 0.336098 0.916545 0.331433 0.921928 0.335371 0.919005 0.340037
1 0.894543 0.336089 0.899212 0.330544 0.904874 0.336112 0.900206 0.341657
1 0.893183 0.322301 0.897713 0.318504 0.901722 0.324090 0.897192 0.327887
1 0.895946 0.399652 0.899333 0.404270 0.895709 0.407375 0.892321 0.402757
1 0.848378 0.396684 0.852551 0.393110 0.855356 0.396934 0.851183 0.400509
1 0.863164 0.395130 0.858716 0.398926 0.855330 0.394293 0.859778 0.390497
1 0.830655 0.372353 0.835215 0.368760 0.837197 0.371697 0.832637 0.375291
1 0.837023 0.365461 0.841688 0.361811 0.843608 0.364678 0.838943 0.368328
1 0.831576 0.416686 0.835797 0.413372 0.838024 0.416684 0.833803 0.419998
1 0.791691 0.420588 0.796579 0.417236 0.798641 0.420746 0.793752 0.424099
1 0.736797 0.416853 0.741132 0.413669 0.743506 0.417444 0.739171 0.420628
2 0.434708 0.879928 0.440242 0.879928 0.440242 0.885077 0.434708 0.885077
1 0.624283 0.415805 0.630469 0.408611 0.632991 0.411143 0.626805 0.418337
1 0.627254 0.461373 0.631853 0.456804 0.634603 0.460037 0.630005 0.464606
1 0.678791 0.517722 0.681495 0.511624 0.685364 0.513627 0.682660 0.519725
1 0.669563 0.551980 0.673696 0.547106 0.676173 0.549559 0.672040 0.554432
1 0.264830 0.777057 0.273356 0.772013 0.274596 0.774460 0.266070 0.779505
2 0.127638 0.614200 0.133615 0.614200 0.133615 0.619726 0.127638 0.619726
1 0.851145 0.475642 0.858400 0.475162 0.858789 0.482039 0.851534 0.482519
1 0.896443 0.485889 0.901077 0.490511 0.898204 0.493875 0.893570 0.489254
1 0.207828 0.869174 0.202479 0.873990 0.200374 0.871261 0.205724 0.866444
1 0.605366 0.237605 0.610479 0.233807 0.612988 0.237752 0.607875 0.241550
1 0.637100 0.249982 0.641772 0.246551 0.643918 0.249964 0.639246 0.253395
1 0.761483 0.459596 0.766206 0.455462 0.768580 0.458631 0.763857 0.462764
2 0.441096 0.785846 0.446938 0.785846 0.446938 0.790995 0.441096 0.790995
2 0.820509 0.717525 0.826346 0.717525 0.826346 0.722507 0.820509 0.722507
2 0.838040 0.737514 0.843802 0.737514 0.843802 0.742467 0.838040 0.742467
1 0.877773 0.661677 0.877607 0.665632 0.874688 0.665489 0.874854 0.661534
2 0.768438 0.746085 0.773893 0.746085 0.773893 0.751343 0.768438 0.751343
2 0.723877 0.605626 0.730290 0.605626 0.730290 0.610912 0.723877 0.610912
2 0.928360 0.815132 0.933958 0.815132 0.933958 0.820174 0.928360 0.820174
2 0.967013 0.740865 0.972681 0.740865 0.972681 0.745682 0.967013 0.745682
3 0.857607 0.202764 0.863280 0.202764 0.863280 0.208625 0.857607 0.208625
3 0.910516 0.211596 0.915904 0.211596 0.915904 0.217157 0.910516 0.217157
3 0.832793 0.321807 0.838755 0.321807 0.838755 0.328794 0.832793 0.328794
3 0.612269 0.745800 0.618274 0.745800 0.618274 0.750900 0.612269 0.750900
3 0.677833 0.761500 0.684023 0.761500 0.684023 0.766802 0.677833 0.766802
3 0.705074 0.715480 0.710233 0.715480 0.710233 0.721266 0.705074 0.721266
2 0.711964 0.865338 0.716860 0.865338 0.716860 0.870418 0.711964 0.870418
3 0.583927 0.830093 0.589629 0.830093 0.589629 0.836234 0.583927 0.836234
2 0.005819 0.878330 0.011207 0.878330 0.011207 0.883571 0.005819 0.883571
2 0.218420 0.799350 0.223387 0.799350 0.223387 0.804008 0.218420 0.804008
3 0.653029 0.636960 0.660184 0.636960 0.660184 0.643595 0.653029 0.643595
3 0.791716 0.940352 0.797260 0.940352 0.797260 0.945735 0.791716 0.945735
3 0.679063 0.950206 0.683561 0.950206 0.683561 0.955091 0.679063 0.955091
3 0.964861 0.650570 0.969086 0.650570 0.969086 0.655415 0.964861 0.655415
3 0.908123 0.636055 0.914096 0.636055 0.914096 0.641820 0.908123 0.641820
3 0.868323 0.639436 0.873008 0.639436 0.873008 0.644325 0.868323 0.644325
2 0.975653 0.824768 0.980373 0.824768 0.980373 0.829534 0.975653 0.829534
3 0.951051 0.914260 0.955845 0.914260 0.955845 0.920202 0.951051 0.920202
3 0.891814 0.241802 0.896942 0.241802 0.896942 0.246997 0.891814 0.246997
1 0.981054 0.576862 0.983100 0.583250 0.979706 0.584520 0.977659 0.578132
1 0.847376 0.380810 0.851533 0.377274 0.853545 0.380037 0.849388 0.383573
13 0.934553 0.262268 0.942183 0.262268 0.942183 0.267328 0.934553 0.267328
13 0.716266 0.032850 0.724679 0.032850 0.724679 0.038831 0.716266 0.038831
13 0.775282 0.367665 0.782920 0.367665 0.782920 0.372932 0.775282 0.372932
13 0.956379 0.424096 0.963450 0.424096 0.963450 0.428834 0.956379 0.428834
13 0.860039 0.732690 0.866956 0.732690 0.866956 0.738173 0.860039 0.738173
13 0.911654 0.806547 0.919255 0.806547 0.919255 0.811373 0.911654 0.811373
1 0.630084 0.735965 0.633525 0.731066 0.636446 0.733462 0.633005 0.738361
1 0.694156 0.714586 0.698954 0.711876 0.700912 0.715923 0.696114 0.718634
1 0.718569 0.912545 0.717966 0.906234 0.721117 0.905882 0.721720 0.912193
1 0.905861 0.901864 0.905725 0.907877 0.901269 0.907759 0.901405 0.901747
1 0.858497 0.904164 0.858660 0.909764 0.853738 0.909931 0.853575 0.904331
1 0.835715 0.916486 0.832761 0.911858 0.836944 0.908739 0.839899 0.913367
1 0.937870 0.866767 0.935260 0.871794 0.932279 0.869986 0.934890 0.864959
1 0.945750 0.858502 0.949356 0.853707 0.952476 0.856447 0.948869 0.861242
1 0.939975 0.835697 0.936814 0.840724 0.933428 0.838238 0.936590 0.833211
1 0.904519 0.554989 0.908073 0.559361 0.904357 0.562889 0.900803 0.558517
1 0.804456 0.582081 0.808375 0.577963 0.811200 0.581103 0.807281 0.585221
1 0.794887 0.554083 0.800307 0.553270 0.800832 0.557354 0.795411 0.558166
1 0.762203 0.547454 0.765473 0.543259 0.768534 0.546044 0.765264 0.550240
1 0.738807 0.561208 0.740733 0.554566 0.744064 0.555694 0.742138 0.562336
1 0.853105 0.210089 0.857492 0.207103 0.859345 0.210284 0.854958 0.213270
1 0.675537 0.283757 0.680070 0.279204 0.682836 0.282421 0.678303 0.286974
1 0.861016 0.303136 0.865799 0.300974 0.867272 0.304779 0.862489 0.306941
1 0.980023 0.441624 0.982491 0.447847 0.979084 0.449425 0.976616 0.443203
1 0.963019 0.446681 0.966444 0.452840 0.962500 0.455401 0.959076 0.449242
1 0.952759 0.456093 0.956090 0.462507 0.952196 0.464869 0.948865 0.458454
1 0.913433 0.590781 0.917241 0.593414 0.915259 0.596763 0.911451 0.594130
1 0.588652 0.921187 0.588457 0.915919 0.592514 0.915743 0.592710 0.921011
3 0.754908 0.383812 0.758988 0.383812 0.758988 0.388523 0.754908 0.388523
1 0.709328 0.952140 0.708918 0.946753 0.712979 0.946392 0.713389 0.951779
1 0.464104 0.791364 0.458816 0.780617 0.461331 0.779172 0.466619 0.789919
1 0.467258 0.785015 0.466430 0.774985 0.468841 0.774752 0.469669 0.784783
1 0.487778 0.772558 0.487396 0.766800 0.489642 0.766626 0.490024 0.772385
1 0.492928 0.771925 0.491376 0.765094 0.493395 0.764558 0.494948 0.771389
1 0.505439 0.765834 0.503474 0.759736 0.505273 0.759059 0.507238 0.765157
1 0.513836 0.759202 0.511442 0.753603 0.513749 0.752451 0.516142 0.758050
