4 0.115919 0.368433 0.119016 0.368433 0.119016 0.372690 0.115919 0.372690
4 0.093062 0.304678 0.096302 0.304678 0.096302 0.309186 0.093062 0.309186
4 0.444064 0.124967 0.447004 0.124967 0.447004 0.129376 0.444064 0.129376
4 0.080263 0.561323 0.083495 0.561323 0.083495 0.565483 0.080263 0.565483
4 0.194603 0.470323 0.197754 0.470323 0.197754 0.474648 0.194603 0.474648
4 0.085223 0.183374 0.091016 0.183374 0.091016 0.188230 0.085223 0.188230
4 0.765079 0.489719 0.768689 0.489719 0.768689 0.493816 0.765079 0.493816
4 0.195934 0.708378 0.199684 0.708378 0.199684 0.712802 0.195934 0.712802
4 0.139104 0.162351 0.144511 0.162351 0.144511 0.166979 0.139104 0.166979
1 0.126420 0.048388 0.132133 0.041404 0.134600 0.043651 0.128887 0.050635
3 0.618765 0.257795 0.623987 0.257795 0.623987 0.262980 0.618765 0.262980
3 0.582628 0.297209 0.586774 0.297209 0.586774 0.301362 0.582628 0.301362
3 0.659853 0.195513 0.664451 0.195513 0.664451 0.200065 0.659853 0.200065
4 0.520050 0.163549 0.523319 0.163549 0.523319 0.168133 0.520050 0.168133
4 0.524910 0.201055 0.527737 0.201055 0.527737 0.205476 0.524910 0.205476
4 0.593505 0.267898 0.596736 0.267898 0.596736 0.272266 0.593505 0.272266
4 0.724108 0.959693 0.727419 0.959693 0.727419 0.964282 0.724108 0.964282
4 0.326733 0.957004 0.330599 0.957004 0.330599 0.961685 0.326733 0.961685
4 0.012002 0.799862 0.014898 0.799862 0.014898 0.804469 0.012002 0.804469
4 0.448852 0.577152 0.452025 0.577152 0.452025 0.581540 0.448852 0.581540
4 0.428338 0.447866 0.431386 0.447866 0.431386 0.451987 0.428338 0.451987
4 0.377051 0.430973 0.380030 0.430973 0.380030 0.435153 0.377051 0.435153
4 0.346071 0.379966 0.349330 0.379966 0.349330 0.384510 0.346071 0.384510
4 0.352559 0.301101 0.356779 0.301101 0.356779 0.306306 0.352559 0.306306
2 0.227369 0.914361 0.233278 0.914361 0.233278 0.919378 0.227369 0.919378
4 0.547360 0.091198 0.550703 0.091198 0.550703 0.096202 0.547360 0.096202
4 0.903992 0.036868 0.906846 0.036868 0.906846 0.041353 0.903992 0.041353
4 0.796108 0.153879 0.799598 0.153879 0.799598 0.158523 0.796108 0.158523
4 0.564140 0.054522 0.567409 0.054522 0.567409 0.058965 0.564140 0.058965
2 0.197996 0.092940 0.191953 0.092906 0.191977 0.088162 0.198020 0.088196
1 0.123277 0.417232 0.129240 0.412203 0.131624 0.415352 0.125662 0.420381
1 0.289870 0.354021 0.296459 0.349175 0.298844 0.352787 0.292255 0.357633
4 0.201536 0.802037 0.197996 0.802018 0.198017 0.797641 0.201557 0.797660
3 0.799557 0.130542 0.804125 0.130579 0.804091 0.135265 0.799523 0.135228
4 0.376891 0.435507 0.376889 0.430843 0.380230 0.430842 0.380232 0.435505
1 0.420850 0.124739 0.427323 0.119173 0.429849 0.122445 0.423376 0.128011
4 0.564025 0.055110 0.567472 0.055128 0.567453 0.059170 0.564006 0.059152
1 0.366856 0.970372 0.373627 0.965437 0.375899 0.968908 0.369128 0.973843
1 0.192070 0.322106 0.199405 0.318267 0.201182 0.322047 0.193847 0.325886
1 0.240350 0.407883 0.246369 0.403177 0.248838 0.406693 0.242819 0.411398
4 0.479586 0.824652 0.474501 0.824589 0.474549 0.820272 0.479634 0.820335
1 0.424818 0.884489 0.431160 0.880689 0.433131 0.884352 0.426789 0.888153
1 0.473560 0.554284 0.478551 0.548252 0.480907 0.550424 0.475917 0.556455
4 0.435151 0.666931 0.438630 0.666939 0.438619 0.671921 0.435140 0.671912
1 0.442584 0.391904 0.449281 0.386932 0.451899 0.390859 0.445202 0.395831
1 0.840912 0.377903 0.846145 0.372306 0.848400 0.374653 0.843167 0.380250
4 0.147355 0.236241 0.143664 0.236227 0.143681 0.231448 0.147372 0.231463
1 0.421508 0.873966 0.426806 0.868313 0.429126 0.870734 0.423828 0.876387
1 0.464169 0.773809 0.469884 0.768243 0.472065 0.770736 0.466350 0.776303
1 0.875028 0.241024 0.880975 0.235807 0.883151 0.238570 0.877204 0.243787
1 0.268165 0.176255 0.273957 0.170456 0.276211 0.172962 0.270419 0.178762
1 0.271300 0.333501 0.276969 0.327547 0.279919 0.330675 0.274249 0.336629
1 0.343864 0.540504 0.349500 0.534531 0.351680 0.536822 0.346044 0.542795
1 0.878551 0.779430 0.884060 0.774168 0.886255 0.776727 0.880746 0.781989
1 0.377279 0.020866 0.382742 0.016306 0.384712 0.018935 0.379248 0.023494
1 0.370692 0.310872 0.375914 0.305165 0.378235 0.307529 0.373013 0.313237
1 0.019006 0.605422 0.024992 0.600247 0.027096 0.602956 0.021109 0.608132
1 0.563614 0.701291 0.569163 0.695684 0.571396 0.698146 0.565847 0.703752
1 0.204756 0.456029 0.209702 0.449990 0.211975 0.452063 0.207029 0.458103
4 0.524725 0.200936 0.528122 0.200936 0.528122 0.205566 0.524725 0.205566
1 0.322088 0.347339 0.328117 0.342198 0.330194 0.344910 0.324164 0.350051
1 0.761939 0.165821 0.768870 0.161914 0.770321 0.164781 0.763390 0.168688
1 0.350973 0.038459 0.356895 0.033743 0.358930 0.036588 0.353008 0.041304
1 0.847348 0.398167 0.851413 0.390896 0.854552 0.392851 0.850487 0.400121
1 0.166233 0.417404 0.172227 0.412176 0.174514 0.415095 0.168519 0.420324
1 0.602136 0.569152 0.606523 0.562809 0.609117 0.564806 0.604729 0.571150
4 0.823367 0.263925 0.819922 0.263857 0.820001 0.259387 0.823446 0.259455
1 0.829845 0.073967 0.834993 0.068547 0.837055 0.070728 0.831907 0.076148
1 0.030726 0.057588 0.035267 0.051468 0.037777 0.053543 0.033237 0.059662
1 0.230959 0.858464 0.235627 0.852076 0.238216 0.854182 0.233547 0.860571
4 0.428249 0.447707 0.431653 0.447765 0.431583 0.452336 0.428179 0.452278
1 0.564207 0.952702 0.568267 0.945291 0.571116 0.947029 0.567056 0.954440
1 0.508191 0.660301 0.513707 0.654296 0.515769 0.656406 0.510254 0.662411
1 0.182958 0.437845 0.189623 0.433087 0.191396 0.435854 0.184731 0.440612
1 0.307677 0.361906 0.314204 0.356952 0.316142 0.359795 0.309615 0.364749
1 0.463780 0.584185 0.470746 0.580334 0.472189 0.583242 0.465223 0.587092
1 0.498241 0.983465 0.503294 0.977134 0.505693 0.979266 0.500640 0.985597
1 0.050443 0.393607 0.056276 0.388778 0.058304 0.391507 0.052471 0.396336
1 0.423799 0.725441 0.429284 0.720115 0.431435 0.722582 0.425950 0.727908
1 0.497322 0.642894 0.503542 0.638029 0.505391 0.640662 0.499171 0.645527
4 0.416510 0.174508 0.416463 0.169762 0.419976 0.169723 0.420023 0.174469
1 0.338794 0.404378 0.342495 0.397890 0.344984 0.399471 0.341283 0.405959
1 0.840270 0.054373 0.846359 0.049658 0.848290 0.052435 0.842201 0.057150
1 0.675030 0.139487 0.682292 0.134647 0.684000 0.137501 0.676739 0.142341
1 0.046170 0.182273 0.051942 0.176821 0.054296 0.179596 0.048523 0.185048
1 0.822970 0.346143 0.826014 0.339000 0.829025 0.340428 0.825981 0.347572
1 0.287284 0.351663 0.292385 0.345954 0.294560 0.348118 0.289460 0.353827
1 0.700193 0.757178 0.707310 0.752507 0.709457 0.756150 0.702340 0.760821
1 0.307735 0.235222 0.313124 0.229578 0.315171 0.231755 0.309781 0.237399
1 0.335218 0.399804 0.340618 0.395026 0.342586 0.397503 0.337186 0.402282
1 0.177896 0.437603 0.182610 0.431139 0.185272 0.433302 0.180559 0.439765
1 0.190937 0.318760 0.197052 0.314166 0.198809 0.316771 0.192694 0.321365
1 0.460111 0.757801 0.465073 0.752180 0.467353 0.754421 0.462391 0.760042
1 0.380922 0.123572 0.387600 0.117491 0.389956 0.120373 0.383279 0.126454
1 0.486274 0.209511 0.491933 0.203706 0.494333 0.206311 0.488674 0.212117
1 0.693758 0.683408 0.696920 0.675105 0.699968 0.676397 0.696806 0.684701
1 0.802634 0.186583 0.805814 0.179322 0.808722 0.180741 0.805542 0.188001
1 0.338144 0.026126 0.343792 0.020321 0.346065 0.022784 0.340416 0.028589
1 0.434872 0.611907 0.439995 0.605142 0.442513 0.607266 0.437391 0.614031
1 0.947703 0.027854 0.954798 0.025543 0.955772 0.028875 0.948677 0.031186
1 0.574417 0.323898 0.580303 0.317443 0.582495 0.319669 0.576608 0.326123
1 0.517406 0.660771 0.522815 0.655007 0.525084 0.657378 0.519676 0.663142
1 0.214804 0.006704 0.220373 0.001182 0.222623 0.003710 0.217054 0.009231
1 0.972898 0.995460 0.979079 0.990614 0.980882 0.993175 0.974701 0.998021
1 0.121496 0.414598 0.126918 0.408817 0.129009 0.411002 0.123588 0.416782
1 0.640428 0.372859 0.645498 0.367033 0.647757 0.369222 0.642687 0.375048
1 0.368348 0.298051 0.373233 0.292456 0.375410 0.294572 0.370525 0.300167
1 0.523047 0.908741 0.528324 0.902427 0.531001 0.904918 0.525724 0.911232
1 0.519196 0.420530 0.524974 0.415104 0.527272 0.417829 0.521494 0.423255
1 0.399175 0.122320 0.404412 0.117015 0.406465 0.119272 0.401227 0.124577
1 0.430068 0.886215 0.434810 0.879743 0.437406 0.881861 0.432664 0.888333
1 0.454096 0.705140 0.459249 0.698546 0.461679 0.700661 0.456526 0.707255
1 0.455179 0.600924 0.461972 0.596469 0.463757 0.599500 0.456964 0.603955
1 0.342035 0.443405 0.347907 0.438469 0.349695 0.440838 0.343822 0.445774
1 0.525513 0.149191 0.529778 0.142449 0.532249 0.144190 0.527984 0.150932
1 0.608952 0.335594 0.614964 0.329942 0.616897 0.332232 0.610885 0.337884
1 0.328985 0.531874 0.334424 0.526503 0.336455 0.528794 0.331016 0.534165
1 0.825241 0.869781 0.832912 0.865343 0.835017 0.869396 0.827346 0.873833
1 0.674770 0.737215 0.676944 0.729256 0.679918 0.730160 0.677744 0.738119
1 0.356755 0.356362 0.363394 0.350445 0.366138 0.353873 0.359498 0.359790
1 0.493017 0.911474 0.498054 0.905044 0.500597 0.907263 0.495560 0.913693
1 0.097455 0.774337 0.102500 0.768377 0.104872 0.770613 0.099827 0.776573
1 0.769713 0.094265 0.775441 0.089535 0.777400 0.092177 0.771671 0.096907
1 0.988426 0.074928 0.993455 0.069233 0.995764 0.071503 0.990734 0.077199
1 0.329094 0.831296 0.334366 0.825447 0.336625 0.827715 0.331352 0.833563
1 0.047979 0.612548 0.052219 0.606063 0.054666 0.607845 0.050426 0.614329
1 0.100541 0.050344 0.106153 0.044926 0.108324 0.047431 0.102712 0.052849
1 0.298566 0.214479 0.303435 0.209093 0.306148 0.211824 0.301279 0.217210
1 0.703315 0.154580 0.708828 0.149663 0.710893 0.152241 0.705380 0.157158
1 0.342015 0.778410 0.346087 0.772003 0.348513 0.773720 0.344441 0.780127
1 0.347915 0.080618 0.353444 0.075733 0.355748 0.078637 0.350219 0.083522
1 0.977802 0.464561 0.982489 0.458748 0.984637 0.460677 0.979950 0.466490
1 0.395228 0.111449 0.400458 0.105785 0.402571 0.107957 0.397341 0.113621
1 0.448133 0.675173 0.454269 0.669668 0.456264 0.672144 0.450128 0.677649
1 0.808335 0.328566 0.812490 0.322553 0.815105 0.324566 0.810950 0.330579
1 0.554838 0.984682 0.553150 0.987069 0.547864 0.982906 0.549552 0.980520
1 0.305011 0.286671 0.310210 0.279937 0.313448 0.282722 0.308248 0.289455
1 0.250572 0.675515 0.256025 0.670004 0.258102 0.672293 0.252649 0.677803
1 0.748590 0.152116 0.754563 0.148311 0.756137 0.151064 0.750164 0.154869
1 0.805753 0.192518 0.811949 0.188618 0.813387 0.191162 0.807191 0.195062
1 0.462371 0.563534 0.469026 0.559117 0.470681 0.561894 0.464025 0.566311
1 0.074462 0.122262 0.080100 0.117299 0.082000 0.119703 0.076362 0.124665
1 0.840768 0.074367 0.846208 0.067521 0.848499 0.069548 0.843059 0.076394
1 0.118552 0.124832 0.124164 0.118796 0.126572 0.121288 0.120960 0.127325
1 0.376783 0.113545 0.382507 0.108745 0.384416 0.111280 0.378691 0.116080
1 0.028123 0.514016 0.033156 0.507676 0.035838 0.510047 0.030805 0.516387
1 0.472133 0.326138 0.477658 0.320880 0.479631 0.323189 0.474106 0.328447
1 0.339965 0.454817 0.345107 0.448965 0.347510 0.451316 0.342369 0.457169
1 0.666481 0.134403 0.673864 0.129371 0.676025 0.132901 0.668641 0.137933
1 0.736543 0.169929 0.742460 0.165564 0.744279 0.168310 0.738362 0.172675
1 0.475722 0.202958 0.481595 0.197423 0.483682 0.199890 0.477809 0.205424
1 0.754856 0.972574 0.761373 0.967357 0.763656 0.970532 0.757138 0.975749
1 0.689883 0.146238 0.694874 0.139742 0.697589 0.142065 0.692598 0.148561
1 0.106855 0.146889 0.113263 0.141588 0.115294 0.144322 0.108887 0.149624
1 0.962165 0.669654 0.967106 0.663417 0.969382 0.665425 0.964441 0.671662
1 0.954832 0.074139 0.959250 0.067868 0.961948 0.069984 0.957529 0.076255
1 0.411561 0.118904 0.417082 0.113648 0.419206 0.116132 0.413685 0.121388
1 0.526042 0.229406 0.530930 0.222996 0.533185 0.224911 0.528296 0.231321
1 0.259930 0.140111 0.264709 0.136115 0.266409 0.138378 0.261630 0.142375
1 0.864867 0.200602 0.870027 0.196296 0.871943 0.198853 0.866782 0.203158
1 0.777330 0.449617 0.781351 0.443734 0.783929 0.445697 0.779908 0.451579
1 0.573035 0.126521 0.576703 0.119467 0.579246 0.120939 0.575578 0.127993
1 0.210731 0.200176 0.216965 0.195418 0.218680 0.197920 0.212446 0.202678
1 0.550540 0.146608 0.556630 0.142337 0.558181 0.144800 0.552091 0.149071
1 0.536881 0.515796 0.543507 0.511618 0.545367 0.514904 0.538741 0.519082
1 0.552933 0.156326 0.557120 0.156814 0.556694 0.160889 0.552506 0.160401
1 0.027174 0.804513 0.032442 0.798184 0.034776 0.800348 0.029508 0.806677
1 0.932265 0.102484 0.937338 0.098143 0.939496 0.100952 0.934423 0.105293
1 0.112975 0.173426 0.108820 0.173161 0.109079 0.168642 0.113234 0.168907
1 0.361602 0.420348 0.360622 0.423663 0.351357 0.420613 0.352337 0.417298
1 0.976228 0.575203 0.982017 0.569426 0.983846 0.571467 0.978057 0.577244
1 0.387941 0.780834 0.393341 0.775498 0.395227 0.777624 0.389828 0.782960
1 0.695332 0.599863 0.704065 0.583968 0.708315 0.586569 0.699582 0.602463
1 0.716523 0.162332 0.722381 0.156897 0.724421 0.159346 0.718563 0.164781
1 0.817194 0.290444 0.820535 0.283836 0.823510 0.285511 0.820168 0.292119
1 0.323895 0.526750 0.329255 0.521758 0.331594 0.524555 0.326234 0.529547
1 0.716232 0.165391 0.721849 0.160064 0.723805 0.162360 0.718188 0.167688
1 0.704529 0.761843 0.709998 0.754540 0.712563 0.756679 0.707094 0.763982
1 0.685783 0.146265 0.689994 0.137494 0.692804 0.138996 0.688594 0.147767
1 0.602348 0.105496 0.606640 0.099565 0.609007 0.101472 0.604714 0.107404
1 0.292419 0.829482 0.298068 0.822488 0.300514 0.824688 0.294865 0.831682
1 0.727285 0.020976 0.731553 0.013840 0.734023 0.015486 0.729755 0.022621
1 0.276110 0.266880 0.282025 0.261387 0.284109 0.263886 0.278195 0.269380
1 0.573125 0.293149 0.579644 0.289316 0.581019 0.291920 0.574501 0.295754
1 0.379990 0.702755 0.386105 0.697173 0.388212 0.699743 0.382097 0.705325
1 0.238646 0.405259 0.243669 0.400002 0.245622 0.402081 0.240599 0.407337
1 0.295380 0.286168 0.303274 0.280494 0.305334 0.283685 0.297439 0.289360
1 0.723628 0.542746 0.727021 0.536061 0.729366 0.537386 0.725973 0.544071
1 0.512973 0.984373 0.516214 0.977776 0.518770 0.979174 0.515529 0.985772
1 0.765189 0.141801 0.771211 0.137722 0.773002 0.140667 0.766980 0.144746
1 0.649956 0.388485 0.655649 0.383293 0.657843 0.385973 0.652150 0.391165
1 0.556047 0.271335 0.562240 0.265842 0.563975 0.268020 0.557782 0.273514
1 0.415611 0.225047 0.421255 0.219841 0.423194 0.222182 0.417550 0.227388
1 0.768661 0.165591 0.775061 0.162394 0.776465 0.165524 0.770065 0.168720
1 0.297038 0.817508 0.301799 0.812061 0.303988 0.814191 0.299227 0.819639
3 0.252379 0.783918 0.256887 0.783919 0.256886 0.788199 0.252378 0.788198
1 0.411408 0.112123 0.417429 0.106360 0.419429 0.108686 0.413408 0.114449
1 0.335731 0.731604 0.340776 0.726206 0.342907 0.728424 0.337862 0.733822
1 0.572699 0.303535 0.578836 0.297060 0.581167 0.299521 0.575031 0.305996
1 0.267810 0.330763 0.273313 0.324239 0.275779 0.326556 0.270276 0.333079
1 0.971290 0.463341 0.977611 0.458608 0.979771 0.461820 0.973451 0.466554
1 0.874734 0.033503 0.879980 0.028629 0.881943 0.030983 0.876698 0.035856
1 0.414301 0.106052 0.419597 0.100143 0.421715 0.102258 0.416419 0.108166
1 0.520408 0.141105 0.526110 0.136297 0.527979 0.138766 0.522277 0.143574
1 0.780065 0.172301 0.785200 0.165485 0.787596 0.167496 0.782462 0.174312
1 0.796879 0.245961 0.792836 0.244118 0.795831 0.236801 0.799874 0.238645
1 0.494458 0.086305 0.489448 0.082671 0.492200 0.078446 0.497210 0.082081
1 0.092804 0.769565 0.099180 0.765184 0.101161 0.768394 0.094786 0.772776
1 0.325730 0.208683 0.328070 0.201837 0.330882 0.202908 0.328542 0.209754
1 0.770936 0.115261 0.776277 0.108500 0.779354 0.111206 0.774013 0.117967
1 0.238005 0.191841 0.244825 0.187445 0.246431 0.190221 0.239611 0.194616
1 0.671504 0.136340 0.678366 0.131535 0.680087 0.134272 0.673224 0.139076
1 0.600679 0.341375 0.605028 0.334544 0.607686 0.336429 0.603336 0.343260
1 0.100665 0.149180 0.098229 0.151884 0.092044 0.145679 0.094480 0.142975
1 0.756959 0.128240 0.763582 0.123331 0.765393 0.126053 0.758770 0.130962
1 0.648107 0.625207 0.648144 0.628782 0.644592 0.628823 0.644555 0.625248
1 0.981223 0.502463 0.986392 0.497709 0.988345 0.500074 0.983176 0.504828
1 0.563883 0.171548 0.561599 0.173742 0.557006 0.168415 0.559290 0.166221
1 0.808097 0.200274 0.814406 0.195492 0.816201 0.198131 0.809893 0.202912
1 0.782331 0.179731 0.788203 0.175503 0.789948 0.178201 0.784075 0.182429
1 0.551055 0.151616 0.556347 0.146665 0.558301 0.148992 0.553009 0.153943
1 0.784108 0.172041 0.790563 0.167948 0.792011 0.170491 0.785555 0.174583
1 0.391690 0.105294 0.395265 0.099226 0.397997 0.101019 0.394422 0.107087
1 0.052141 0.113600 0.057795 0.107870 0.060124 0.110430 0.054470 0.116159
1 0.405748 0.096894 0.411876 0.092324 0.413869 0.095299 0.407741 0.099870
1 0.550969 0.217469 0.556791 0.212489 0.558808 0.215116 0.552986 0.220095
1 0.658903 0.125637 0.665175 0.121832 0.666805 0.124824 0.660533 0.128629
1 0.143508 0.111781 0.148696 0.107340 0.150615 0.109835 0.145426 0.114277
1 0.732934 0.027095 0.737015 0.020582 0.739436 0.022271 0.735355 0.028784
1 0.366694 0.966094 0.371555 0.960945 0.373815 0.963322 0.368954 0.968470
1 0.555201 0.211822 0.560953 0.206990 0.563011 0.209718 0.557260 0.214550
1 0.456947 0.572719 0.464455 0.567804 0.466240 0.570842 0.458733 0.575757
1 0.456056 0.466128 0.464548 0.462108 0.466036 0.465609 0.457544 0.469628
1 0.754243 0.111716 0.761519 0.108868 0.762536 0.111762 0.755260 0.114610
1 0.248371 0.571510 0.254779 0.566428 0.256657 0.569066 0.250250 0.574148
1 0.794847 0.320961 0.800796 0.315547 0.803036 0.318288 0.797087 0.323702
1 0.522612 0.855654 0.525893 0.846754 0.529269 0.848140 0.525988 0.857040
1 0.503306 0.233148 0.508854 0.226812 0.511217 0.229116 0.505669 0.235453
1 0.811399 0.294725 0.817298 0.289546 0.819187 0.291942 0.813288 0.297120
1 0.847616 0.239313 0.852043 0.232784 0.854381 0.234548 0.849954 0.241078
1 0.150450 0.101962 0.154300 0.096262 0.156771 0.098121 0.152922 0.103821
1 0.269492 0.269744 0.274804 0.264173 0.276973 0.266476 0.271660 0.272047
1 0.128565 0.064994 0.133609 0.059608 0.135970 0.062070 0.130926 0.067456
1 0.187243 0.599814 0.194298 0.595632 0.195860 0.598568 0.188805 0.602750
1 0.749361 0.167251 0.755423 0.163226 0.756948 0.165784 0.750886 0.169809
1 0.671456 0.205288 0.677491 0.200667 0.679427 0.203484 0.673393 0.208105
1 0.351705 0.684089 0.356096 0.677947 0.358571 0.679918 0.354180 0.686059
1 0.795302 0.059704 0.800847 0.054975 0.802805 0.057532 0.797260 0.062261
1 0.318461 0.247731 0.324827 0.243104 0.326538 0.245726 0.320171 0.250353
1 0.896723 0.027107 0.900920 0.020801 0.903139 0.022446 0.898942 0.028752
1 0.794025 0.175517 0.800881 0.171513 0.802371 0.174356 0.795515 0.178359
1 0.411704 0.225654 0.415453 0.218180 0.418341 0.219794 0.414592 0.227267
1 0.293609 0.189852 0.299002 0.184191 0.301222 0.186547 0.295829 0.192207
1 0.261434 0.574750 0.268242 0.569344 0.270123 0.571981 0.263314 0.577386
1 0.573302 0.291024 0.579043 0.285456 0.581198 0.287930 0.575456 0.293498
1 0.376551 0.198022 0.383005 0.192808 0.384839 0.195336 0.378384 0.200550
1 0.296330 0.332547 0.301978 0.327353 0.303951 0.329742 0.298303 0.334937
1 0.712719 0.542929 0.710975 0.546288 0.703488 0.541960 0.705232 0.538601
1 0.105438 0.063725 0.110981 0.057372 0.113429 0.059751 0.107886 0.066104
1 0.694797 0.150822 0.699292 0.143384 0.702033 0.145228 0.697538 0.152666
1 0.982405 0.671362 0.987148 0.665639 0.989487 0.667798 0.984743 0.673520
1 0.257845 0.337531 0.263361 0.331586 0.265557 0.333855 0.260041 0.339800
1 0.679038 0.143138 0.685788 0.138805 0.687427 0.141649 0.680677 0.145982
1 0.009422 0.521937 0.015949 0.516692 0.018082 0.519648 0.011555 0.524893
1 0.334533 0.298742 0.339800 0.293492 0.341845 0.295777 0.336578 0.301026
1 0.077360 0.152861 0.083067 0.147351 0.085437 0.150085 0.079730 0.155595
1 0.613734 0.551540 0.618123 0.545303 0.621074 0.547616 0.616685 0.553853
1 0.752894 0.107010 0.760148 0.104195 0.761249 0.107353 0.753995 0.110168
1 0.371265 0.237354 0.375864 0.229793 0.378842 0.231811 0.374243 0.239371
1 0.664375 0.131021 0.670045 0.125650 0.672063 0.128021 0.666393 0.133393
1 0.170229 0.426026 0.176023 0.421709 0.177894 0.424506 0.172100 0.428823
1 0.013100 0.524830 0.018055 0.518388 0.020471 0.520457 0.015516 0.526899
1 0.364935 0.407676 0.372608 0.404428 0.373839 0.407666 0.366165 0.410914
1 0.651538 0.120760 0.657620 0.116338 0.659349 0.118987 0.653267 0.123409
1 0.989257 0.385886 0.992972 0.379319 0.995387 0.380840 0.991671 0.387408
1 0.769816 0.087262 0.776557 0.082674 0.778651 0.086100 0.771910 0.090688
1 0.788701 0.116089 0.794376 0.110972 0.796269 0.113310 0.790594 0.118427
1 0.615876 0.117790 0.621942 0.113326 0.623682 0.115960 0.617616 0.120424
1 0.345899 0.406808 0.350831 0.401400 0.353068 0.403672 0.348136 0.409080
1 0.768019 0.168268 0.775240 0.164032 0.777278 0.167900 0.770056 0.172136
1 0.775242 0.314921 0.779732 0.309341 0.782123 0.311484 0.777633 0.317064
1 0.115887 0.208531 0.122558 0.203320 0.124856 0.206597 0.118186 0.211808
1 0.408652 0.766562 0.413355 0.759576 0.415803 0.761412 0.411100 0.768397
1 0.305221 0.264286 0.310629 0.258205 0.312979 0.260532 0.307571 0.266613
1 0.017001 0.323999 0.022600 0.318117 0.024780 0.320428 0.019181 0.326310
1 0.134137 0.432283 0.138566 0.425759 0.140826 0.427468 0.136397 0.433992
1 0.600988 0.539658 0.606345 0.532164 0.609028 0.534300 0.603672 0.541794
1 0.810590 0.302204 0.810181 0.305666 0.802512 0.304655 0.802921 0.301194
1 0.347341 0.413006 0.354345 0.410073 0.355475 0.413076 0.348470 0.416009
1 0.668637 0.305325 0.674443 0.300497 0.676285 0.302964 0.670479 0.307792
1 0.512988 0.118982 0.519455 0.115196 0.521110 0.118344 0.514643 0.122130
1 0.981607 0.068119 0.979669 0.071495 0.973403 0.067488 0.975341 0.064112
1 0.089527 0.088699 0.094623 0.083767 0.096976 0.086473 0.091880 0.091406
1 0.516305 0.128602 0.522038 0.123683 0.523839 0.126021 0.518106 0.130940
2 0.791673 0.242102 0.786186 0.242056 0.786225 0.236956 0.791711 0.237002
1 0.772478 0.098623 0.777177 0.093506 0.779534 0.095915 0.774835 0.101033
1 0.737598 0.194277 0.735153 0.196456 0.730082 0.190122 0.732527 0.187942
1 0.478045 0.873751 0.478017 0.875884 0.473572 0.875820 0.473600 0.873687
1 0.681990 0.357159 0.686897 0.351053 0.690788 0.354536 0.685882 0.360641
1 0.839947 0.272918 0.837238 0.273275 0.836369 0.265914 0.839078 0.265558
1 0.407338 0.103879 0.412567 0.097390 0.414791 0.099386 0.409562 0.105875
4 0.631068 0.114337 0.634014 0.114337 0.634014 0.118884 0.631068 0.118884
4 0.940005 0.231023 0.943289 0.231023 0.943289 0.235577 0.940005 0.235577
4 0.938514 0.279965 0.941563 0.279965 0.941563 0.284669 0.938514 0.284669
4 0.157181 0.744478 0.160772 0.744478 0.160772 0.749172 0.157181 0.749172
4 0.244088 0.364550 0.247020 0.364550 0.247020 0.368857 0.244088 0.368857
4 0.281142 0.234663 0.283930 0.234663 0.283930 0.239270 0.281142 0.239270
4 0.868055 0.333800 0.870991 0.333800 0.870991 0.338067 0.868055 0.338067
4 0.922568 0.390790 0.925896 0.390790 0.925896 0.395337 0.922568 0.395337
3 0.694481 0.086375 0.698962 0.086375 0.698962 0.090828 0.694481 0.090828
3 0.652355 0.134367 0.657061 0.134367 0.657061 0.138718 0.652355 0.138718
3 0.638594 0.347850 0.642874 0.347850 0.642874 0.352035 0.638594 0.352035
3 0.719362 0.352408 0.723480 0.352408 0.723480 0.356524 0.719362 0.356524
3 0.554982 0.411305 0.559366 0.411305 0.559366 0.415674 0.554982 0.415674
3 0.920027 0.209511 0.924992 0.209511 0.924992 0.214397 0.920027 0.214397
3 0.554846 0.574310 0.558914 0.574310 0.558914 0.578196 0.554846 0.578196
3 0.353922 0.476935 0.357899 0.476935 0.357899 0.480816 0.353922 0.480816
3 0.294513 0.506223 0.298262 0.506223 0.298262 0.509933 0.294513 0.509933
3 0.138162 0.334989 0.142983 0.334989 0.142983 0.339373 0.138162 0.339373
3 0.170321 0.353169 0.173202 0.353169 0.173202 0.356068 0.170321 0.356068
3 0.144918 0.027659 0.148654 0.027659 0.148654 0.031542 0.144918 0.031542
3 0.460504 0.013169 0.464742 0.013169 0.464742 0.017762 0.460504 0.017762
3 0.067790 0.694798 0.073288 0.694798 0.073288 0.700708 0.067790 0.700708
3 0.285219 0.739922 0.289381 0.739922 0.289381 0.744015 0.285219 0.744015
3 0.300932 0.815103 0.305536 0.815103 0.305536 0.820042 0.300932 0.820042
3 0.906496 0.822796 0.910187 0.822796 0.910187 0.826555 0.906496 0.826555
3 0.966736 0.669163 0.971475 0.669163 0.971475 0.673810 0.966736 0.673810
1 0.969966 0.033345 0.976482 0.029565 0.978132 0.032732 0.971616 0.036512
1 0.981964 0.036753 0.976702 0.042059 0.973844 0.038903 0.979107 0.033597
1 0.984496 0.043177 0.978892 0.049676 0.976468 0.047348 0.982072 0.040849
1 0.986587 0.049195 0.982539 0.056139 0.980017 0.054502 0.984065 0.047558
1 0.750254 0.048248 0.745480 0.053556 0.743186 0.051259 0.747960 0.045951
1 0.960712 0.020824 0.966095 0.017880 0.967483 0.020705 0.962101 0.023650
1 0.958554 0.030536 0.957839 0.037711 0.954489 0.037339 0.955204 0.030164
1 0.987557 0.057590 0.994450 0.056176 0.995026 0.059303 0.988133 0.060717
1 0.995978 0.068015 0.988273 0.070815 0.987009 0.066940 0.994713 0.064140
1 0.864402 0.036836 0.870474 0.033211 0.872100 0.036243 0.866027 0.039868
1 0.747368 0.062843 0.754008 0.058878 0.755535 0.061725 0.748894 0.065690
1 0.481364 0.038256 0.486606 0.032467 0.488902 0.034782 0.483660 0.040571
1 0.492152 0.038510 0.486350 0.043666 0.484057 0.040792 0.489858 0.035636
1 0.451623 0.043784 0.456874 0.038635 0.459060 0.041117 0.453809 0.046266
1 0.601084 0.058799 0.606400 0.053871 0.608348 0.056211 0.603032 0.061139
1 0.598049 0.075883 0.603493 0.070800 0.605443 0.073126 0.599999 0.078209
1 0.598276 0.083803 0.603422 0.078504 0.605502 0.080753 0.600356 0.086052
1 0.608449 0.085321 0.602244 0.090078 0.600078 0.086931 0.606283 0.082174
1 0.627810 0.098979 0.621375 0.102868 0.619853 0.100063 0.626288 0.096174
1 0.636865 0.099021 0.629714 0.103343 0.628141 0.100444 0.635292 0.096122
1 0.644717 0.099143 0.637896 0.103052 0.636382 0.100110 0.643204 0.096201
1 0.652418 0.098345 0.645624 0.102451 0.643965 0.099392 0.650758 0.095287
1 0.656058 0.097843 0.660120 0.091294 0.662685 0.093065 0.658623 0.099614
1 0.663353 0.096999 0.668015 0.091667 0.670261 0.093853 0.665599 0.099185
1 0.603678 0.101739 0.598260 0.108270 0.595766 0.105966 0.601184 0.099435
1 0.609333 0.104235 0.614314 0.096730 0.616578 0.098403 0.611597 0.105908
1 0.586043 0.107135 0.591695 0.101455 0.593699 0.103676 0.588047 0.109355
1 0.586897 0.123672 0.581398 0.130514 0.578501 0.127921 0.584001 0.121079
1 0.574434 0.126912 0.579356 0.120476 0.581612 0.122397 0.576690 0.128833
1 0.563798 0.123251 0.569898 0.118591 0.571597 0.121068 0.565497 0.125728
1 0.557173 0.119336 0.563624 0.114639 0.565284 0.117177 0.558833 0.121874
1 0.551897 0.118481 0.558420 0.113820 0.560045 0.116354 0.553522 0.121015
1 0.546073 0.117504 0.551581 0.112574 0.553575 0.115056 0.548068 0.119985
1 0.559738 0.157506 0.553236 0.163576 0.551310 0.161279 0.557812 0.155209
1 0.562994 0.162843 0.557188 0.169346 0.554763 0.166936 0.560569 0.160433
1 0.552734 0.174338 0.558436 0.169271 0.560294 0.171599 0.554592 0.176666
1 0.562815 0.176916 0.557037 0.182087 0.555173 0.179767 0.560951 0.174596
1 0.563641 0.187151 0.557100 0.191184 0.555649 0.188564 0.562190 0.184530
1 0.568663 0.198865 0.562635 0.203711 0.560733 0.201076 0.566761 0.196231
1 0.553549 0.228632 0.560089 0.223298 0.561958 0.225850 0.555418 0.231184
1 0.556588 0.222079 0.550566 0.227280 0.548485 0.224597 0.554507 0.219395
1 0.550343 0.218318 0.544426 0.223502 0.542302 0.220802 0.548219 0.215619
1 0.541258 0.222596 0.534791 0.226893 0.533141 0.224128 0.539608 0.219830
1 0.527337 0.241225 0.532954 0.235888 0.534924 0.238198 0.529307 0.243534
1 0.544234 0.259479 0.549676 0.253953 0.551719 0.256193 0.546276 0.261719
1 0.547208 0.263926 0.553132 0.258297 0.555166 0.260681 0.549242 0.266310
1 0.558335 0.266224 0.552495 0.271831 0.550612 0.269648 0.556452 0.264040
1 0.568266 0.270451 0.561073 0.275668 0.558929 0.272375 0.566121 0.267158
1 0.993889 0.425214 0.988158 0.431055 0.985853 0.428536 0.991585 0.422695
1 0.988522 0.449542 0.982519 0.455346 0.979459 0.451822 0.985462 0.446017
1 0.979429 0.472696 0.972395 0.476642 0.970596 0.473072 0.977630 0.469126
1 0.991947 0.398793 0.987109 0.405471 0.984405 0.403290 0.989244 0.396612
1 0.954326 0.983797 0.949205 0.989654 0.947290 0.987789 0.952410 0.981932
1 0.960818 0.988098 0.955726 0.994687 0.952977 0.992321 0.958069 0.985732
1 0.954105 0.992573 0.947739 0.997580 0.945870 0.994933 0.952236 0.989926
1 0.950465 0.992389 0.944193 0.997486 0.942021 0.994509 0.948293 0.989412
1 0.966886 0.943433 0.972399 0.937989 0.974640 0.940517 0.969128 0.945961
1 0.973719 0.930176 0.979710 0.924871 0.981761 0.927450 0.975770 0.932755
1 0.987954 0.574561 0.980410 0.580115 0.978024 0.576506 0.985568 0.570952
1 0.987146 0.560695 0.980639 0.567560 0.978276 0.565066 0.984783 0.558200
1 0.988437 0.545584 0.983186 0.553556 0.980462 0.551558 0.985712 0.543586
1 0.976351 0.506971 0.982817 0.503235 0.984579 0.506631 0.978114 0.510367
1 0.989415 0.488878 0.983589 0.494611 0.981504 0.492251 0.987330 0.486518
1 0.986721 0.478287 0.981130 0.484272 0.978588 0.481628 0.984180 0.475643
1 0.980715 0.147464 0.975598 0.152959 0.973281 0.150556 0.978397 0.145061
1 0.972231 0.133153 0.978754 0.129049 0.980399 0.131961 0.973876 0.136065
1 0.907105 0.267370 0.901038 0.272818 0.898839 0.270092 0.904906 0.264643
1 0.680121 0.343861 0.674315 0.350667 0.671864 0.348338 0.677670 0.341533
1 0.693874 0.344175 0.699326 0.338048 0.701556 0.340259 0.696104 0.346386
1 0.726553 0.320549 0.720559 0.327333 0.717764 0.324583 0.723758 0.317799
4 0.820116 0.259530 0.822913 0.259530 0.822913 0.263754 0.820116 0.263754
1 0.773272 0.295241 0.767229 0.301487 0.764209 0.298232 0.770252 0.291986
1 0.713422 0.337494 0.707808 0.343607 0.705237 0.340978 0.710851 0.334865
3 0.824632 0.143411 0.829103 0.143411 0.829103 0.147758 0.824632 0.147758
4 0.826594 0.015308 0.832379 0.015308 0.832379 0.019739 0.826594 0.019739
4 0.021029 0.133217 0.026958 0.133217 0.026958 0.137697 0.021029 0.137697
3 0.133408 0.263068 0.137660 0.263068 0.137660 0.266868 0.133408 0.266868
1 0.135492 0.259052 0.129307 0.264394 0.127145 0.261607 0.133330 0.256264
1 0.143103 0.252743 0.148644 0.247730 0.150426 0.249925 0.144885 0.254937
1 0.193238 0.261794 0.199276 0.257464 0.201270 0.260560 0.195232 0.264890
1 0.204366 0.265683 0.197310 0.269642 0.195242 0.265537 0.202298 0.261578
1 0.215421 0.196357 0.209566 0.202099 0.207229 0.199445 0.213084 0.193703
1 0.223419 0.201457 0.216548 0.205763 0.214603 0.202306 0.221474 0.198000
1 0.238580 0.245488 0.244145 0.240400 0.246424 0.243176 0.240858 0.248264
1 0.268541 0.254422 0.262210 0.259567 0.259885 0.256382 0.266217 0.251236
1 0.255947 0.254242 0.261537 0.248837 0.263632 0.251250 0.258043 0.256655
1 0.329480 0.317727 0.335095 0.312594 0.337226 0.315189 0.331611 0.320323
1 0.417767 0.395065 0.413504 0.402828 0.410875 0.401220 0.415139 0.393458
1 0.412722 0.394191 0.407831 0.400797 0.405272 0.398687 0.410163 0.392081
3 0.372397 0.410458 0.376331 0.410458 0.376331 0.414379 0.372397 0.414379
3 0.320976 0.447937 0.325144 0.447937 0.325144 0.452160 0.320976 0.452160
3 0.499091 0.522591 0.504499 0.522591 0.504499 0.527469 0.499091 0.527469
4 0.435276 0.667129 0.438140 0.667129 0.438140 0.671775 0.435276 0.671775
1 0.721469 0.333109 0.715993 0.339436 0.713099 0.336648 0.718575 0.330320
1 0.652144 0.350047 0.647174 0.357510 0.644706 0.355680 0.649676 0.348217
1 0.621718 0.348570 0.628035 0.342857 0.630284 0.345625 0.623967 0.351339
1 0.574571 0.345258 0.580150 0.338946 0.582730 0.341486 0.577152 0.347798
1 0.585316 0.346660 0.578507 0.352055 0.576212 0.348830 0.583022 0.343435
1 0.594102 0.373927 0.587708 0.379509 0.584976 0.376023 0.591369 0.370442
1 0.616453 0.404028 0.610626 0.409988 0.608140 0.407281 0.613968 0.401321
1 0.631284 0.437914 0.637063 0.432128 0.638979 0.434259 0.633200 0.440045
1 0.624060 0.507325 0.619151 0.514507 0.615891 0.512026 0.620800 0.504844
1 0.023169 0.587104 0.018195 0.592953 0.016056 0.590927 0.021030 0.585078
1 0.043076 0.570149 0.037547 0.576169 0.035297 0.573868 0.040826 0.567848
1 0.032877 0.568564 0.040058 0.564884 0.041390 0.567778 0.034209 0.571458
1 0.031114 0.558902 0.036007 0.553126 0.038046 0.555050 0.033153 0.560826
1 0.028564 0.562444 0.034532 0.557180 0.037092 0.560412 0.031124 0.565677
1 0.198867 0.603800 0.191384 0.608286 0.189357 0.604522 0.196840 0.600036
1 0.254562 0.593357 0.260842 0.588087 0.262460 0.590234 0.256180 0.595504
1 0.535049 0.152689 0.529542 0.158459 0.527311 0.156087 0.532818 0.150317
1 0.536480 0.159236 0.531274 0.165623 0.528912 0.163479 0.534118 0.157092
1 0.541968 0.169447 0.537082 0.175441 0.534547 0.173139 0.539433 0.167145
1 0.079128 0.104394 0.085631 0.099748 0.087394 0.102495 0.080890 0.107142
1 0.108614 0.077966 0.102267 0.082851 0.100307 0.080015 0.106654 0.075130
1 0.088136 0.071597 0.094425 0.066632 0.096414 0.069438 0.090125 0.074403
1 0.537041 0.293258 0.542098 0.286761 0.544466 0.288812 0.539408 0.295310
1 0.479611 0.255996 0.484093 0.249741 0.486561 0.251712 0.482079 0.257966
4 0.008028 0.679982 0.011918 0.679982 0.011918 0.684861 0.008028 0.684861
3 0.954516 0.850496 0.958889 0.850496 0.958889 0.855271 0.954516 0.855271
1 0.382256 0.630876 0.388310 0.626218 0.390064 0.628756 0.384010 0.633414
1 0.414230 0.604305 0.407145 0.609598 0.404802 0.606106 0.411888 0.600813
1 0.405241 0.601517 0.409240 0.596926 0.411431 0.599052 0.407432 0.603642
1 0.426650 0.604054 0.431218 0.598227 0.433683 0.600379 0.429115 0.606205
1 0.429766 0.603374 0.437192 0.601259 0.438087 0.604759 0.430661 0.606874
1 0.240920 0.539066 0.234660 0.545013 0.232344 0.542298 0.238604 0.536351
4 0.474633 0.820581 0.479215 0.820581 0.479215 0.824377 0.474633 0.824377
1 0.765625 0.953309 0.758504 0.959438 0.755843 0.955995 0.762964 0.949866
1 0.760590 0.951223 0.754995 0.957802 0.752795 0.955719 0.758389 0.949140
1 0.689170 0.990958 0.683078 0.995629 0.680631 0.992075 0.686723 0.987404
1 0.685063 0.988529 0.679705 0.994786 0.677244 0.992439 0.682602 0.986182
1 0.281986 0.160241 0.275196 0.165002 0.272956 0.161444 0.279746 0.156683
1 0.268984 0.158992 0.274923 0.153563 0.277099 0.156214 0.271160 0.161643
1 0.257473 0.139183 0.263590 0.134511 0.265418 0.137176 0.259301 0.141849
1 0.223256 0.148355 0.230883 0.146378 0.231608 0.149493 0.223981 0.151470
1 0.235661 0.108857 0.230433 0.115670 0.227866 0.113477 0.233094 0.106663
1 0.230759 0.087055 0.237902 0.083604 0.239286 0.086796 0.232143 0.090247
1 0.227923 0.086447 0.233713 0.080848 0.236054 0.083544 0.230264 0.089143
1 0.116668 0.023316 0.122861 0.017832 0.124718 0.020167 0.118525 0.025652
3 0.656160 0.290493 0.660507 0.290493 0.660507 0.294646 0.656160 0.294646
1 0.113630 0.028420 0.107895 0.034083 0.105626 0.031524 0.111361 0.025861
1 0.128727 0.024785 0.121954 0.031288 0.118705 0.027520 0.125478 0.021017
3 0.607325 0.295248 0.611498 0.295248 0.611498 0.299694 0.607325 0.299694
3 0.602732 0.390781 0.606625 0.390781 0.606625 0.394771 0.602732 0.394771
3 0.585020 0.390203 0.589679 0.390203 0.589679 0.395211 0.585020 0.395211
3 0.562516 0.505891 0.566935 0.505891 0.566935 0.510325 0.562516 0.510325
3 0.737882 0.042323 0.742082 0.042323 0.742082 0.047052 0.737882 0.047052
4 0.942178 0.673056 0.945698 0.673056 0.945698 0.677477 0.942178 0.677477
4 0.979151 0.867647 0.982375 0.867647 0.982375 0.872160 0.979151 0.872160
4 0.054833 0.484671 0.057953 0.484671 0.057953 0.489013 0.054833 0.489013
