1 0.438540 0.253574 0.432809 0.259307 0.430564 0.256812 0.436294 0.251079
3 0.961436 0.066262 0.965351 0.066262 0.965351 0.070839 0.961436 0.070839
1 0.876847 0.633790 0.869833 0.632138 0.870441 0.629269 0.877455 0.630922
1 0.973855 0.167336 0.968922 0.171577 0.966914 0.168983 0.971847 0.164742
1 0.429702 0.223969 0.424210 0.228913 0.422350 0.226617 0.427842 0.221673
1 0.942002 0.706301 0.936102 0.710820 0.934404 0.708356 0.940304 0.703837
1 0.403335 0.189426 0.398922 0.195254 0.396698 0.193383 0.401112 0.187554
1 0.418082 0.199870 0.411830 0.205599 0.409516 0.202793 0.415768 0.197064
3 0.487991 0.119281 0.492207 0.119281 0.492207 0.123954 0.487991 0.123954
4 0.110783 0.362146 0.114780 0.362146 0.114780 0.368661 0.110783 0.368661
1 0.774259 0.647780 0.780451 0.642455 0.783219 0.646032 0.777026 0.651357
1 0.882935 0.057755 0.888348 0.053138 0.891577 0.057344 0.886164 0.061962
1 0.728554 0.088494 0.735968 0.084276 0.738527 0.089275 0.731113 0.093493
1 0.381335 0.246052 0.387058 0.240632 0.390447 0.244608 0.384724 0.250029
1 0.350580 0.174829 0.356641 0.169498 0.358846 0.172283 0.352785 0.177615
1 0.639116 0.042583 0.647037 0.040839 0.647606 0.043709 0.639685 0.045453
1 0.690736 0.129956 0.695445 0.124914 0.697685 0.127240 0.692977 0.132281
1 0.594659 0.217116 0.600251 0.212326 0.602281 0.214959 0.596689 0.219749
1 0.494137 0.434097 0.499556 0.428168 0.502010 0.430661 0.496591 0.436589
1 0.731536 0.053626 0.736818 0.049034 0.738709 0.051452 0.733428 0.056044
1 0.565272 0.206033 0.571316 0.201913 0.572976 0.204621 0.566933 0.208740
1 0.409707 0.520422 0.414675 0.518372 0.415660 0.521027 0.410693 0.523076
1 0.267067 0.081763 0.273151 0.076618 0.275070 0.079140 0.268985 0.084285
11 0.330576 0.598056 0.335873 0.598073 0.335860 0.602666 0.330563 0.602649
1 0.666149 0.158908 0.671658 0.153198 0.673780 0.155473 0.668271 0.161183
1 0.933578 0.045103 0.938438 0.041530 0.939939 0.043799 0.935079 0.047372
1 0.192612 0.013887 0.198560 0.007829 0.200643 0.010102 0.194695 0.016160
1 0.056119 0.710994 0.060656 0.706219 0.062727 0.708405 0.058190 0.713181
1 0.602543 0.195567 0.609164 0.191412 0.610749 0.194217 0.604128 0.198372
1 0.716152 0.293781 0.721139 0.288343 0.722968 0.290208 0.717981 0.295646
1 0.085825 0.274365 0.088220 0.277325 0.083357 0.281696 0.080963 0.278736
1 0.877011 0.545682 0.879611 0.538238 0.882394 0.539318 0.879795 0.546762
1 0.128091 0.852421 0.127320 0.854986 0.122366 0.853334 0.123136 0.850768
1 0.394788 0.361047 0.400534 0.356298 0.402550 0.359008 0.396804 0.363757
1 0.759960 0.162961 0.767452 0.159599 0.768690 0.162665 0.761198 0.166027
1 0.680551 0.243484 0.686225 0.236885 0.688690 0.239241 0.683016 0.245839
1 0.794049 0.149284 0.799259 0.145178 0.801059 0.147717 0.795849 0.151822
1 0.660756 0.494992 0.667490 0.491732 0.668918 0.495011 0.662184 0.498271
1 0.064430 0.123405 0.070567 0.118345 0.072518 0.120973 0.066381 0.126034
1 0.504289 0.303108 0.509201 0.298500 0.511540 0.301270 0.506629 0.305879
11 0.676967 0.940540 0.682499 0.940619 0.682425 0.946334 0.676893 0.946254
1 0.087107 0.477904 0.085594 0.480281 0.076720 0.474003 0.078234 0.471626
1 0.533252 0.140215 0.531732 0.142103 0.527344 0.138176 0.528864 0.136288
1 0.173292 0.386680 0.177687 0.379294 0.180305 0.381026 0.175910 0.388411
1 0.377228 0.486348 0.382499 0.480720 0.385008 0.483331 0.379737 0.488959
1 0.611253 0.049483 0.618852 0.046798 0.619835 0.049890 0.612236 0.052575
1 0.587681 0.233214 0.592633 0.227071 0.594779 0.228994 0.589827 0.235137
1 0.581619 0.064190 0.590145 0.059734 0.591740 0.063128 0.583214 0.067583
1 0.266446 0.107880 0.272455 0.103161 0.273984 0.105324 0.267975 0.110044
1 0.622199 0.235246 0.628079 0.231869 0.629415 0.234455 0.623535 0.237831
1 0.170350 0.021287 0.177016 0.015391 0.179053 0.017950 0.172387 0.023846
3 0.477718 0.291481 0.482624 0.291631 0.482490 0.296505 0.477584 0.296355
1 0.703608 0.501085 0.708885 0.495911 0.711069 0.498385 0.705792 0.503560
1 0.673978 0.234654 0.679327 0.229619 0.681182 0.231808 0.675832 0.236844
1 0.343062 0.129138 0.349492 0.125156 0.350931 0.127738 0.344502 0.131721
1 0.748421 0.256667 0.752678 0.251712 0.754951 0.253882 0.750694 0.258837
1 0.091778 0.006563 0.099279 0.001616 0.101054 0.004606 0.093553 0.009553
1 0.715100 0.185607 0.720987 0.180897 0.722901 0.183557 0.717015 0.188267
1 0.345339 0.143588 0.351530 0.138996 0.353255 0.141580 0.347065 0.146173
1 0.456641 0.247534 0.462146 0.242252 0.464260 0.244701 0.458755 0.249982
1 0.307214 0.221942 0.311966 0.217100 0.314088 0.219414 0.309336 0.224256
3 0.754861 0.059485 0.754808 0.055316 0.759010 0.055257 0.759063 0.059426
1 0.558694 0.247664 0.564474 0.242838 0.566664 0.245753 0.560884 0.250579
1 0.689306 0.205688 0.695054 0.200445 0.697073 0.202904 0.691325 0.208148
1 0.264726 0.103455 0.270130 0.097372 0.272350 0.099563 0.266946 0.105647
1 0.017853 0.350391 0.021942 0.343219 0.024778 0.345016 0.020688 0.352188
1 0.538822 0.265915 0.545613 0.260027 0.547891 0.262947 0.541100 0.268834
1 0.203028 0.105957 0.207216 0.098540 0.209933 0.100245 0.205745 0.107662
1 0.674653 0.331026 0.677588 0.323722 0.680721 0.325122 0.677786 0.332425
1 0.357685 0.156423 0.363542 0.151336 0.365630 0.154009 0.359774 0.159096
1 0.343569 0.154732 0.349661 0.149392 0.351582 0.151828 0.345490 0.157168
1 0.172741 0.029030 0.178152 0.023377 0.180393 0.025761 0.174982 0.031414
4 0.248488 0.070065 0.248598 0.075235 0.244789 0.075325 0.244679 0.070155
1 0.774100 0.155308 0.779558 0.150306 0.781556 0.152729 0.776098 0.157730
1 0.787231 0.820940 0.792303 0.816119 0.794116 0.818238 0.789044 0.823060
1 0.974420 0.786151 0.981084 0.782751 0.982376 0.785566 0.975712 0.788966
1 0.842890 0.160277 0.848472 0.155301 0.850318 0.157602 0.844736 0.162578
1 0.566105 0.197705 0.571359 0.192473 0.573540 0.194907 0.568286 0.200139
1 0.663031 0.235554 0.668592 0.231342 0.670128 0.233596 0.664567 0.237808
1 0.303195 0.202747 0.308270 0.197175 0.310509 0.199441 0.305434 0.205013
1 0.013260 0.187101 0.018654 0.180905 0.021060 0.183232 0.015666 0.189428
1 0.710485 0.489821 0.715471 0.484081 0.717852 0.486379 0.712866 0.492119
1 0.280196 0.095095 0.284592 0.087740 0.287164 0.089448 0.282768 0.096803
1 0.285222 0.182947 0.290372 0.176854 0.292603 0.178949 0.287453 0.185042
1 0.654545 0.493067 0.659791 0.487156 0.662183 0.489514 0.656937 0.495426
1 0.684614 0.469987 0.690136 0.464811 0.692175 0.467228 0.686653 0.472404
1 0.170188 0.187208 0.175149 0.181877 0.177948 0.184771 0.172986 0.190102
1 0.065619 0.118672 0.071290 0.112251 0.073711 0.114627 0.068040 0.121048
1 0.860848 0.591000 0.867120 0.586906 0.869007 0.590120 0.862736 0.594214
1 0.044361 0.884121 0.050151 0.879698 0.052103 0.882538 0.046314 0.886961
1 0.017426 0.246011 0.022295 0.239412 0.025066 0.241684 0.020197 0.248283
1 0.011331 0.128239 0.017111 0.122447 0.019478 0.125072 0.013699 0.130864
1 0.736426 0.018521 0.741061 0.011770 0.743445 0.013589 0.738809 0.020340
1 0.285801 0.131472 0.290349 0.125106 0.292668 0.126947 0.288121 0.133313
1 0.763801 0.859407 0.768818 0.853793 0.771079 0.856039 0.766063 0.861653
1 0.500256 0.432632 0.505414 0.427182 0.507685 0.429571 0.502527 0.435020
1 0.428373 0.195895 0.434286 0.190912 0.436187 0.193420 0.430274 0.198402
1 0.228138 0.212527 0.233842 0.207840 0.235634 0.210264 0.229930 0.214951
1 0.568353 0.330149 0.574009 0.325224 0.575967 0.327722 0.570310 0.332647
1 0.687861 0.473358 0.693563 0.467987 0.695567 0.470351 0.689865 0.475723
1 0.962826 0.782497 0.968238 0.776191 0.970558 0.778404 0.965146 0.784710
3 0.469453 0.432529 0.469459 0.436973 0.465320 0.436979 0.465314 0.432535
1 0.893693 0.035496 0.898590 0.029988 0.901279 0.032644 0.896381 0.038153
1 0.517508 0.016647 0.523602 0.011206 0.525496 0.013563 0.519403 0.019005
3 0.162408 0.805373 0.166190 0.805420 0.166148 0.809163 0.162366 0.809116
1 0.418775 0.216406 0.424618 0.211518 0.426504 0.214023 0.420661 0.218910
3 0.855861 0.079871 0.852240 0.079846 0.852265 0.075853 0.855886 0.075878
1 0.490619 0.414707 0.496382 0.409198 0.498585 0.411759 0.492822 0.417268
1 0.204030 0.344028 0.209041 0.338995 0.211205 0.341390 0.206194 0.346423
1 0.791032 0.412708 0.796366 0.407775 0.798352 0.410162 0.793018 0.415095
1 0.682653 0.244328 0.690449 0.241551 0.691759 0.245639 0.683964 0.248415
1 0.769509 0.578118 0.775892 0.572983 0.777829 0.575658 0.771446 0.580794
1 0.582180 0.530264 0.587948 0.525815 0.589847 0.528552 0.584079 0.533000
3 0.537117 0.394495 0.537127 0.399107 0.532747 0.399117 0.532737 0.394505
3 0.667631 0.067310 0.667634 0.071166 0.663937 0.071169 0.663935 0.067313
3 0.332351 0.492723 0.336587 0.492769 0.336544 0.497137 0.332308 0.497091
3 0.518159 0.320816 0.514209 0.320780 0.514242 0.316747 0.518192 0.316783
4 0.529357 0.243613 0.526005 0.243611 0.526007 0.240089 0.529359 0.240091
3 0.807730 0.240581 0.802930 0.240549 0.802958 0.235922 0.807758 0.235955
3 0.535380 0.213221 0.531421 0.213163 0.531474 0.209148 0.535433 0.209206
3 0.433750 0.287038 0.438142 0.287038 0.438142 0.291377 0.433750 0.291377
3 0.357313 0.149876 0.361706 0.149876 0.361706 0.154178 0.357313 0.154178
2 0.206040 0.512773 0.212613 0.512773 0.212613 0.517670 0.206040 0.517670
3 0.363507 0.416987 0.367719 0.416987 0.367719 0.421069 0.363507 0.421069
4 0.436281 0.257967 0.439589 0.257967 0.439589 0.262305 0.436281 0.262305
4 0.931911 0.779975 0.935427 0.779975 0.935427 0.784704 0.931911 0.784704
4 0.819763 0.735954 0.822902 0.735954 0.822902 0.740694 0.819763 0.740694
4 0.327151 0.239904 0.330215 0.239904 0.330215 0.244423 0.327151 0.244423
4 0.900185 0.222238 0.903426 0.222238 0.903426 0.226717 0.900185 0.226717
4 0.437467 0.021661 0.441216 0.021661 0.441216 0.026346 0.437467 0.026346
4 0.460791 0.075172 0.464007 0.075172 0.464007 0.079834 0.460791 0.079834
4 0.646243 0.266530 0.649526 0.266530 0.649526 0.271285 0.646243 0.271285
4 0.590499 0.215646 0.594054 0.215646 0.594054 0.220521 0.590499 0.220521
4 0.525895 0.240055 0.529511 0.240055 0.529511 0.244529 0.525895 0.244529
4 0.202563 0.144586 0.205542 0.144586 0.205542 0.149292 0.202563 0.149292
4 0.715472 0.074334 0.718425 0.074334 0.718425 0.079019 0.715472 0.079019
4 0.033814 0.217385 0.036916 0.217385 0.036916 0.222256 0.033814 0.222256
4 0.038697 0.288042 0.042022 0.288042 0.042022 0.292404 0.038697 0.292404
4 0.861444 0.891199 0.864720 0.891199 0.864720 0.895797 0.861444 0.895797
11 0.737692 0.128251 0.745223 0.128251 0.745223 0.140825 0.737692 0.140825
4 0.145791 0.030652 0.148858 0.030652 0.148858 0.035499 0.145791 0.035499
4 0.042874 0.131794 0.046019 0.131794 0.046019 0.136562 0.042874 0.136562
4 0.231921 0.483630 0.235707 0.483630 0.235707 0.488244 0.231921 0.488244
4 0.212298 0.455057 0.216124 0.455057 0.216124 0.460322 0.212298 0.460322
2 0.353851 0.547647 0.360346 0.547647 0.360346 0.552461 0.353851 0.552461
4 0.732790 0.247243 0.735959 0.247243 0.735959 0.251593 0.732790 0.251593
4 0.816208 0.187057 0.819348 0.187057 0.819348 0.191997 0.816208 0.191997
4 0.752704 0.356172 0.755996 0.356172 0.755996 0.361119 0.752704 0.361119
4 0.391317 0.214678 0.394575 0.214678 0.394575 0.219370 0.391317 0.219370
4 0.381614 0.190990 0.384699 0.190990 0.384699 0.195822 0.381614 0.195822
4 0.974081 0.370443 0.977477 0.370443 0.977477 0.374949 0.974081 0.374949
4 0.963478 0.189573 0.966728 0.189573 0.966728 0.194228 0.963478 0.194228
4 0.755999 0.834483 0.759204 0.834483 0.759204 0.839377 0.755999 0.839377
11 0.272388 0.552270 0.279476 0.552270 0.279476 0.557507 0.272388 0.557507
11 0.194184 0.667229 0.198975 0.667229 0.198975 0.671406 0.194184 0.671406
11 0.189555 0.660692 0.200470 0.660692 0.200470 0.667174 0.189555 0.667174
3 0.379842 0.485237 0.384112 0.485237 0.384112 0.489377 0.379842 0.489377
4 0.121263 0.503258 0.124983 0.503258 0.124983 0.507888 0.121263 0.507888
4 0.013319 0.950319 0.016812 0.950319 0.016812 0.954922 0.013319 0.954922
2 0.116354 0.386388 0.122860 0.386388 0.122860 0.391059 0.116354 0.391059
4 0.008028 0.903453 0.011533 0.903453 0.011533 0.908068 0.008028 0.908068
2 0.951639 0.332764 0.957331 0.332764 0.957331 0.337263 0.951639 0.337263
11 0.375658 0.583575 0.398311 0.594207 0.395665 0.600473 0.373012 0.589841
11 0.353791 0.564451 0.367833 0.576872 0.363165 0.582737 0.349123 0.570316
11 0.342687 0.561590 0.350094 0.561590 0.350094 0.567217 0.342687 0.567217
11 0.923991 0.395942 0.934656 0.395942 0.934656 0.405914 0.923991 0.405914
11 0.916096 0.395630 0.924876 0.395518 0.924993 0.405644 0.916213 0.405757
11 0.921659 0.405754 0.934263 0.405754 0.934263 0.412342 0.921659 0.412342
3 0.107061 0.634550 0.110924 0.634550 0.110924 0.638814 0.107061 0.638814
3 0.552620 0.485705 0.557175 0.485705 0.557175 0.490386 0.552620 0.490386
3 0.642170 0.686287 0.646110 0.686287 0.646110 0.690583 0.642170 0.690583
3 0.904763 0.075855 0.909557 0.075855 0.909557 0.080505 0.904763 0.080505
3 0.700830 0.157157 0.705746 0.157157 0.705746 0.161643 0.700830 0.161643
3 0.659953 0.144724 0.664054 0.144724 0.664054 0.149242 0.659953 0.149242
3 0.666166 0.133658 0.670516 0.133658 0.670516 0.137744 0.666166 0.137744
3 0.226579 0.318715 0.231690 0.318715 0.231690 0.324136 0.226579 0.324136
3 0.302838 0.428290 0.307143 0.428290 0.307143 0.432519 0.302838 0.432519
3 0.485932 0.519263 0.490741 0.519263 0.490741 0.524832 0.485932 0.524832
3 0.474384 0.502036 0.478932 0.502036 0.478932 0.506880 0.474384 0.506880
3 0.479338 0.485179 0.484128 0.485179 0.484128 0.489435 0.479338 0.489435
3 0.298347 0.481241 0.303297 0.481241 0.303297 0.485995 0.298347 0.485995
3 0.555425 0.422718 0.560237 0.422718 0.560237 0.428125 0.555425 0.428125
3 0.531448 0.342511 0.536147 0.342511 0.536147 0.346965 0.531448 0.346965
3 0.808603 0.205968 0.812892 0.205968 0.812892 0.210524 0.808603 0.210524
3 0.540556 0.571663 0.545277 0.571663 0.545277 0.576590 0.540556 0.576590
3 0.915516 0.238091 0.919612 0.238091 0.919612 0.242137 0.915516 0.242137
3 0.200245 0.414373 0.204426 0.414373 0.204426 0.418589 0.200245 0.418589
3 0.955299 0.453993 0.959765 0.453993 0.959765 0.458509 0.955299 0.458509
3 0.963628 0.370278 0.968509 0.370278 0.968509 0.375023 0.963628 0.375023
3 0.944505 0.281108 0.948939 0.281108 0.948939 0.285359 0.944505 0.285359
3 0.822504 0.311891 0.826814 0.311891 0.826814 0.316101 0.822504 0.316101
3 0.780566 0.067909 0.785420 0.067909 0.785420 0.072597 0.780566 0.072597
3 0.770254 0.091216 0.774693 0.091216 0.774693 0.096317 0.770254 0.096317
3 0.703134 0.024008 0.706799 0.024008 0.706799 0.028382 0.703134 0.028382
2 0.236794 0.383739 0.242963 0.383739 0.242963 0.388773 0.236794 0.388773
3 0.882763 0.016781 0.887012 0.016781 0.887012 0.021632 0.882763 0.021632
3 0.738433 0.398741 0.742969 0.398741 0.742969 0.403428 0.738433 0.403428
3 0.732566 0.357472 0.737103 0.357472 0.737103 0.362010 0.732566 0.362010
11 0.197153 0.672201 0.202301 0.672201 0.202301 0.678311 0.197153 0.678311
1 0.394465 0.018150 0.389965 0.024354 0.387602 0.022450 0.392102 0.016246
1 0.293727 0.065058 0.288852 0.071225 0.286787 0.069411 0.291662 0.063244
1 0.318973 0.199699 0.314195 0.206533 0.311714 0.204605 0.316492 0.197771
1 0.371997 0.202593 0.366875 0.208850 0.364701 0.206872 0.369823 0.200615
1 0.447742 0.433796 0.453650 0.428439 0.455815 0.431093 0.449907 0.436450
1 0.408375 0.421777 0.402465 0.426404 0.400592 0.423745 0.406502 0.419118
3 0.404570 0.388339 0.409518 0.388339 0.409518 0.393332 0.404570 0.393332
3 0.460984 0.327751 0.465459 0.327751 0.465459 0.332316 0.460984 0.332316
1 0.477673 0.308714 0.484068 0.305309 0.485018 0.307291 0.478622 0.310696
1 0.555412 0.287949 0.550503 0.293576 0.548404 0.291541 0.553313 0.285914
1 0.566358 0.226941 0.573216 0.222264 0.574702 0.224686 0.567844 0.229363
1 0.479760 0.265883 0.473828 0.270294 0.471927 0.267453 0.477858 0.263042
1 0.496658 0.255896 0.493829 0.262752 0.490858 0.261390 0.493687 0.254534
1 0.400304 0.293484 0.393063 0.296232 0.391960 0.293003 0.399201 0.290255
1 0.400923 0.301773 0.395233 0.307348 0.392982 0.304794 0.398672 0.299219
1 0.397963 0.308134 0.391089 0.310185 0.390125 0.306597 0.397000 0.304546
1 0.393050 0.322537 0.388221 0.327218 0.386282 0.324995 0.391111 0.320314
1 0.395675 0.316214 0.388764 0.318595 0.387672 0.315073 0.394583 0.312692
1 0.393029 0.347418 0.387488 0.352300 0.385473 0.349760 0.391014 0.344877
1 0.407787 0.369522 0.401102 0.373051 0.399749 0.370203 0.406434 0.366674
1 0.414509 0.374955 0.408862 0.379589 0.406994 0.377058 0.412641 0.372424
1 0.447032 0.429253 0.442170 0.434135 0.440119 0.431866 0.444982 0.426984
1 0.471528 0.431744 0.477512 0.427377 0.479693 0.430697 0.473709 0.435065
1 0.460909 0.430334 0.467414 0.427020 0.468994 0.430466 0.462489 0.433781
1 0.457594 0.412970 0.452924 0.419527 0.450376 0.417510 0.455046 0.410953
1 0.444394 0.401902 0.439005 0.407331 0.436782 0.404879 0.442171 0.399450
1 0.442586 0.384765 0.438584 0.390858 0.435731 0.388776 0.439733 0.382683
1 0.426500 0.370565 0.421808 0.376917 0.419662 0.375156 0.424354 0.368804
1 0.419105 0.356385 0.414554 0.362751 0.411866 0.360615 0.416417 0.354250
1 0.411397 0.349328 0.405871 0.355153 0.403815 0.352986 0.409341 0.347161
1 0.404307 0.343209 0.400260 0.349213 0.397930 0.347467 0.401977 0.341463
1 0.404747 0.334448 0.400097 0.340310 0.397981 0.338445 0.402631 0.332583
1 0.404612 0.318115 0.399590 0.324227 0.397334 0.322167 0.402356 0.316055
1 0.406077 0.324550 0.400876 0.329627 0.398697 0.327146 0.403897 0.322069
1 0.621181 0.224940 0.615710 0.229463 0.613807 0.226905 0.619278 0.222382
1 0.624952 0.231028 0.619491 0.235928 0.617577 0.233558 0.623038 0.228658
1 0.974231 0.071936 0.980916 0.068361 0.982391 0.071426 0.975706 0.075001
1 0.971373 0.064082 0.966181 0.068593 0.964136 0.065978 0.969328 0.061467
1 0.979078 0.072212 0.986092 0.075396 0.984881 0.078360 0.977867 0.075176
1 0.834783 0.145179 0.830010 0.149522 0.827927 0.146978 0.832700 0.142635
1 0.835272 0.136035 0.830095 0.140567 0.828192 0.138152 0.833370 0.133620
1 0.839154 0.154734 0.833952 0.160513 0.831588 0.158149 0.836791 0.152369
1 0.166916 0.117393 0.161205 0.122833 0.158812 0.120041 0.164524 0.114601
1 0.230195 0.046179 0.224901 0.052532 0.222435 0.050248 0.227729 0.043895
1 0.282638 0.013237 0.274746 0.013702 0.274544 0.009880 0.282435 0.009415
1 0.279222 0.014258 0.273964 0.019076 0.271883 0.016553 0.277141 0.011735
1 0.277381 0.023135 0.272591 0.028149 0.270616 0.026052 0.275406 0.021038
1 0.277544 0.035566 0.272036 0.040813 0.269822 0.038230 0.275331 0.032983
1 0.277490 0.045985 0.272606 0.051188 0.270528 0.049020 0.275412 0.043817
1 0.278149 0.055429 0.272270 0.060429 0.270483 0.058095 0.276363 0.053094
1 0.277646 0.067043 0.273143 0.074135 0.270510 0.072277 0.275013 0.065185
1 0.200165 0.082758 0.195461 0.088132 0.193100 0.085836 0.197804 0.080462
1 0.196806 0.071686 0.190960 0.077138 0.189061 0.074874 0.194906 0.069422
1 0.183471 0.040679 0.178156 0.046264 0.176089 0.044076 0.181404 0.038492
1 0.182104 0.034343 0.176543 0.040584 0.174450 0.038511 0.180010 0.032270
1 0.170605 0.023573 0.176691 0.019439 0.178319 0.022101 0.172232 0.026236
1 0.186409 0.057667 0.181184 0.063827 0.178846 0.061623 0.184071 0.055463
1 0.203780 0.091718 0.198273 0.096926 0.196484 0.094824 0.201991 0.089616
1 0.206678 0.098329 0.200744 0.102791 0.198448 0.099398 0.204382 0.094936
1 0.243279 0.192958 0.237710 0.197645 0.235584 0.194838 0.241153 0.190151
1 0.272647 0.198050 0.266263 0.202624 0.264575 0.200006 0.270959 0.195432
1 0.300755 0.197060 0.297147 0.202259 0.294821 0.200464 0.298429 0.195266
1 0.296904 0.196719 0.290826 0.202191 0.288761 0.199643 0.294839 0.194170
1 0.335331 0.167668 0.330617 0.172923 0.328087 0.170401 0.332801 0.165146
1 0.323620 0.170951 0.318528 0.175190 0.316711 0.172765 0.321803 0.168526
1 0.317598 0.173303 0.312441 0.178721 0.310348 0.176508 0.315505 0.171090
1 0.567184 0.217138 0.574293 0.213909 0.575411 0.216646 0.568302 0.219874
1 0.564181 0.210783 0.569870 0.206829 0.571592 0.209583 0.565903 0.213537
1 0.616404 0.218642 0.610706 0.223185 0.608774 0.220492 0.614472 0.215950
1 0.637011 0.249254 0.629564 0.252220 0.628538 0.249358 0.635985 0.246392
1 0.625503 0.248559 0.619312 0.252015 0.618002 0.249406 0.624193 0.245951
1 0.627323 0.267021 0.622159 0.272353 0.619872 0.269891 0.625037 0.264559
1 0.617702 0.257463 0.612578 0.262465 0.610638 0.260257 0.615762 0.255255
1 0.608371 0.252085 0.603632 0.257535 0.601232 0.255217 0.605972 0.249766
1 0.529159 0.267342 0.534312 0.261657 0.536688 0.264051 0.531535 0.269736
1 0.528694 0.265834 0.522975 0.269386 0.521548 0.266832 0.527267 0.263280
1 0.512804 0.259818 0.506523 0.264954 0.504597 0.262337 0.510878 0.257201
1 0.486377 0.271225 0.480451 0.275143 0.478751 0.272286 0.484677 0.268368
1 0.422113 0.364731 0.416544 0.369569 0.414526 0.366989 0.420095 0.362150
1 0.626074 0.275263 0.620913 0.280181 0.618874 0.277803 0.624035 0.272886
1 0.723840 0.306310 0.717623 0.311908 0.715609 0.309423 0.721826 0.303825
1 0.717502 0.300976 0.712708 0.305369 0.710603 0.302817 0.715397 0.298424
1 0.705243 0.294612 0.700320 0.299301 0.698181 0.296807 0.703105 0.292117
1 0.684870 0.281740 0.679003 0.285991 0.677156 0.283157 0.683022 0.278907
1 0.690983 0.285296 0.685878 0.290176 0.683903 0.287879 0.689008 0.282999
1 0.291138 0.168645 0.286237 0.174032 0.284062 0.171833 0.288963 0.166446
1 0.296551 0.148461 0.291302 0.153823 0.289401 0.151755 0.294650 0.146393
1 0.295155 0.139191 0.290172 0.144140 0.287942 0.141645 0.292925 0.136696
1 0.280778 0.214867 0.274365 0.218913 0.272756 0.216078 0.279169 0.212032
1 0.276897 0.209398 0.271442 0.214172 0.269739 0.212010 0.275194 0.207236
1 0.271734 0.211807 0.264584 0.213968 0.263481 0.209912 0.270631 0.207751
1 0.233395 0.204281 0.226460 0.206727 0.225218 0.202812 0.232152 0.200366
1 0.239154 0.200484 0.234094 0.205599 0.231914 0.203202 0.236974 0.198087
1 0.414065 0.294305 0.408582 0.299868 0.406353 0.297426 0.411836 0.291863
1 0.567411 0.328685 0.572953 0.324121 0.575748 0.327893 0.570206 0.332456
1 0.579097 0.332207 0.572181 0.335826 0.570545 0.332352 0.577461 0.328733
1 0.449773 0.408428 0.443249 0.414119 0.441416 0.411784 0.447940 0.406093
1 0.487398 0.433829 0.482550 0.438995 0.480372 0.436723 0.485220 0.431558
1 0.398244 0.015207 0.391581 0.018833 0.389779 0.015153 0.396443 0.011527
1 0.197258 0.010420 0.191001 0.012965 0.189630 0.009221 0.195887 0.006675
1 0.268061 0.033375 0.262945 0.039078 0.261040 0.037179 0.266156 0.031476
1 0.263418 0.030925 0.258210 0.037022 0.256233 0.035145 0.261441 0.029048
1 0.258919 0.028054 0.254611 0.033782 0.252467 0.031991 0.256775 0.026262
1 0.376535 0.219353 0.370827 0.225605 0.368720 0.223468 0.374428 0.217215
1 0.373222 0.210445 0.368246 0.215337 0.366215 0.213041 0.371191 0.208149
1 0.410088 0.241727 0.404752 0.247236 0.402614 0.244935 0.407950 0.239426
1 0.411670 0.248359 0.406350 0.253199 0.404326 0.250727 0.409646 0.245887
1 0.411620 0.258699 0.405819 0.262669 0.404383 0.260338 0.410184 0.256367
1 0.308649 0.292833 0.303328 0.298193 0.301028 0.295655 0.306349 0.290295
1 0.308312 0.234401 0.303194 0.239258 0.301412 0.237171 0.306530 0.232314
1 0.302680 0.247283 0.298128 0.253146 0.295860 0.251189 0.300412 0.245326
1 0.306092 0.267340 0.300493 0.272581 0.298617 0.270354 0.304216 0.265114
1 0.306406 0.275386 0.300192 0.281101 0.298015 0.278470 0.304229 0.272755
1 0.305590 0.285590 0.300240 0.291054 0.298070 0.288693 0.303420 0.283229
1 0.363902 0.234887 0.359026 0.241397 0.356520 0.239311 0.361396 0.232801
1 0.382643 0.228982 0.377057 0.235144 0.374589 0.232658 0.380175 0.226496
1 0.388091 0.230511 0.383036 0.236513 0.380789 0.234410 0.385844 0.228408
1 0.401374 0.233619 0.395753 0.239820 0.393436 0.237485 0.399057 0.231285
1 0.394778 0.248720 0.389376 0.253481 0.387318 0.250887 0.392720 0.246126
1 0.400116 0.253470 0.395752 0.260636 0.392934 0.258729 0.397298 0.251563
1 0.393085 0.270733 0.386213 0.275312 0.384706 0.272799 0.391579 0.268220
1 0.408879 0.278072 0.403933 0.284049 0.402011 0.282282 0.406958 0.276305
1 0.412216 0.283423 0.407108 0.288697 0.405212 0.286656 0.410321 0.281383
1 0.401048 0.295288 0.395700 0.301065 0.393650 0.298956 0.398998 0.293179
1 0.345495 0.148192 0.340614 0.152372 0.338990 0.150264 0.343870 0.146084
1 0.224655 0.008220 0.219088 0.014027 0.216986 0.011788 0.222553 0.005981
1 0.400762 0.065905 0.394992 0.070439 0.393247 0.067971 0.399017 0.063436
1 0.609813 0.189637 0.605028 0.194308 0.602929 0.191919 0.607715 0.187248
1 0.596237 0.189154 0.590304 0.193750 0.588603 0.191310 0.594537 0.186714
1 0.552338 0.421151 0.547291 0.427768 0.544961 0.425793 0.550009 0.419176
11 0.106915 0.951144 0.114899 0.951144 0.114899 0.957004 0.106915 0.957004
1 0.550700 0.529673 0.545687 0.535584 0.543243 0.533280 0.548256 0.527370
1 0.570410 0.507262 0.565470 0.512847 0.562911 0.510332 0.567851 0.504747
1 0.574432 0.515777 0.569345 0.521216 0.567190 0.518976 0.572277 0.513537
1 0.582175 0.524163 0.576399 0.529006 0.574291 0.526212 0.580067 0.521370
1 0.572259 0.473708 0.567214 0.477892 0.565232 0.475237 0.570277 0.471053
1 0.578594 0.461099 0.574173 0.467043 0.572085 0.465317 0.576506 0.459373
1 0.571568 0.456795 0.564199 0.460549 0.563025 0.457989 0.570394 0.454235
1 0.581588 0.440003 0.576853 0.446650 0.574007 0.444397 0.578742 0.437750
1 0.556047 0.426119 0.549504 0.428850 0.548169 0.425294 0.554712 0.422563
1 0.540338 0.436984 0.535790 0.442199 0.533825 0.440294 0.538374 0.435080
1 0.518522 0.450049 0.524747 0.446905 0.526077 0.449830 0.519851 0.452974
1 0.526776 0.455643 0.521457 0.459992 0.519794 0.457731 0.525113 0.453382
1 0.606365 0.405112 0.601093 0.411573 0.598852 0.409541 0.604124 0.403080
1 0.540656 0.419167 0.547392 0.417384 0.548129 0.420480 0.541394 0.422263
1 0.018102 0.114536 0.014564 0.118606 0.012466 0.116580 0.016004 0.112510
1 0.132195 0.198255 0.127803 0.204721 0.125460 0.202953 0.129852 0.196486
1 0.087833 0.063837 0.083534 0.070555 0.081249 0.068930 0.085548 0.062212
1 0.045984 0.072350 0.040527 0.077369 0.038544 0.074973 0.044001 0.069954
1 0.064680 0.071388 0.060405 0.076720 0.058079 0.074648 0.062354 0.069316
1 0.023306 0.283209 0.017585 0.289136 0.015404 0.286798 0.021125 0.280871
1 0.033076 0.298118 0.027266 0.304573 0.024629 0.301935 0.030440 0.295480
1 0.048012 0.331829 0.042882 0.337568 0.040523 0.335225 0.045653 0.329486
1 0.043611 0.324301 0.038016 0.329285 0.036105 0.326901 0.041700 0.321917
1 0.042811 0.332049 0.036152 0.335610 0.034576 0.332335 0.041235 0.328774
1 0.079693 0.157985 0.073554 0.162687 0.071621 0.159883 0.077760 0.155181
1 0.201957 0.284278 0.196449 0.288862 0.194597 0.286388 0.200104 0.281804
1 0.172348 0.317233 0.167607 0.323560 0.165089 0.321464 0.169830 0.315137
1 0.027369 0.292407 0.023674 0.299827 0.020678 0.298168 0.024373 0.290749
1 0.119684 0.325298 0.113195 0.328159 0.111623 0.324196 0.118112 0.321335
1 0.118416 0.319236 0.113264 0.324705 0.111092 0.322430 0.116244 0.316962
1 0.106554 0.048089 0.113441 0.044564 0.114961 0.047864 0.108074 0.051389
1 0.020259 0.230598 0.016271 0.236258 0.013674 0.234225 0.017662 0.228565
1 0.025990 0.228508 0.019408 0.231641 0.017658 0.227555 0.024240 0.224422
1 0.293069 0.390623 0.287662 0.396011 0.285564 0.393672 0.290971 0.388284
1 0.296377 0.397193 0.291125 0.402338 0.289080 0.400018 0.294332 0.394873
1 0.455509 0.545025 0.449506 0.550684 0.447284 0.548064 0.453287 0.542405
1 0.405835 0.464938 0.401404 0.470089 0.398937 0.467730 0.403367 0.462580
1 0.408697 0.470910 0.401714 0.474218 0.400181 0.470623 0.407164 0.467315
1 0.407362 0.493192 0.401665 0.499013 0.399745 0.496925 0.405443 0.491104
11 0.096538 0.442417 0.107417 0.442417 0.107417 0.451487 0.096538 0.451487
1 0.020546 0.480960 0.015131 0.487122 0.013180 0.485216 0.018594 0.479054
11 0.126246 0.422546 0.136918 0.422546 0.136918 0.430398 0.126246 0.430398
11 0.138870 0.429196 0.148719 0.429196 0.148719 0.436140 0.138870 0.436140
11 0.279199 0.541482 0.289276 0.541482 0.289276 0.551415 0.279199 0.551415
11 0.202014 0.662822 0.208646 0.662822 0.208646 0.670866 0.202014 0.670866
11 0.136700 0.713591 0.157944 0.713591 0.157944 0.731916 0.136700 0.731916
3 0.052608 0.721569 0.057239 0.721569 0.057239 0.726255 0.052608 0.726255
1 0.799089 0.704915 0.805154 0.702201 0.806348 0.705165 0.800283 0.707879
1 0.800323 0.710099 0.806538 0.706115 0.808574 0.709644 0.802359 0.713628
1 0.866141 0.551990 0.860172 0.557655 0.858068 0.555192 0.864037 0.549527
1 0.902841 0.160439 0.897463 0.165818 0.895385 0.163509 0.900763 0.158130
1 0.916457 0.153418 0.910647 0.159416 0.908524 0.157131 0.914335 0.151133
1 0.997072 0.185067 0.989933 0.189237 0.988405 0.186330 0.995544 0.182160
1 0.999489 0.190381 0.993582 0.194394 0.991899 0.191641 0.997805 0.187628
3 0.985546 0.275200 0.990954 0.275200 0.990954 0.280703 0.985546 0.280703
1 0.860859 0.163606 0.856001 0.169254 0.853595 0.166954 0.858453 0.161306
1 0.174705 0.611171 0.167636 0.613336 0.166731 0.610049 0.173800 0.607884
1 0.184278 0.617024 0.186989 0.609735 0.190129 0.611032 0.187418 0.618321
1 0.196535 0.613789 0.190606 0.618760 0.188151 0.615506 0.194080 0.610536
1 0.201979 0.621657 0.195993 0.626876 0.193834 0.624124 0.199820 0.618905
1 0.215068 0.621465 0.211773 0.627996 0.208932 0.626403 0.212227 0.619872
1 0.223036 0.623972 0.218864 0.630371 0.216358 0.628554 0.220529 0.622156
1 0.244965 0.633283 0.239837 0.636998 0.238164 0.634431 0.243292 0.630716
1 0.237918 0.635543 0.231083 0.638410 0.229337 0.633784 0.236173 0.630917
1 0.958860 0.649278 0.952589 0.653440 0.951197 0.651108 0.957468 0.646946
1 0.949934 0.661267 0.944526 0.667802 0.942068 0.665542 0.947476 0.659007
1 0.851428 0.663590 0.847074 0.669099 0.844702 0.667016 0.849056 0.661507
1 0.809523 0.673947 0.801742 0.676161 0.800972 0.673155 0.808754 0.670940
1 0.810735 0.682281 0.803708 0.685124 0.802569 0.681995 0.809595 0.679152
1 0.627814 0.467156 0.622221 0.471471 0.620508 0.469004 0.626101 0.464688
1 0.637788 0.465700 0.632557 0.471332 0.630334 0.469038 0.635565 0.463406
1 0.646686 0.465724 0.640691 0.470591 0.638811 0.468017 0.644806 0.463150
1 0.664160 0.469288 0.658027 0.473082 0.656546 0.470422 0.662679 0.466628
1 0.700304 0.525627 0.695748 0.531474 0.693256 0.529316 0.697813 0.523469
1 0.703071 0.488499 0.697785 0.493428 0.695740 0.490991 0.701026 0.486062
1 0.721559 0.497050 0.716108 0.502261 0.714275 0.500129 0.719725 0.494919
1 0.730207 0.498536 0.724879 0.504212 0.722568 0.501801 0.727896 0.496125
4 0.012850 0.427744 0.017397 0.427744 0.017397 0.433745 0.012850 0.433745
1 0.735615 0.501810 0.730223 0.508213 0.728113 0.506239 0.733505 0.499835
1 0.748723 0.518619 0.743419 0.523869 0.741200 0.521378 0.746504 0.516128
1 0.785363 0.538440 0.778114 0.541116 0.777135 0.538170 0.784384 0.535494
1 0.785826 0.540020 0.789008 0.545471 0.786238 0.547268 0.783057 0.541816
1 0.167430 0.810012 0.171731 0.805510 0.174352 0.808293 0.170051 0.812795
1 0.144875 0.819381 0.149922 0.814902 0.152522 0.818158 0.147475 0.822637
1 0.017237 0.652230 0.012950 0.658055 0.010203 0.655808 0.014490 0.649983
1 0.027199 0.914469 0.020900 0.919364 0.018473 0.915894 0.024772 0.910999
1 0.836655 0.891500 0.841935 0.888076 0.845026 0.893374 0.839746 0.896798
1 0.958133 0.713400 0.952609 0.718516 0.950487 0.715970 0.956011 0.710854
1 0.952331 0.704780 0.947308 0.709255 0.945035 0.706421 0.950059 0.701945
1 0.957128 0.693488 0.951742 0.698655 0.949651 0.696232 0.955037 0.691065
1 0.945930 0.687919 0.951945 0.690755 0.950692 0.693708 0.944677 0.690872
1 0.878995 0.597718 0.873720 0.603125 0.871984 0.601243 0.877259 0.595835
1 0.874338 0.596441 0.868176 0.601989 0.866107 0.599437 0.872270 0.593889
1 0.901134 0.613112 0.895455 0.617059 0.893811 0.614431 0.899490 0.610484
1 0.824207 0.593628 0.818865 0.598303 0.816764 0.595636 0.822106 0.590960
1 0.814310 0.593949 0.808485 0.598377 0.806715 0.595789 0.812540 0.591361
1 0.811135 0.589565 0.805147 0.594478 0.803286 0.591958 0.809274 0.587044
1 0.808324 0.585201 0.802565 0.591064 0.800737 0.589068 0.806496 0.583205
1 0.754734 0.603914 0.749099 0.608952 0.747216 0.606612 0.752851 0.601574
1 0.714641 0.563316 0.709273 0.568556 0.707015 0.565986 0.712383 0.560746
1 0.801430 0.559588 0.795858 0.563716 0.794265 0.561327 0.799838 0.557199
1 0.949185 0.240928 0.943751 0.245768 0.941886 0.243442 0.947321 0.238602
1 0.949076 0.267692 0.943781 0.272879 0.941680 0.270495 0.946975 0.265308
1 0.951978 0.274766 0.945719 0.279866 0.943712 0.277128 0.949971 0.272029
1 0.959675 0.297176 0.953752 0.301372 0.951979 0.298590 0.957902 0.294394
1 0.946851 0.794849 0.951714 0.790068 0.957211 0.796282 0.952348 0.801063
1 0.015933 0.498855 0.011603 0.505111 0.008868 0.503008 0.013197 0.496751
1 0.044576 0.482800 0.039220 0.488729 0.036868 0.486368 0.042224 0.480439
1 0.942497 0.689994 0.937610 0.695128 0.935279 0.692662 0.940166 0.687528
1 0.943341 0.685644 0.936589 0.688858 0.934803 0.684687 0.941555 0.681473
1 0.952613 0.667865 0.946823 0.673779 0.944388 0.671129 0.950177 0.665215
1 0.791886 0.552715 0.785781 0.557024 0.784127 0.554420 0.790232 0.550111
1 0.786129 0.546663 0.778960 0.549412 0.777885 0.546298 0.785054 0.543548
1 0.787399 0.547724 0.781649 0.552974 0.779677 0.550574 0.785427 0.545325
1 0.159246 0.419776 0.154385 0.424046 0.152449 0.421596 0.157309 0.417326
2 0.318021 0.107459 0.323624 0.107459 0.323624 0.112326 0.318021 0.112326
1 0.786911 0.055793 0.780793 0.060444 0.778768 0.057484 0.784886 0.052833
3 0.738450 0.166880 0.743243 0.166880 0.743243 0.171714 0.738450 0.171714
3 0.701041 0.176671 0.704609 0.176671 0.704609 0.180347 0.701041 0.180347
1 0.668933 0.183213 0.663127 0.187342 0.661463 0.184741 0.667269 0.180612
1 0.521923 0.038501 0.515863 0.042924 0.514330 0.040591 0.520390 0.036167
1 0.693697 0.163213 0.688307 0.166875 0.686696 0.164241 0.692086 0.160579
1 0.747113 0.057187 0.741864 0.061814 0.740011 0.059478 0.745260 0.054851
1 0.752251 0.062047 0.758597 0.058231 0.760298 0.061374 0.753952 0.065190
1 0.763761 0.069749 0.757610 0.075171 0.755561 0.072588 0.761712 0.067166
1 0.771251 0.074297 0.765698 0.079332 0.763594 0.076753 0.769147 0.071718
1 0.775053 0.058015 0.770622 0.064421 0.768125 0.062502 0.772556 0.056096
1 0.785528 0.079558 0.778983 0.082940 0.777468 0.079680 0.784013 0.076299
1 0.460290 0.246593 0.465162 0.241787 0.468604 0.245664 0.463731 0.250470
1 0.427930 0.237719 0.434221 0.232902 0.435951 0.235413 0.429661 0.240230
1 0.432609 0.188778 0.428335 0.192907 0.426460 0.190751 0.430735 0.186622
1 0.409130 0.169828 0.414474 0.164683 0.416596 0.167132 0.411251 0.172277
1 0.385844 0.161275 0.380131 0.165245 0.378318 0.162346 0.384031 0.158376
1 0.561495 0.053657 0.556256 0.057135 0.554726 0.054574 0.559965 0.051097
1 0.791393 0.038767 0.784830 0.042990 0.783337 0.040411 0.789900 0.036189
1 0.779561 0.029886 0.786018 0.023713 0.788155 0.026198 0.781698 0.032370
1 0.786416 0.016877 0.782346 0.023050 0.779758 0.021154 0.783828 0.014981
1 0.724716 0.167352 0.717935 0.170152 0.716443 0.166136 0.723224 0.163336
1 0.720945 0.170956 0.715765 0.175457 0.713521 0.172587 0.718701 0.168086
1 0.676980 0.199739 0.671491 0.203989 0.669881 0.201679 0.675370 0.197429
1 0.684583 0.199626 0.679083 0.204012 0.677335 0.201574 0.682835 0.197189
1 0.435926 0.246860 0.429108 0.250211 0.427516 0.246612 0.434334 0.243261
1 0.438056 0.247770 0.432943 0.253490 0.430686 0.251247 0.435799 0.245527
1 0.453878 0.243628 0.449086 0.248915 0.446354 0.246163 0.451146 0.240876
1 0.451149 0.234386 0.445776 0.240482 0.443510 0.238262 0.448883 0.232166
1 0.449975 0.227157 0.445729 0.232704 0.443444 0.230761 0.447691 0.225213
1 0.396038 0.165105 0.390638 0.169649 0.388742 0.167144 0.394142 0.162600
1 0.394437 0.084395 0.389903 0.090581 0.387470 0.088599 0.392003 0.082413
1 0.385209 0.092908 0.380590 0.099074 0.377961 0.096885 0.382579 0.090719
1 0.368790 0.115472 0.362497 0.121948 0.360421 0.119705 0.366714 0.113229
1 0.358016 0.119472 0.352359 0.124476 0.350384 0.121996 0.356041 0.116991
1 0.369398 0.140811 0.364596 0.146823 0.362565 0.145020 0.367367 0.139008
1 0.377597 0.143695 0.373588 0.149085 0.371214 0.147123 0.375223 0.141733
1 0.233284 0.149487 0.228086 0.155282 0.225790 0.152994 0.230989 0.147198
1 0.116455 0.527714 0.110684 0.532674 0.108915 0.530386 0.114685 0.525427
1 0.794517 0.099418 0.788896 0.103998 0.786770 0.101099 0.792391 0.096519
1 0.558726 0.562416 0.554172 0.568515 0.551569 0.566355 0.556124 0.560256
1 0.535851 0.570406 0.529593 0.574307 0.527839 0.571180 0.534097 0.567279
1 0.120842 0.539248 0.117859 0.547111 0.115035 0.545920 0.118018 0.538057
1 0.139680 0.530910 0.135619 0.536529 0.133142 0.534540 0.137203 0.528921
1 0.157704 0.537563 0.151338 0.543153 0.149372 0.540665 0.155738 0.535075
1 0.786981 0.360282 0.781590 0.365435 0.779732 0.363275 0.785123 0.358122
1 0.779003 0.330709 0.774089 0.335925 0.771793 0.333522 0.776707 0.328306
1 0.781963 0.336501 0.777127 0.341424 0.775056 0.339163 0.779892 0.334240
1 0.784398 0.347801 0.779920 0.353427 0.777607 0.351381 0.782085 0.345755
1 0.784533 0.354852 0.777554 0.358424 0.775922 0.354880 0.782901 0.351308
4 0.069839 0.682025 0.073463 0.682025 0.073463 0.686827 0.069839 0.686827
1 0.019641 0.900247 0.026078 0.894430 0.028028 0.896828 0.021591 0.902645
3 0.584476 0.183159 0.589066 0.183159 0.589066 0.187757 0.584476 0.187757
4 0.502335 0.288552 0.505878 0.288552 0.505878 0.293679 0.502335 0.293679
3 0.480979 0.248741 0.484800 0.248741 0.484800 0.252939 0.480979 0.252939
3 0.040171 0.925439 0.044424 0.925439 0.044424 0.929249 0.040171 0.929249
3 0.747665 0.330198 0.752217 0.330198 0.752217 0.334756 0.747665 0.334756
4 0.146288 0.844511 0.150301 0.844511 0.150301 0.849097 0.146288 0.849097
4 0.250779 0.546370 0.254552 0.546370 0.254552 0.551257 0.250779 0.551257
3 0.679573 0.469200 0.684078 0.469200 0.684078 0.473530 0.679573 0.473530
3 0.770462 0.563352 0.774622 0.563352 0.774622 0.567139 0.770462 0.567139
4 0.171545 0.967897 0.176067 0.967897 0.176067 0.973672 0.171545 0.973672
3 0.161522 0.852946 0.165653 0.852946 0.165653 0.857100 0.161522 0.857100
3 0.081171 0.853821 0.085222 0.853821 0.085222 0.857419 0.081171 0.857419
3 0.783383 0.348070 0.787991 0.348070 0.787991 0.352638 0.783383 0.352638
3 0.757786 0.324508 0.763218 0.324508 0.763218 0.329444 0.757786 0.329444
3 0.293665 0.574965 0.297951 0.574965 0.297951 0.578948 0.293665 0.578948
3 0.853566 0.127953 0.857709 0.127953 0.857709 0.132135 0.853566 0.132135
3 0.083080 0.824214 0.087654 0.824214 0.087654 0.829072 0.083080 0.829072
3 0.702303 0.576475 0.706500 0.576475 0.706500 0.580701 0.702303 0.580701
3 0.746990 0.584887 0.751411 0.584887 0.751411 0.589040 0.746990 0.589040
3 0.227014 0.585397 0.230501 0.585397 0.230501 0.588633 0.227014 0.588633
3 0.930618 0.208021 0.935052 0.208021 0.935052 0.212571 0.930618 0.212571
3 0.005778 0.850634 0.010027 0.850634 0.010027 0.854550 0.005778 0.854550
3 0.758211 0.339320 0.762027 0.339320 0.762027 0.343024 0.758211 0.343024
3 0.589641 0.198166 0.594305 0.198166 0.594305 0.202990 0.589641 0.202990
3 0.396330 0.425814 0.400821 0.425814 0.400821 0.430843 0.396330 0.430843
3 0.460469 0.396447 0.464679 0.396447 0.464679 0.400974 0.460469 0.400974
3 0.364404 0.450432 0.368458 0.450432 0.368458 0.454727 0.364404 0.454727
3 0.375200 0.366487 0.378804 0.366487 0.378804 0.369901 0.375200 0.369901
3 0.357907 0.493955 0.362193 0.493955 0.362193 0.498176 0.357907 0.498176
