1 0.881702 0.907437 0.888479 0.903183 0.889701 0.905357 0.882923 0.909611
1 0.729108 0.358118 0.736021 0.354773 0.737254 0.357619 0.730341 0.360964
1 0.729106 0.298083 0.723488 0.303583 0.721500 0.301314 0.727118 0.295814
1 0.705326 0.311055 0.701268 0.317736 0.698811 0.316068 0.702869 0.309388
1 0.691791 0.240474 0.697991 0.236706 0.699360 0.239222 0.693160 0.242990
1 0.838016 0.239903 0.832005 0.244920 0.830036 0.242285 0.836047 0.237267
1 0.888342 0.581054 0.893154 0.575013 0.895370 0.576985 0.890557 0.583026
1 0.820908 0.519210 0.828857 0.518638 0.829062 0.521829 0.821113 0.522401
1 0.561153 0.603604 0.556515 0.610015 0.554472 0.608364 0.559110 0.601952
1 0.637726 0.585215 0.635713 0.593274 0.632911 0.592492 0.634925 0.584433
1 0.724369 0.536505 0.723653 0.545160 0.721066 0.544921 0.721782 0.536266
1 0.066940 0.244292 0.060282 0.249183 0.058622 0.246657 0.065279 0.241767
1 0.323667 0.345904 0.319572 0.353023 0.317039 0.351395 0.321134 0.344276
1 0.348417 0.321277 0.344055 0.329948 0.342106 0.328853 0.346468 0.320182
1 0.437128 0.063205 0.430852 0.066599 0.429746 0.064314 0.436022 0.060920
1 0.452612 0.028402 0.449072 0.035380 0.446777 0.034079 0.450318 0.027101
1 0.401992 0.011188 0.395712 0.015698 0.394414 0.013680 0.400694 0.009169
1 0.382467 0.015307 0.376517 0.018952 0.375224 0.016594 0.381174 0.012949
1 0.376070 0.026391 0.369219 0.028999 0.368344 0.026430 0.375195 0.023822
1 0.353729 0.402445 0.361091 0.403415 0.360648 0.407173 0.353286 0.406204
1 0.379738 0.553183 0.385338 0.549235 0.386544 0.551146 0.380944 0.555094
1 0.272838 0.417165 0.267071 0.420543 0.265570 0.417681 0.271337 0.414303
1 0.267345 0.411810 0.275006 0.412050 0.274929 0.414804 0.267268 0.414564
1 0.252901 0.419213 0.246450 0.423846 0.244956 0.421522 0.251407 0.416889
1 0.988783 0.488127 0.982252 0.491737 0.980766 0.488732 0.987297 0.485123
1 0.978835 0.471070 0.972352 0.475469 0.970949 0.473159 0.977432 0.468760
1 0.290499 0.506976 0.287848 0.514164 0.285410 0.513159 0.288061 0.505972
1 0.294218 0.514876 0.288344 0.519371 0.286722 0.517002 0.292596 0.512507
1 0.324441 0.534728 0.322239 0.542388 0.319563 0.541529 0.321765 0.533868
1 0.348259 0.554372 0.343257 0.561337 0.341212 0.559697 0.346214 0.552732
1 0.341940 0.557442 0.335821 0.561821 0.334353 0.559530 0.340472 0.555151
1 0.331221 0.543643 0.329215 0.551614 0.326242 0.550778 0.328248 0.542807
1 0.347552 0.539385 0.344418 0.546721 0.341874 0.545507 0.345008 0.538170
1 0.359830 0.538678 0.357922 0.544959 0.354966 0.543956 0.356874 0.537675
1 0.358099 0.560045 0.352650 0.564895 0.351004 0.562829 0.356453 0.557979
1 0.331131 0.585830 0.325261 0.591437 0.323010 0.588804 0.328880 0.583197
1 0.325907 0.597479 0.319967 0.601991 0.317834 0.598854 0.323774 0.594342
1 0.344318 0.598532 0.338297 0.604045 0.336448 0.601788 0.342468 0.596275
1 0.912036 0.555281 0.905013 0.558821 0.903850 0.556242 0.910873 0.552702
1 0.905852 0.531512 0.912966 0.527480 0.914428 0.530363 0.907314 0.534394
1 0.906692 0.512245 0.914368 0.511235 0.914775 0.514690 0.907099 0.515700
1 0.898986 0.497508 0.905626 0.493207 0.907643 0.496687 0.901004 0.500988
1 0.877719 0.483529 0.883871 0.479894 0.885231 0.482465 0.879078 0.486100
1 0.890451 0.382283 0.883485 0.385409 0.882474 0.382892 0.889440 0.379766
1 0.900409 0.354948 0.894786 0.359953 0.893045 0.357767 0.898668 0.352762
1 0.358978 0.567957 0.353940 0.572474 0.352114 0.570198 0.357152 0.565682
1 0.373193 0.567532 0.369018 0.574225 0.366958 0.572790 0.371133 0.566097
1 0.424089 0.557296 0.422723 0.565240 0.419721 0.564663 0.421087 0.556719
11 0.328184 0.361220 0.342274 0.352094 0.360465 0.383473 0.346376 0.392599
11 0.364087 0.232749 0.377573 0.222047 0.396713 0.248990 0.383227 0.259692
1 0.799631 0.847355 0.799078 0.855121 0.796744 0.854936 0.797297 0.847170
1 0.805035 0.848819 0.801595 0.855657 0.799301 0.854367 0.802740 0.847530
1 0.688795 0.864500 0.691430 0.857091 0.693758 0.858017 0.691123 0.865425
1 0.646538 0.733347 0.653996 0.731175 0.654660 0.733722 0.647202 0.735893
1 0.656170 0.734971 0.653580 0.741149 0.651011 0.739946 0.653601 0.733768
1 0.641361 0.730383 0.647949 0.727695 0.648955 0.730449 0.642367 0.733137
1 0.709726 0.748519 0.717440 0.746426 0.718168 0.749422 0.710454 0.751515
1 0.709747 0.671912 0.718165 0.671725 0.718216 0.674307 0.709799 0.674494
1 0.695778 0.673694 0.691704 0.680611 0.689456 0.679132 0.693530 0.672214
1 0.690243 0.662008 0.683829 0.666862 0.682184 0.664435 0.688599 0.659580
1 0.670427 0.665696 0.663947 0.669462 0.662667 0.667001 0.669147 0.663236
1 0.774409 0.769746 0.767636 0.774629 0.766193 0.772394 0.772966 0.767511
1 0.767269 0.743803 0.774512 0.742078 0.775172 0.745174 0.767929 0.746899
1 0.807209 0.730028 0.802343 0.736309 0.800179 0.734437 0.805045 0.728155
1 0.794387 0.723585 0.801451 0.720985 0.802305 0.723579 0.795242 0.726179
1 0.785498 0.716724 0.792821 0.714952 0.793530 0.718226 0.786207 0.719998
1 0.765923 0.717317 0.772800 0.715178 0.773606 0.718074 0.766729 0.720213
1 0.774057 0.719885 0.769298 0.724692 0.767575 0.722786 0.772334 0.717979
1 0.794796 0.704582 0.802706 0.702279 0.803517 0.705392 0.795607 0.707695
1 0.806699 0.707117 0.800902 0.713013 0.798920 0.710836 0.804718 0.704940
1 0.856278 0.719023 0.850180 0.724131 0.848362 0.721707 0.854460 0.716599
1 0.822739 0.785856 0.831253 0.786391 0.831074 0.789575 0.822560 0.789041
1 0.821082 0.789356 0.828805 0.788928 0.828948 0.791806 0.821225 0.792234
1 0.840672 0.781438 0.839566 0.789453 0.836969 0.789052 0.838075 0.781038
1 0.696968 0.842932 0.703572 0.839998 0.704632 0.842663 0.698028 0.845597
1 0.683299 0.972854 0.690677 0.969829 0.691938 0.973267 0.684560 0.976292
1 0.718284 0.908722 0.725310 0.907492 0.725727 0.910151 0.718701 0.911381
1 0.847557 0.781847 0.847542 0.790303 0.845142 0.790298 0.845156 0.781842
1 0.819640 0.813191 0.827453 0.813119 0.827476 0.815805 0.819662 0.815877
1 0.838550 0.840965 0.832703 0.846281 0.830959 0.844138 0.836806 0.838822
1 0.827475 0.843212 0.822419 0.850004 0.820322 0.848260 0.825378 0.841468
1 0.834208 0.845849 0.841424 0.844242 0.842074 0.847504 0.834858 0.849111
1 0.862168 0.789115 0.861606 0.796836 0.858753 0.796604 0.859315 0.788883
1 0.686046 0.933106 0.679133 0.936513 0.677739 0.933353 0.684652 0.929946
1 0.742196 0.886500 0.736262 0.890121 0.735021 0.887849 0.740955 0.884228
1 0.644096 0.786249 0.651203 0.786249 0.651203 0.788549 0.644096 0.788549
1 0.792833 0.934187 0.800383 0.934187 0.800383 0.936817 0.792833 0.936817
1 0.721646 0.865395 0.719553 0.874008 0.717524 0.873457 0.719617 0.864844
1 0.711589 0.819361 0.706403 0.825323 0.704348 0.823326 0.709534 0.817364
1 0.774327 0.661211 0.781287 0.658734 0.782229 0.661694 0.775270 0.664170
1 0.803827 0.660816 0.811510 0.658986 0.812154 0.662008 0.804471 0.663838
1 0.782658 0.640935 0.789908 0.638024 0.791053 0.641210 0.783803 0.644121
1 0.812466 0.858846 0.820569 0.858756 0.820598 0.861676 0.812495 0.861766
1 0.735570 0.822726 0.742907 0.820428 0.743705 0.823274 0.736368 0.825572
1 0.776492 0.758317 0.770111 0.762598 0.768760 0.760348 0.775141 0.756068
1 0.696495 0.924192 0.698281 0.931654 0.695688 0.932347 0.693902 0.924886
1 0.697043 0.915983 0.695513 0.923463 0.693045 0.922899 0.694575 0.915419
1 0.754149 0.903259 0.761346 0.901149 0.762235 0.904534 0.755037 0.906644
1 0.815352 0.837721 0.822401 0.835585 0.823337 0.839037 0.816288 0.841173
1 0.815418 0.816879 0.815281 0.825188 0.812405 0.825135 0.812542 0.816826
1 0.833330 0.853700 0.840732 0.851647 0.841549 0.854937 0.834147 0.856990
1 0.708200 0.872897 0.715301 0.870702 0.716123 0.873674 0.709023 0.875869
1 0.708113 0.864000 0.704478 0.870989 0.701632 0.869336 0.705267 0.862346
1 0.697755 0.863006 0.692653 0.868811 0.690593 0.866788 0.695695 0.860983
1 0.729791 0.853859 0.734710 0.860349 0.732722 0.862032 0.727804 0.855542
1 0.709094 0.835571 0.716338 0.834780 0.716619 0.837652 0.709374 0.838443
1 0.723487 0.825890 0.730328 0.822791 0.731532 0.825761 0.724691 0.828860
1 0.677850 0.748131 0.685267 0.745105 0.686424 0.748273 0.679007 0.751299
1 0.751907 0.771540 0.745976 0.777144 0.744107 0.774934 0.750038 0.769330
1 0.184640 0.661954 0.189827 0.656679 0.191928 0.658986 0.186741 0.664262
1 0.214115 0.682951 0.209570 0.688779 0.207767 0.687207 0.212311 0.681380
1 0.209648 0.685282 0.214887 0.682617 0.215983 0.685024 0.210744 0.687689
1 0.236774 0.691026 0.231982 0.697326 0.229523 0.695236 0.234315 0.688936
1 0.212154 0.801159 0.205709 0.804249 0.204532 0.801507 0.210977 0.798417
1 0.107533 0.714666 0.101414 0.718552 0.099991 0.716048 0.106110 0.712162
1 0.127453 0.751883 0.123705 0.757710 0.121442 0.756084 0.125190 0.750257
1 0.121546 0.755979 0.117015 0.762475 0.114621 0.760610 0.119152 0.754113
1 0.121859 0.742756 0.117699 0.748549 0.114943 0.746338 0.119103 0.740545
1 0.103463 0.707600 0.109896 0.704757 0.111002 0.707552 0.104569 0.710395
1 0.352202 0.619654 0.346763 0.624921 0.344734 0.622579 0.350172 0.617312
1 0.247082 0.697354 0.242009 0.702567 0.239990 0.700373 0.245063 0.695159
1 0.899152 0.892273 0.907202 0.892436 0.907143 0.895692 0.899093 0.895529
1 0.898602 0.889179 0.891520 0.890743 0.890969 0.887957 0.898051 0.886392
1 0.894645 0.879887 0.901547 0.878096 0.902300 0.881337 0.895398 0.883128
1 0.645189 0.554787 0.640261 0.560757 0.637736 0.558429 0.642664 0.552459
1 0.625812 0.557004 0.624771 0.564840 0.621901 0.564414 0.622942 0.556578
1 0.736628 0.622503 0.744486 0.621849 0.744703 0.624759 0.736845 0.625413
1 0.738340 0.612656 0.737872 0.620970 0.734738 0.620773 0.735206 0.612459
11 0.481820 0.549429 0.491199 0.549429 0.491199 0.562641 0.481820 0.562641
1 0.906680 0.995714 0.913027 0.991473 0.914874 0.994562 0.908527 0.998803
1 0.925211 0.965735 0.919270 0.971309 0.916890 0.968475 0.922831 0.962901
1 0.948130 0.940539 0.941917 0.935975 0.943841 0.933048 0.950054 0.937612
1 0.367088 0.939768 0.363334 0.947013 0.360775 0.945532 0.364528 0.938286
1 0.332511 0.727073 0.324736 0.729680 0.323974 0.727140 0.331749 0.724533
1 0.341299 0.729790 0.335524 0.735003 0.333928 0.733028 0.339703 0.727815
1 0.135043 0.802303 0.129478 0.806544 0.128011 0.804393 0.133576 0.800152
1 0.138455 0.819328 0.132927 0.825050 0.131082 0.823059 0.136610 0.817336
1 0.172954 0.824825 0.168248 0.831146 0.166154 0.829404 0.170860 0.823083
1 0.144640 0.822278 0.137754 0.825859 0.136796 0.823800 0.143682 0.820219
1 0.126516 0.811113 0.122512 0.819140 0.119514 0.817470 0.123519 0.809442
1 0.067944 0.857942 0.061288 0.862599 0.059572 0.859860 0.066229 0.855203
1 0.077541 0.912577 0.072361 0.917472 0.070126 0.914831 0.075307 0.909936
1 0.355414 0.971431 0.349186 0.977503 0.346977 0.974971 0.353204 0.968899
1 0.297538 0.921375 0.299317 0.929325 0.296576 0.930010 0.294797 0.922060
1 0.328872 0.894875 0.333415 0.900380 0.331301 0.902329 0.326758 0.896824
1 0.267524 0.906598 0.264029 0.913878 0.261262 0.912395 0.264757 0.905114
1 0.273624 0.912372 0.266583 0.915333 0.265659 0.912877 0.272700 0.909916
1 0.221519 0.858258 0.228556 0.855725 0.229503 0.858663 0.222465 0.861196
1 0.233840 0.897014 0.233685 0.904853 0.231219 0.904799 0.231374 0.896960
1 0.240335 0.887708 0.236010 0.894510 0.233385 0.892646 0.237710 0.885843
1 0.278933 0.899072 0.286352 0.897604 0.286955 0.901007 0.279536 0.902475
1 0.314680 0.899417 0.315208 0.907601 0.312428 0.907801 0.311900 0.899617
1 0.214758 0.883395 0.208545 0.887326 0.206973 0.884551 0.213187 0.880620
1 0.185174 0.942315 0.189400 0.949167 0.186994 0.950826 0.182767 0.943973
1 0.148934 0.934466 0.144249 0.940368 0.142038 0.938407 0.146722 0.932505
1 0.145770 0.929321 0.139797 0.934867 0.137659 0.932295 0.143632 0.926749
1 0.171802 0.835047 0.166678 0.841930 0.164483 0.840105 0.169607 0.833222
1 0.160489 0.824075 0.154377 0.831942 0.151910 0.829800 0.158022 0.821934
1 0.126621 0.825462 0.120862 0.831158 0.119017 0.829074 0.124776 0.823378
1 0.138870 0.832024 0.131945 0.834907 0.130979 0.832316 0.137904 0.829432
1 0.318047 0.942307 0.312417 0.948363 0.310132 0.945989 0.315761 0.939934
1 0.352582 0.934663 0.346969 0.939949 0.345144 0.937784 0.350757 0.932498
1 0.356651 0.943442 0.352746 0.950535 0.350271 0.949013 0.354177 0.941920
1 0.376795 0.904891 0.370657 0.909367 0.369016 0.906853 0.375154 0.902377
1 0.375849 0.924795 0.368911 0.932076 0.366708 0.929731 0.373646 0.922450
1 0.325980 0.655232 0.319083 0.656821 0.318630 0.654624 0.325527 0.653035
1 0.328895 0.657725 0.322300 0.659283 0.321666 0.656286 0.328261 0.654728
1 0.332024 0.659547 0.325051 0.663014 0.323924 0.660481 0.330896 0.657014
1 0.347132 0.660331 0.340263 0.664556 0.338975 0.662217 0.345844 0.657992
1 0.331212 0.672265 0.324387 0.677186 0.323032 0.675085 0.329857 0.670164
1 0.350501 0.671574 0.344079 0.676292 0.342407 0.673749 0.348829 0.669031
1 0.384055 0.732498 0.379728 0.739623 0.377467 0.738089 0.381794 0.730964
1 0.371177 0.741209 0.364306 0.744940 0.363212 0.742689 0.370082 0.738958
1 0.395861 0.742899 0.391016 0.749948 0.389025 0.748420 0.393870 0.741371
1 0.397957 0.756320 0.392725 0.761774 0.390436 0.759321 0.395668 0.753867
1 0.389429 0.758822 0.383614 0.764335 0.381796 0.762192 0.387610 0.756680
1 0.384572 0.753855 0.382483 0.762454 0.379256 0.761578 0.381345 0.752979
1 0.353144 0.752174 0.348156 0.756565 0.346557 0.754536 0.351544 0.750145
1 0.332475 0.774255 0.329387 0.780829 0.326464 0.779295 0.329552 0.772721
1 0.325136 0.785383 0.319820 0.791962 0.317642 0.789996 0.322958 0.783417
1 0.322494 0.796600 0.317477 0.802188 0.314885 0.799588 0.319902 0.794000
1 0.299547 0.783888 0.294117 0.790352 0.292088 0.788447 0.297518 0.781983
1 0.397149 0.783892 0.390842 0.788789 0.389116 0.786306 0.395423 0.781409
1 0.401250 0.798609 0.394104 0.801893 0.392674 0.798416 0.399820 0.795132
1 0.387960 0.805397 0.381281 0.810716 0.379598 0.808355 0.386277 0.803036
1 0.361458 0.806116 0.356403 0.810600 0.354614 0.808347 0.359669 0.803863
1 0.317635 0.626418 0.312251 0.632149 0.310026 0.629814 0.315410 0.624083
1 0.342583 0.642701 0.335264 0.645244 0.334374 0.642383 0.341693 0.639840
1 0.286159 0.880327 0.278760 0.883535 0.277583 0.880501 0.284981 0.877293
1 0.280912 0.871102 0.277396 0.878239 0.274743 0.876779 0.278259 0.869642
1 0.257845 0.862326 0.252643 0.868697 0.250406 0.866656 0.255609 0.860285
1 0.250630 0.855032 0.244255 0.859980 0.242516 0.857477 0.248891 0.852529
1 0.379553 0.825012 0.371652 0.825626 0.371477 0.823108 0.379378 0.822494
1 0.446313 0.751397 0.439936 0.755399 0.438511 0.752862 0.444888 0.748860
1 0.587518 0.794021 0.581841 0.798509 0.580210 0.796204 0.585886 0.791716
1 0.578616 0.790635 0.586024 0.789618 0.586391 0.792607 0.578984 0.793624
1 0.536426 0.817429 0.544128 0.815610 0.544662 0.818136 0.536960 0.819955
1 0.537834 0.807896 0.539546 0.815433 0.536843 0.816119 0.535131 0.808582
1 0.528427 0.803083 0.530535 0.810705 0.528402 0.811364 0.526294 0.803742
1 0.614950 0.771552 0.622526 0.769645 0.623215 0.772705 0.615639 0.774612
1 0.622555 0.704554 0.626548 0.711607 0.623840 0.713320 0.619847 0.706267
1 0.602865 0.726684 0.609372 0.722997 0.610653 0.725523 0.604146 0.729210
1 0.546073 0.777803 0.539370 0.782546 0.538014 0.780405 0.544718 0.775662
1 0.545342 0.772496 0.538488 0.777183 0.537062 0.774852 0.543915 0.770165
1 0.533993 0.762936 0.541539 0.763299 0.541397 0.766603 0.533851 0.766241
1 0.187257 0.808995 0.180216 0.812786 0.179015 0.810295 0.186056 0.806504
1 0.138674 0.898560 0.133385 0.903559 0.131525 0.901361 0.136815 0.896362
1 0.142105 0.892685 0.136069 0.897135 0.134451 0.894683 0.140487 0.890233
1 0.152845 0.894193 0.159875 0.892803 0.160352 0.895498 0.153322 0.896888
1 0.582710 0.663800 0.577016 0.669392 0.574984 0.667081 0.580678 0.661489
1 0.578592 0.683782 0.584788 0.678936 0.586350 0.681168 0.580155 0.686014
1 0.424015 0.952653 0.418572 0.959088 0.416522 0.957150 0.421965 0.950715
1 0.431088 0.964190 0.426384 0.969850 0.423842 0.967489 0.428545 0.961830
1 0.420430 0.964459 0.415179 0.971146 0.413105 0.969326 0.418356 0.962640
1 0.098391 0.970134 0.096048 0.977891 0.093010 0.976866 0.095353 0.969109
1 0.140618 0.874680 0.135509 0.880194 0.133478 0.878091 0.138587 0.872577
1 0.390896 0.911462 0.385512 0.918009 0.383336 0.916010 0.388720 0.909463
1 0.400342 0.901377 0.395890 0.908434 0.393576 0.906803 0.398028 0.899746
1 0.398529 0.894494 0.395446 0.901780 0.392313 0.900299 0.395396 0.893013
1 0.411855 0.941388 0.404035 0.941691 0.403926 0.938545 0.411746 0.938242
1 0.392388 0.667446 0.400440 0.666128 0.400944 0.669569 0.392892 0.670886
1 0.391021 0.676300 0.397953 0.674254 0.399024 0.678309 0.392092 0.680355
1 0.427802 0.706200 0.423070 0.713007 0.420622 0.711106 0.425354 0.704299
1 0.397605 0.703529 0.391727 0.708524 0.389973 0.706217 0.395850 0.701223
1 0.301369 0.767843 0.295998 0.773100 0.293977 0.770793 0.299347 0.765536
1 0.271138 0.763347 0.264843 0.768270 0.263251 0.765995 0.269546 0.761073
1 0.276995 0.776637 0.271502 0.781809 0.269599 0.779551 0.275092 0.774379
1 0.291683 0.767531 0.286398 0.771131 0.284889 0.768655 0.290173 0.765055
1 0.281509 0.765248 0.287099 0.760377 0.288973 0.762779 0.283383 0.767651
1 0.261113 0.763968 0.254441 0.768039 0.252790 0.765016 0.259462 0.760945
1 0.246314 0.760303 0.252480 0.755825 0.254150 0.758394 0.247984 0.762872
1 0.232496 0.755929 0.229799 0.763805 0.227419 0.762894 0.230116 0.755019
1 0.197542 0.788797 0.192469 0.793524 0.190751 0.791465 0.195824 0.786738
1 0.177243 0.789966 0.170626 0.794844 0.168931 0.792276 0.175547 0.787398
1 0.192347 0.780764 0.186195 0.785316 0.184525 0.782795 0.190677 0.778243
1 0.154000 0.759126 0.149211 0.763619 0.147542 0.761632 0.152331 0.757139
1 0.411163 0.831967 0.416732 0.826630 0.418311 0.828471 0.412742 0.833808
1 0.414008 0.838565 0.412365 0.846145 0.410241 0.845630 0.411884 0.838051
1 0.419376 0.859281 0.425345 0.855855 0.426811 0.858709 0.420842 0.862135
1 0.406146 0.860169 0.412146 0.856740 0.413594 0.859571 0.407594 0.863000
1 0.439369 0.851711 0.446383 0.849345 0.447435 0.852829 0.440421 0.855195
1 0.434957 0.836044 0.440606 0.830997 0.442298 0.833114 0.436649 0.838160
1 0.435843 0.814680 0.430495 0.820514 0.428519 0.818490 0.433867 0.812656
1 0.460926 0.799314 0.455754 0.805238 0.453910 0.803440 0.459082 0.797516
1 0.463641 0.814909 0.471232 0.814194 0.471496 0.817331 0.463905 0.818046
1 0.476457 0.752476 0.470196 0.756676 0.468642 0.754088 0.474903 0.749888
1 0.506132 0.746296 0.513159 0.743020 0.514233 0.745592 0.507205 0.748869
1 0.526038 0.741724 0.519150 0.744695 0.518174 0.742169 0.525062 0.739198
1 0.522422 0.728929 0.529162 0.726683 0.530115 0.729876 0.523375 0.732122
1 0.530664 0.729356 0.537595 0.726277 0.538607 0.728824 0.531677 0.731903
1 0.539668 0.752611 0.533628 0.756965 0.531945 0.754358 0.537986 0.750003
1 0.549973 0.741461 0.543997 0.744340 0.542674 0.741271 0.548650 0.738392
1 0.561350 0.746300 0.567913 0.740723 0.569700 0.743072 0.563137 0.748649
1 0.575649 0.751331 0.579242 0.744187 0.582240 0.745872 0.578647 0.753015
1 0.600290 0.750893 0.607044 0.747177 0.608379 0.749888 0.601625 0.753604
1 0.588006 0.717040 0.581138 0.721081 0.579711 0.718372 0.586580 0.714331
1 0.481768 0.963977 0.475970 0.968975 0.473999 0.966420 0.479796 0.961422
1 0.472477 0.960443 0.479264 0.956677 0.480549 0.959265 0.473762 0.963031
1 0.463436 0.936437 0.459746 0.943741 0.457514 0.942482 0.461204 0.935177
1 0.458843 0.925313 0.453555 0.930293 0.451759 0.928162 0.457047 0.923182
1 0.420352 0.893514 0.422464 0.901250 0.419919 0.902026 0.417807 0.894290
1 0.420272 0.898615 0.426604 0.895870 0.427627 0.898505 0.421295 0.901250
1 0.495058 0.926218 0.490772 0.932785 0.488331 0.931005 0.492617 0.924438
1 0.480683 0.954422 0.472993 0.956829 0.472172 0.953901 0.479862 0.951493
1 0.520531 0.942414 0.514691 0.947991 0.512803 0.945782 0.518643 0.940205
1 0.497984 0.938019 0.496482 0.946110 0.493620 0.945517 0.495122 0.937426
1 0.508298 0.904124 0.502378 0.908738 0.500611 0.906204 0.506531 0.901591
1 0.540894 0.905095 0.547345 0.902327 0.548494 0.905316 0.542043 0.908085
1 0.589391 0.907618 0.584396 0.914022 0.581895 0.911844 0.586890 0.905439
3 0.287130 0.042736 0.292085 0.042736 0.292085 0.047786 0.287130 0.047786
1 0.082224 0.057112 0.076188 0.062078 0.074479 0.059758 0.080515 0.054792
1 0.162745 0.423178 0.162732 0.431328 0.159752 0.431323 0.159765 0.423173
1 0.161682 0.030741 0.157167 0.037309 0.154856 0.035534 0.159371 0.028967
1 0.179841 0.039924 0.178975 0.048219 0.175890 0.047859 0.176756 0.039564
1 0.142805 0.057078 0.150577 0.056590 0.150723 0.059191 0.142951 0.059679
1 0.308185 0.095107 0.315514 0.092604 0.316354 0.095352 0.309024 0.097855
1 0.324719 0.032411 0.320323 0.038190 0.318104 0.036305 0.322500 0.030526
1 0.336308 0.032801 0.330298 0.036350 0.329162 0.034201 0.335172 0.030652
1 0.348211 0.031446 0.342502 0.035115 0.341192 0.032837 0.346901 0.029168
1 0.181246 0.019564 0.175590 0.025199 0.173776 0.023165 0.179432 0.017530
1 0.204069 0.009394 0.199434 0.015423 0.197252 0.013549 0.201887 0.007520
1 0.236588 0.093697 0.233413 0.100398 0.231237 0.099246 0.234412 0.092545
1 0.064052 0.244319 0.056038 0.245736 0.055562 0.242725 0.063576 0.241308
1 0.095233 0.242596 0.094745 0.250563 0.091571 0.250346 0.092059 0.242379
1 0.023504 0.292261 0.015726 0.293593 0.015215 0.290257 0.022993 0.288925
1 0.866529 0.470909 0.873405 0.467286 0.874845 0.470339 0.867969 0.473962
1 0.891920 0.362381 0.898498 0.363720 0.897907 0.366963 0.891329 0.365624
1 0.900952 0.353471 0.892940 0.353383 0.892966 0.350800 0.900977 0.350888
1 0.892697 0.346554 0.900166 0.346554 0.900166 0.349233 0.892697 0.349233
1 0.899643 0.342089 0.892038 0.341991 0.892072 0.339024 0.899677 0.339122
1 0.909798 0.327059 0.917168 0.327467 0.917000 0.330861 0.909630 0.330453
1 0.915256 0.314814 0.922586 0.315044 0.922502 0.318020 0.915172 0.317790
1 0.918733 0.305713 0.926009 0.307264 0.925240 0.311298 0.917963 0.309747
1 0.958036 0.211480 0.951663 0.216374 0.949628 0.213414 0.956001 0.208520
1 0.436685 0.454308 0.430156 0.458325 0.428890 0.456026 0.435419 0.452009
1 0.414218 0.459219 0.406942 0.458923 0.407041 0.456213 0.414317 0.456509
1 0.391756 0.459878 0.388956 0.467431 0.386792 0.466535 0.389592 0.458982
1 0.405190 0.448613 0.398696 0.450568 0.398079 0.448280 0.404573 0.446325
1 0.386518 0.475429 0.392497 0.475407 0.392503 0.477267 0.386524 0.477289
1 0.386969 0.485437 0.382391 0.491083 0.379957 0.488878 0.384535 0.483232
1 0.383406 0.491139 0.379844 0.497846 0.377253 0.496309 0.380814 0.489602
1 0.379908 0.506447 0.374981 0.511252 0.373115 0.509115 0.378042 0.504309
1 0.354670 0.522077 0.349396 0.528290 0.347428 0.526424 0.352702 0.520211
1 0.310101 0.531243 0.308048 0.539569 0.305931 0.538986 0.307984 0.530660
1 0.271601 0.510665 0.278320 0.506514 0.279485 0.508622 0.272766 0.512772
1 0.270506 0.491724 0.276439 0.486772 0.278012 0.488878 0.272079 0.493830
1 0.261661 0.483629 0.267331 0.478308 0.269702 0.481129 0.264031 0.486451
1 0.250420 0.495743 0.256103 0.490219 0.257879 0.492260 0.252196 0.497784
1 0.232155 0.481517 0.226332 0.475404 0.228209 0.473407 0.234032 0.479519
1 0.204690 0.473761 0.209920 0.479525 0.208229 0.481239 0.203000 0.475474
1 0.191882 0.484826 0.185182 0.488849 0.183503 0.485724 0.190203 0.481701
1 0.152778 0.547184 0.151855 0.555619 0.149021 0.555273 0.149944 0.546837
1 0.826918 0.983450 0.825166 0.985146 0.820376 0.979621 0.822127 0.977924
1 0.632711 0.726516 0.639540 0.723147 0.640644 0.725647 0.633815 0.729016
1 0.730332 0.831790 0.732543 0.824966 0.734958 0.825840 0.732747 0.832664
1 0.733633 0.854679 0.740258 0.850557 0.741867 0.853445 0.735242 0.857567
1 0.990357 0.187623 0.995434 0.182198 0.997344 0.184195 0.992267 0.189620
1 0.191677 0.801023 0.199366 0.798431 0.200236 0.801314 0.192547 0.803906
1 0.714530 0.859172 0.712302 0.861814 0.706324 0.856184 0.708552 0.853542
1 0.750080 0.864216 0.756312 0.859427 0.757643 0.861361 0.751410 0.866151
1 0.409225 0.850798 0.416115 0.847019 0.417442 0.849722 0.410552 0.853501
1 0.700908 0.851234 0.703858 0.843643 0.706560 0.844817 0.703610 0.852407
1 0.903274 0.828481 0.906678 0.821497 0.909250 0.822898 0.905845 0.829882
1 0.130916 0.904738 0.136945 0.901258 0.138289 0.903859 0.132260 0.907338
1 0.800839 0.987707 0.807733 0.985954 0.808394 0.988857 0.801500 0.990610
1 0.345652 0.751098 0.348226 0.745280 0.350616 0.746461 0.348042 0.752280
1 0.610843 0.909984 0.617325 0.901813 0.620017 0.904200 0.613535 0.912370
1 0.613397 0.716311 0.618382 0.710042 0.620805 0.712195 0.615821 0.718464
1 0.089076 0.712962 0.094751 0.709342 0.096114 0.711729 0.090440 0.715350
1 0.521917 0.752206 0.525597 0.745108 0.528166 0.746597 0.524486 0.753694
1 0.598473 0.455962 0.605300 0.455532 0.605455 0.458288 0.598628 0.458718
1 0.811531 0.879845 0.819279 0.877656 0.820073 0.880797 0.812325 0.882986
1 0.978117 0.880517 0.983517 0.875972 0.985245 0.878266 0.979846 0.882811
1 0.907095 0.864621 0.912931 0.859115 0.914828 0.861363 0.908993 0.866868
11 0.073214 0.788740 0.063630 0.788728 0.063647 0.773377 0.073231 0.773389
1 0.788952 0.854804 0.796211 0.850992 0.797599 0.853946 0.790341 0.857758
1 0.428671 0.889280 0.430568 0.881010 0.433580 0.881782 0.431683 0.890052
1 0.461890 0.769358 0.469423 0.767336 0.470195 0.770551 0.462661 0.772572
1 0.589317 0.734081 0.595640 0.729186 0.597502 0.731875 0.591180 0.736769
1 0.963583 0.801450 0.968620 0.799151 0.969856 0.802176 0.964819 0.804475
1 0.725425 0.816418 0.730867 0.811131 0.732810 0.813366 0.727368 0.818652
1 0.341542 0.568017 0.347579 0.563121 0.349254 0.565428 0.343217 0.570324
1 0.583357 0.709118 0.591226 0.708298 0.591517 0.711415 0.583648 0.712235
1 0.752856 0.848462 0.762376 0.846914 0.762822 0.849982 0.753302 0.851530
1 0.566636 0.792868 0.574667 0.791112 0.575340 0.794549 0.567309 0.796305
1 0.311935 0.012153 0.319455 0.010388 0.320083 0.013377 0.312563 0.015142
1 0.179183 0.626797 0.185954 0.624137 0.186919 0.626883 0.180148 0.629543
1 0.832286 0.456906 0.832618 0.449065 0.835590 0.449206 0.835257 0.457047
1 0.333795 0.045761 0.338336 0.040528 0.340359 0.042489 0.335818 0.047722
1 0.199326 0.057669 0.197202 0.059510 0.192072 0.052898 0.194196 0.051057
1 0.448971 0.813298 0.453891 0.808325 0.455743 0.810372 0.450824 0.815345
1 0.863304 0.856509 0.872021 0.854307 0.872881 0.858112 0.864165 0.860314
1 0.076422 0.067966 0.082546 0.061903 0.084602 0.064223 0.078479 0.070287
1 0.659452 0.718435 0.666245 0.714653 0.667640 0.717452 0.660847 0.721234
1 0.802679 0.865381 0.802630 0.868773 0.794614 0.868642 0.794663 0.865250
1 0.285469 0.924334 0.291887 0.922690 0.292648 0.926009 0.286229 0.927653
1 0.045180 0.960406 0.049424 0.953222 0.051867 0.954834 0.047623 0.962018
1 0.174147 0.842530 0.179819 0.837370 0.181627 0.839591 0.175955 0.844750
1 0.752819 0.992139 0.760280 0.988267 0.761604 0.991117 0.754144 0.994990
1 0.716711 0.284338 0.723448 0.281609 0.724312 0.283992 0.717575 0.286720
1 0.750285 0.853747 0.751143 0.845277 0.754081 0.845610 0.753223 0.854079
1 0.847125 0.838347 0.853993 0.838086 0.854095 0.841089 0.847227 0.841350
1 0.755597 0.983256 0.762540 0.981618 0.763205 0.984769 0.756262 0.986407
1 0.926208 0.745905 0.933680 0.743803 0.934308 0.746298 0.926836 0.748400
1 0.474590 0.807875 0.482014 0.805326 0.482951 0.808373 0.475527 0.810922
1 0.560907 0.811314 0.560900 0.813899 0.553134 0.813874 0.553141 0.811289
1 0.934410 0.921611 0.932546 0.924065 0.927107 0.919451 0.928971 0.916997
1 0.359824 0.039868 0.357413 0.040477 0.355691 0.032852 0.358102 0.032244
1 0.201634 0.514772 0.207802 0.511015 0.209151 0.513489 0.202983 0.517246
1 0.224654 0.032846 0.228623 0.025644 0.231949 0.027692 0.227980 0.034894
1 0.369803 0.897000 0.376073 0.892941 0.377627 0.895622 0.371356 0.899681
1 0.235619 0.757037 0.239705 0.750329 0.241960 0.751864 0.237874 0.758572
1 0.367313 0.929298 0.373037 0.922887 0.375111 0.924956 0.369387 0.931366
1 0.086850 0.098735 0.090795 0.093704 0.092961 0.095602 0.089015 0.100632
1 0.503268 0.853212 0.510486 0.849799 0.511783 0.852863 0.504565 0.856276
1 0.679270 0.820016 0.683943 0.813846 0.686205 0.815760 0.681532 0.821931
1 0.047870 0.034891 0.054037 0.030503 0.055439 0.032704 0.049272 0.037092
1 0.291053 0.586000 0.296489 0.580496 0.298355 0.582554 0.292919 0.588059
1 0.295651 0.133718 0.300516 0.128097 0.302488 0.130003 0.297622 0.135624
11 0.482041 0.549418 0.491045 0.549447 0.491022 0.557407 0.482018 0.557378
1 0.800217 0.392288 0.793170 0.395969 0.792029 0.393531 0.799076 0.389849
1 0.832038 0.438109 0.825858 0.443379 0.823841 0.440736 0.830021 0.435466
1 0.837818 0.443065 0.844905 0.440543 0.845714 0.443084 0.838627 0.445606
1 0.849756 0.448048 0.842276 0.448573 0.842089 0.445597 0.849569 0.445072
1 0.864361 0.430051 0.868266 0.437317 0.865710 0.438851 0.861805 0.431586
1 0.863960 0.450152 0.871382 0.449022 0.871816 0.452206 0.864394 0.453336
1 0.855415 0.453687 0.862454 0.451052 0.863356 0.453742 0.856316 0.456377
1 0.906244 0.444797 0.910924 0.439065 0.912871 0.440841 0.908191 0.446573
1 0.914966 0.421366 0.922120 0.419439 0.922832 0.422390 0.915677 0.424317
1 0.885860 0.403116 0.881186 0.409741 0.878652 0.407744 0.883326 0.401119
1 0.872337 0.294027 0.867806 0.300571 0.865510 0.298795 0.870041 0.292251
1 0.964236 0.290052 0.956786 0.292794 0.955691 0.289470 0.963141 0.286728
1 0.963183 0.284609 0.954817 0.285946 0.954395 0.282998 0.962761 0.281660
1 0.949596 0.258011 0.942831 0.262257 0.941196 0.259346 0.947961 0.255100
1 0.957420 0.153590 0.951149 0.157960 0.949543 0.155385 0.955814 0.151015
1 0.947494 0.142633 0.953688 0.146352 0.952130 0.149252 0.945936 0.145533
1 0.190031 0.520370 0.196887 0.516913 0.198084 0.519567 0.191228 0.523023
1 0.206806 0.529166 0.200446 0.534176 0.198774 0.531805 0.205134 0.526795
1 0.938971 0.874415 0.935255 0.881138 0.932684 0.879550 0.936400 0.872827
1 0.944750 0.840986 0.951778 0.837787 0.952958 0.840681 0.945929 0.843880
1 0.936027 0.849502 0.942927 0.845992 0.944218 0.848826 0.937318 0.852336
1 0.969457 0.822805 0.977135 0.821169 0.977663 0.823937 0.969985 0.825573
1 0.977591 0.771563 0.984093 0.768646 0.985623 0.772456 0.979121 0.775374
1 0.977627 0.758649 0.984117 0.755422 0.985785 0.759169 0.979295 0.762396
1 0.964396 0.756717 0.972436 0.753074 0.973747 0.756306 0.965707 0.759949
1 0.974360 0.848997 0.981321 0.845706 0.982439 0.848348 0.975478 0.851639
1 0.883968 0.802216 0.890966 0.800082 0.891867 0.803383 0.884869 0.805517
1 0.964954 0.886023 0.973712 0.884573 0.974176 0.887705 0.965418 0.889155
1 0.807624 0.973020 0.815269 0.972511 0.815446 0.975468 0.807800 0.975977
1 0.802579 0.946047 0.809128 0.942505 0.810480 0.945298 0.803931 0.948840
1 0.796525 0.956816 0.804785 0.955340 0.805282 0.958447 0.797021 0.959923
1 0.811501 0.932592 0.807088 0.938895 0.805313 0.937506 0.809726 0.931204
1 0.817025 0.883181 0.824713 0.881125 0.825552 0.884632 0.817864 0.886688
1 0.808964 0.876500 0.815525 0.875164 0.816136 0.878520 0.809576 0.879856
1 0.893436 0.818015 0.899195 0.815124 0.900378 0.817758 0.894620 0.820648
1 0.878212 0.811532 0.885573 0.810440 0.885941 0.813208 0.878580 0.814301
1 0.917100 0.890271 0.922623 0.885178 0.924344 0.887264 0.918821 0.892357
1 0.725215 0.956248 0.732699 0.954566 0.733395 0.958029 0.725912 0.959710
1 0.784334 0.976488 0.790941 0.975888 0.791187 0.978925 0.784581 0.979524
1 0.804170 0.927424 0.811618 0.925693 0.812226 0.928616 0.804778 0.930347
1 0.793615 0.922664 0.800272 0.919963 0.801277 0.922731 0.794621 0.925432
1 0.784782 0.918306 0.791505 0.916188 0.792272 0.918910 0.785549 0.921028
1 0.750570 0.889880 0.758302 0.889709 0.758352 0.892225 0.750620 0.892396
1 0.784770 0.888637 0.791440 0.887087 0.792031 0.889930 0.785361 0.891480
1 0.799411 0.887218 0.807286 0.886752 0.807445 0.889742 0.799570 0.890208
1 0.355251 0.855021 0.350646 0.860862 0.347957 0.858494 0.352561 0.852653
1 0.356193 0.870622 0.350602 0.876171 0.348625 0.873946 0.354216 0.868397
1 0.346308 0.875232 0.340972 0.880417 0.338828 0.877953 0.344164 0.872767
1 0.802156 0.986282 0.795975 0.989384 0.794804 0.986778 0.800985 0.983675
1 0.763417 0.879845 0.757628 0.884625 0.756034 0.882469 0.761823 0.877689
1 0.807251 0.987298 0.813967 0.985906 0.814326 0.987842 0.807610 0.989234
1 0.836559 0.805246 0.844324 0.806649 0.843808 0.809836 0.836044 0.808433
1 0.837935 0.813632 0.844677 0.816440 0.843170 0.820484 0.836427 0.817676
1 0.916466 0.865314 0.912977 0.872943 0.910570 0.871713 0.914059 0.864084
1 0.920871 0.872868 0.914200 0.876491 0.913074 0.874173 0.919744 0.870550
1 0.925154 0.875858 0.929956 0.869454 0.931777 0.870980 0.926975 0.877384
1 0.928236 0.876283 0.934374 0.871622 0.935858 0.873805 0.929720 0.878466
1 0.828317 0.874346 0.835382 0.872882 0.836019 0.876313 0.828953 0.877777
1 0.832347 0.864189 0.839818 0.862938 0.840268 0.865941 0.832797 0.867192
1 0.776223 0.845205 0.779125 0.852502 0.776707 0.853577 0.773804 0.846279
1 0.771584 0.864950 0.766051 0.868272 0.764887 0.866105 0.770420 0.862783
1 0.754156 0.871198 0.761119 0.866670 0.763092 0.870061 0.756130 0.874589
1 0.946285 0.827476 0.953136 0.823021 0.954805 0.825889 0.947954 0.830344
1 0.977444 0.791121 0.984558 0.789232 0.985213 0.791986 0.978099 0.793875
1 0.787171 0.858919 0.781275 0.861865 0.780102 0.859242 0.785998 0.856296
1 0.789373 0.841957 0.796269 0.846064 0.794826 0.848771 0.787930 0.844664
1 0.471029 0.697525 0.466892 0.704689 0.464292 0.703011 0.468429 0.695848
1 0.524539 0.705800 0.532258 0.704870 0.532553 0.707606 0.524834 0.708536
1 0.536793 0.713789 0.529990 0.716293 0.528884 0.712935 0.535687 0.710431
1 0.532343 0.717539 0.539170 0.715026 0.540132 0.717947 0.533306 0.720460
1 0.402028 0.816584 0.397726 0.823749 0.395127 0.822006 0.399429 0.814841
1 0.578984 0.720506 0.585067 0.725512 0.582796 0.728595 0.576713 0.723589
1 0.520243 0.787138 0.515070 0.792201 0.513132 0.789989 0.518306 0.784926
1 0.493103 0.846410 0.500532 0.844099 0.501179 0.846421 0.493750 0.848732
1 0.894106 0.786184 0.901155 0.783561 0.902048 0.786241 0.894999 0.788864
1 0.486941 0.852169 0.488503 0.860071 0.485857 0.860655 0.484295 0.852753
1 0.553501 0.799348 0.559163 0.805523 0.557299 0.807432 0.551637 0.801257
1 0.449160 0.770753 0.454277 0.777456 0.452610 0.778877 0.447493 0.772175
1 0.385802 0.867998 0.390928 0.862289 0.393150 0.864518 0.388024 0.870227
1 0.201067 0.770496 0.195739 0.776514 0.194100 0.774893 0.199428 0.768875
1 0.536062 0.880512 0.530874 0.886955 0.528852 0.885136 0.534040 0.878693
1 0.541139 0.853405 0.548387 0.851033 0.549686 0.855466 0.542438 0.857838
11 0.056561 0.444073 0.069282 0.428386 0.095946 0.452542 0.083225 0.468229
11 0.077886 0.495148 0.078096 0.480386 0.085408 0.480502 0.085198 0.495264
1 0.232867 0.532855 0.227399 0.537951 0.225592 0.535785 0.231061 0.530690
1 0.896410 0.873448 0.901383 0.868081 0.903516 0.870289 0.898544 0.875656
1 0.592567 0.471627 0.597655 0.465287 0.600412 0.467759 0.595324 0.474099
1 0.415739 0.569687 0.411353 0.576717 0.408771 0.574918 0.413157 0.567888
1 0.739639 0.862327 0.746698 0.860425 0.747370 0.863210 0.740311 0.865113
11 0.022376 0.808551 0.034913 0.808836 0.034610 0.823728 0.022072 0.823443
1 0.258960 0.872268 0.264851 0.866270 0.267939 0.869657 0.262048 0.875656
1 0.039041 0.658895 0.045005 0.655655 0.047016 0.659790 0.041052 0.663030
1 0.823613 0.857177 0.830648 0.856369 0.830947 0.859278 0.823912 0.860086
1 0.330857 0.914949 0.338004 0.912436 0.338925 0.915362 0.331778 0.917875
11 0.004023 0.807011 0.022925 0.807607 0.021908 0.843617 0.003006 0.843021
1 0.904902 0.691021 0.897582 0.693491 0.896750 0.690737 0.904070 0.688267
1 0.918925 0.908476 0.913498 0.913239 0.911596 0.910817 0.917023 0.906055
1 0.887574 0.897712 0.886246 0.905925 0.883888 0.905498 0.885216 0.897286
1 0.944654 0.818320 0.951283 0.814884 0.952438 0.817374 0.945809 0.820810
1 0.972413 0.836691 0.980240 0.835912 0.980513 0.838976 0.972686 0.839755
1 0.907553 0.512550 0.901792 0.517325 0.900337 0.515364 0.906099 0.510589
