1 0.053491 0.680216 0.061480 0.678436 0.062112 0.681606 0.054123 0.683386
11 0.325314 0.030643 0.331139 0.030643 0.331139 0.035687 0.325314 0.035687
11 0.320242 0.019131 0.324751 0.019131 0.324751 0.023366 0.320242 0.023366
11 0.328945 0.019388 0.335083 0.019388 0.335083 0.025418 0.328945 0.025418
1 0.484879 0.342392 0.492422 0.342392 0.492422 0.345714 0.484879 0.345714
1 0.435038 0.514651 0.442772 0.514651 0.442772 0.518444 0.435038 0.518444
1 0.341427 0.978305 0.349410 0.978305 0.349410 0.981664 0.341427 0.981664
1 0.271619 0.828962 0.279885 0.828962 0.279885 0.832055 0.271619 0.832055
3 0.041665 0.940409 0.046316 0.940409 0.046316 0.945326 0.041665 0.945326
3 0.040875 0.942302 0.044901 0.942302 0.044901 0.946988 0.040875 0.946988
1 0.197248 0.735545 0.205859 0.735545 0.205859 0.739299 0.197248 0.739299
1 0.627231 0.115377 0.622835 0.121751 0.620443 0.119907 0.624839 0.113533
1 0.527639 0.260729 0.533084 0.255246 0.535237 0.257637 0.529792 0.263120
1 0.390299 0.340945 0.396633 0.335042 0.399028 0.337915 0.392694 0.343818
1 0.409521 0.366821 0.403620 0.371288 0.401997 0.368893 0.407899 0.364425
1 0.415153 0.522876 0.422150 0.520358 0.423450 0.524396 0.416453 0.526914
1 0.422140 0.513442 0.429532 0.508288 0.431575 0.511563 0.424183 0.516717
1 0.431224 0.504744 0.437957 0.501708 0.439289 0.505011 0.432556 0.508047
1 0.384383 0.572109 0.390661 0.568057 0.392606 0.571427 0.386329 0.575478
1 0.081678 0.538341 0.088498 0.534110 0.090368 0.537479 0.083547 0.541710
1 0.039273 0.514906 0.044909 0.509092 0.047075 0.511438 0.041438 0.517253
1 0.019043 0.510411 0.027340 0.508737 0.027950 0.512118 0.019653 0.513792
1 0.281893 0.883280 0.275933 0.888492 0.274033 0.886064 0.279993 0.880852
1 0.273076 0.892003 0.265802 0.895803 0.264509 0.893036 0.271782 0.889236
1 0.267315 0.895776 0.274334 0.892043 0.275573 0.894649 0.268555 0.898381
1 0.073415 0.448137 0.081531 0.446516 0.082133 0.449880 0.074016 0.451502
1 0.121420 0.458690 0.124469 0.450670 0.127348 0.451894 0.124299 0.459913
1 0.111100 0.461867 0.116975 0.455480 0.119450 0.458025 0.113575 0.464412
1 0.083880 0.451822 0.077728 0.456867 0.075792 0.454228 0.081944 0.449183
1 0.325412 0.629262 0.331881 0.625564 0.333385 0.628503 0.326915 0.632202
1 0.319096 0.652936 0.324915 0.650184 0.326041 0.652845 0.320222 0.655597
1 0.327364 0.655174 0.323460 0.661603 0.321226 0.660087 0.325130 0.653657
1 0.329692 0.674979 0.335708 0.670721 0.336974 0.672721 0.330958 0.676979
1 0.391466 0.711980 0.397252 0.707304 0.398788 0.709428 0.393001 0.714104
1 0.419474 0.763453 0.414715 0.768451 0.412718 0.766325 0.417477 0.761327
1 0.265956 0.709870 0.260313 0.715414 0.258210 0.713022 0.263853 0.707478
1 0.265839 0.750971 0.261474 0.757812 0.258589 0.755754 0.262953 0.748913
1 0.404669 0.645806 0.399550 0.651988 0.397238 0.649848 0.402357 0.643666
1 0.393355 0.614133 0.400100 0.609287 0.401837 0.611990 0.395092 0.616836
1 0.353561 0.630426 0.361187 0.629919 0.361385 0.633236 0.353758 0.633743
1 0.340570 0.627165 0.349184 0.625837 0.349578 0.628697 0.340965 0.630025
1 0.314299 0.613116 0.320119 0.607709 0.322121 0.610118 0.316300 0.615525
1 0.299377 0.620833 0.305239 0.616025 0.307153 0.618633 0.301290 0.623441
1 0.395520 0.594570 0.401752 0.590934 0.403466 0.594217 0.397235 0.597854
1 0.384188 0.598687 0.391019 0.595117 0.392907 0.599156 0.386076 0.602725
1 0.435089 0.732969 0.441679 0.728164 0.443333 0.730698 0.436742 0.735504
1 0.431216 0.737677 0.434637 0.730092 0.437222 0.731396 0.433801 0.738981
1 0.369978 0.749386 0.374409 0.742174 0.377157 0.744061 0.372726 0.751274
1 0.276771 0.733602 0.271042 0.739350 0.268547 0.736571 0.274276 0.730823
1 0.241865 0.749347 0.249556 0.747796 0.250096 0.750787 0.242405 0.752338
1 0.269592 0.745988 0.276691 0.742098 0.278181 0.745138 0.271082 0.749028
1 0.486781 0.733979 0.480834 0.738463 0.478937 0.735651 0.484884 0.731167
1 0.396082 0.722237 0.403191 0.719155 0.404443 0.722382 0.397334 0.725464
1 0.502729 0.723818 0.505152 0.730782 0.501935 0.732033 0.499512 0.725069
1 0.469334 0.748282 0.469349 0.757016 0.465955 0.757023 0.465940 0.748288
1 0.435043 0.746270 0.429811 0.752039 0.427086 0.749276 0.432318 0.743507
1 0.424929 0.773075 0.419825 0.779461 0.417531 0.777411 0.422635 0.771025
1 0.440977 0.790717 0.436041 0.797161 0.433617 0.795086 0.438553 0.788642
1 0.449516 0.799664 0.450634 0.809150 0.447317 0.809587 0.446199 0.800101
1 0.452568 0.814169 0.447450 0.820415 0.444576 0.817782 0.449694 0.811536
1 0.440597 0.807795 0.446169 0.813269 0.443642 0.816144 0.438070 0.810670
1 0.434063 0.809825 0.432866 0.801741 0.436064 0.801211 0.437261 0.809296
1 0.435646 0.800091 0.431132 0.806448 0.428658 0.804484 0.433172 0.798127
1 0.422618 0.798638 0.429801 0.795032 0.431074 0.797865 0.423891 0.801472
1 0.422281 0.792935 0.419007 0.800857 0.415807 0.799379 0.419081 0.791457
1 0.411398 0.792085 0.405942 0.797597 0.403819 0.795248 0.409276 0.789737
1 0.388866 0.777153 0.394914 0.773579 0.397084 0.777685 0.391037 0.781259
1 0.405731 0.782205 0.399594 0.788256 0.397359 0.785722 0.403496 0.779671
1 0.392672 0.763005 0.399652 0.759197 0.401323 0.762620 0.394344 0.766429
1 0.364945 0.753837 0.371613 0.749568 0.373571 0.752987 0.366904 0.757256
1 0.339216 0.727326 0.333980 0.733201 0.331760 0.730989 0.336995 0.725114
1 0.312317 0.724464 0.318483 0.719090 0.320445 0.721605 0.314279 0.726980
1 0.314538 0.666947 0.319923 0.661910 0.321893 0.664264 0.316508 0.669301
1 0.313500 0.685538 0.319822 0.680893 0.321519 0.683475 0.315198 0.688120
1 0.310435 0.661573 0.316340 0.657087 0.318100 0.659678 0.312195 0.664164
1 0.286704 0.695284 0.281746 0.702264 0.279065 0.700136 0.284023 0.693156
1 0.235935 0.719073 0.241088 0.712979 0.243511 0.715270 0.238358 0.721364
1 0.260568 0.721033 0.254272 0.725422 0.252408 0.722432 0.258703 0.718043
1 0.198874 0.726333 0.205339 0.723474 0.206591 0.726638 0.200125 0.729497
1 0.260927 0.726454 0.268467 0.725602 0.268873 0.729621 0.261333 0.730473
1 0.346167 0.740673 0.352079 0.734679 0.354610 0.737470 0.348698 0.743464
1 0.341531 0.731284 0.346854 0.726199 0.348854 0.728540 0.343531 0.733625
1 0.319849 0.710054 0.327215 0.707479 0.328249 0.710785 0.320883 0.713360
1 0.332189 0.692044 0.328325 0.699148 0.325547 0.697459 0.329412 0.690355
11 0.930450 0.486808 0.937290 0.486808 0.937290 0.494427 0.930450 0.494427
1 0.522203 0.845331 0.529333 0.842285 0.530614 0.845637 0.523484 0.848682
1 0.270459 0.772718 0.265063 0.779518 0.262528 0.777270 0.267925 0.770469
1 0.135602 0.872481 0.134679 0.881324 0.131366 0.880938 0.132289 0.872095
3 0.099498 0.777457 0.103834 0.777457 0.103834 0.781953 0.099498 0.781953
3 0.041590 0.792763 0.045691 0.792763 0.045691 0.797198 0.041590 0.797198
1 0.742495 0.180271 0.744958 0.171703 0.748148 0.172728 0.745685 0.181296
1 0.706676 0.146488 0.710928 0.140278 0.713694 0.142394 0.709442 0.148605
1 0.637382 0.249566 0.634156 0.257375 0.631511 0.256153 0.634738 0.248345
1 0.625027 0.232650 0.620315 0.239635 0.618097 0.237963 0.622809 0.230978
1 0.620900 0.236157 0.626470 0.231199 0.628542 0.233801 0.622972 0.238759
1 0.616731 0.222821 0.623212 0.220136 0.624356 0.223221 0.617874 0.225906
1 0.628160 0.209255 0.624634 0.216666 0.621717 0.215114 0.625243 0.207703
1 0.204436 0.827971 0.211829 0.824006 0.213279 0.827029 0.205886 0.830994
1 0.214811 0.786668 0.210287 0.793895 0.207778 0.792139 0.212302 0.784912
1 0.208536 0.778711 0.215634 0.783546 0.213886 0.786414 0.206788 0.781579
1 0.284804 0.791692 0.289420 0.785445 0.292002 0.787578 0.287386 0.793825
1 0.280409 0.837113 0.273500 0.836832 0.273617 0.833620 0.280526 0.833901
1 0.457250 0.860357 0.464602 0.857405 0.465710 0.860489 0.458358 0.863441
1 0.539998 0.874800 0.533211 0.879214 0.531924 0.877001 0.538711 0.872587
1 0.635468 0.952126 0.629093 0.958067 0.626772 0.955283 0.633147 0.949342
1 0.354225 0.964269 0.347674 0.968446 0.346024 0.965553 0.352574 0.961376
1 0.170388 0.951827 0.166513 0.958865 0.164526 0.957643 0.168401 0.950604
3 0.067538 0.713255 0.071780 0.713255 0.071780 0.717702 0.067538 0.717702
1 0.736395 0.490536 0.731412 0.496030 0.729168 0.493755 0.734151 0.488261
1 0.020936 0.734687 0.029329 0.732751 0.030077 0.736381 0.021685 0.738317
1 0.294997 0.635777 0.302115 0.630909 0.303806 0.633673 0.296688 0.638541
1 0.698427 0.278089 0.693857 0.285388 0.691093 0.283454 0.695663 0.276154
1 0.659383 0.282417 0.665717 0.279364 0.666888 0.282081 0.660554 0.285133
1 0.624302 0.189388 0.631113 0.186851 0.631971 0.189428 0.625160 0.191964
1 0.624547 0.175236 0.618341 0.180309 0.616526 0.177827 0.622732 0.172754
1 0.620962 0.189151 0.627063 0.183524 0.629225 0.186145 0.623124 0.191772
1 0.520019 0.264109 0.526933 0.262013 0.527757 0.265052 0.520843 0.267148
1 0.236200 0.351634 0.229676 0.356571 0.227742 0.353715 0.234266 0.348778
1 0.399605 0.348701 0.405828 0.343002 0.407798 0.345407 0.401575 0.351106
1 0.418837 0.383032 0.413207 0.388134 0.411168 0.385618 0.416798 0.380516
1 0.409639 0.893755 0.415571 0.887888 0.417447 0.890008 0.411515 0.895875
1 0.125017 0.727958 0.133296 0.726805 0.133661 0.729735 0.125382 0.730888
1 0.729735 0.214161 0.732688 0.206698 0.735916 0.208125 0.732963 0.215588
1 0.691076 0.052623 0.694717 0.044624 0.697544 0.046062 0.693903 0.054061
1 0.697769 0.277064 0.698244 0.268847 0.702706 0.269136 0.702231 0.277353
1 0.383635 0.319040 0.391372 0.318482 0.391581 0.321728 0.383844 0.322286
1 0.405239 0.588906 0.412286 0.584518 0.414187 0.587932 0.407141 0.592320
1 0.385574 0.635740 0.387943 0.627939 0.390837 0.628921 0.388468 0.636723
1 0.430684 0.391261 0.424376 0.395982 0.422552 0.393258 0.428859 0.388537
1 0.428522 0.398356 0.422477 0.403738 0.420421 0.401156 0.426466 0.395774
1 0.432030 0.368606 0.425389 0.372693 0.423816 0.369836 0.430457 0.365749
1 0.301857 0.563772 0.308081 0.558903 0.310557 0.562440 0.304333 0.567310
1 0.296785 0.574239 0.302700 0.570525 0.304941 0.574515 0.299026 0.578229
1 0.311951 0.583226 0.317844 0.577867 0.319919 0.580417 0.314026 0.585776
1 0.334961 0.589742 0.341371 0.584504 0.343279 0.587114 0.336869 0.592352
1 0.257937 0.626887 0.264158 0.621250 0.266342 0.623943 0.260121 0.629580
1 0.097342 0.882161 0.091597 0.888767 0.089275 0.886510 0.095021 0.879904
1 0.079774 0.893007 0.076958 0.900680 0.074055 0.899489 0.076871 0.891816
1 0.095477 0.772371 0.091702 0.779660 0.088873 0.778022 0.092647 0.770733
1 0.112829 0.799610 0.118996 0.794424 0.121128 0.797258 0.114961 0.802444
1 0.027063 0.744933 0.035244 0.742712 0.036296 0.747046 0.028115 0.749267
1 0.528342 0.685254 0.534356 0.679589 0.536729 0.682405 0.530715 0.688070
1 0.562616 0.667014 0.565459 0.659539 0.568844 0.660979 0.566001 0.668453
1 0.068319 0.773246 0.075086 0.769182 0.076510 0.771831 0.069743 0.775896
1 0.956209 0.414041 0.950533 0.418289 0.948532 0.415300 0.954208 0.411052
1 0.954970 0.411365 0.961480 0.407581 0.963142 0.410776 0.956631 0.414561
1 0.846916 0.430128 0.850894 0.422959 0.853600 0.424638 0.849622 0.431806
1 0.508168 0.620956 0.513326 0.615618 0.515499 0.617965 0.510342 0.623304
1 0.502887 0.652490 0.509153 0.646182 0.511282 0.648546 0.505016 0.654854
1 0.497303 0.851999 0.490834 0.856273 0.489228 0.853556 0.495697 0.849282
1 0.561849 0.840791 0.566433 0.833791 0.568945 0.835630 0.564361 0.842630
1 0.607030 0.908705 0.601679 0.914709 0.598632 0.911674 0.603984 0.905670
1 0.424895 0.746294 0.419598 0.751875 0.416845 0.748954 0.422142 0.743373
1 0.434579 0.766172 0.429442 0.772120 0.427155 0.769912 0.432292 0.763964
1 0.441164 0.771886 0.448279 0.768443 0.449614 0.771526 0.442499 0.774969
1 0.468317 0.808820 0.463750 0.816005 0.460878 0.813965 0.465445 0.806779
1 0.376704 0.798847 0.371910 0.806086 0.369070 0.803983 0.373864 0.796745
1 0.394543 0.796186 0.388446 0.802746 0.385831 0.800028 0.391927 0.793469
1 0.371111 0.782601 0.378318 0.779842 0.379404 0.783014 0.372197 0.785773
1 0.389237 0.782290 0.384827 0.789663 0.382195 0.787904 0.386605 0.780530
1 0.400977 0.711405 0.395336 0.717145 0.393407 0.715026 0.399048 0.709286
1 0.395105 0.695300 0.389683 0.701340 0.387600 0.699249 0.393022 0.693209
1 0.435384 0.360416 0.429576 0.366598 0.427163 0.364064 0.432971 0.357882
1 0.407218 0.365427 0.400216 0.367789 0.399258 0.364614 0.406260 0.362252
1 0.498884 0.345667 0.505479 0.341327 0.507290 0.344403 0.500695 0.348743
1 0.614430 0.328353 0.620641 0.323974 0.622359 0.326698 0.616149 0.331077
1 0.337029 0.685946 0.331097 0.692131 0.329018 0.689902 0.334950 0.683717
1 0.339711 0.675949 0.333413 0.681040 0.331774 0.678775 0.338073 0.673683
1 0.280111 0.673080 0.286950 0.668939 0.288804 0.672362 0.281965 0.676503
1 0.288804 0.678086 0.284757 0.685351 0.281927 0.683588 0.285975 0.676324
1 0.433523 0.196492 0.439600 0.191807 0.441416 0.194440 0.435339 0.199125
1 0.438166 0.202352 0.443692 0.197072 0.445438 0.199115 0.439912 0.204394
1 0.445552 0.207372 0.451502 0.212483 0.449552 0.215020 0.443602 0.209909
1 0.431444 0.235158 0.437343 0.230286 0.439343 0.232993 0.433444 0.237865
1 0.440620 0.242573 0.444426 0.234609 0.447296 0.236142 0.443490 0.244106
1 0.538313 0.299075 0.532546 0.305151 0.530045 0.302497 0.535812 0.296421
1 0.456814 0.267130 0.450442 0.271778 0.448763 0.269204 0.455135 0.264556
1 0.501444 0.290510 0.496441 0.297502 0.493647 0.295268 0.498650 0.288275
1 0.466716 0.303391 0.460101 0.306360 0.458797 0.303111 0.465411 0.300142
1 0.490915 0.308061 0.486481 0.315419 0.483717 0.313557 0.488151 0.306199
1 0.674629 0.262280 0.679105 0.255743 0.682252 0.258152 0.677776 0.264689
1 0.400518 0.318037 0.392856 0.319104 0.392394 0.315398 0.400056 0.314331
1 0.407211 0.326931 0.414961 0.327461 0.414748 0.330945 0.406998 0.330415
1 0.277915 0.277780 0.285931 0.276240 0.286646 0.280398 0.278629 0.281938
1 0.284763 0.304977 0.290145 0.299064 0.292693 0.301657 0.287312 0.307570
1 0.215959 0.348749 0.220971 0.342632 0.223151 0.344628 0.218139 0.350745
1 0.218349 0.333634 0.210695 0.333592 0.210712 0.330090 0.218367 0.330132
1 0.496919 0.128125 0.490659 0.133738 0.488522 0.131074 0.494782 0.125461
1 0.496171 0.135155 0.489232 0.139476 0.487418 0.136218 0.494357 0.131897
1 0.470609 0.177130 0.474267 0.169638 0.477129 0.171199 0.473471 0.178692
1 0.486054 0.170424 0.492320 0.164458 0.494526 0.167049 0.488261 0.173014
1 0.469823 0.184414 0.474721 0.177416 0.477685 0.179735 0.472787 0.186733
1 0.612363 0.140379 0.608574 0.148105 0.605700 0.146530 0.609489 0.138804
1 0.627931 0.124524 0.621181 0.128596 0.618920 0.124404 0.625670 0.120333
1 0.621072 0.100175 0.628418 0.098051 0.629182 0.101004 0.621835 0.103128
1 0.422834 0.553214 0.417549 0.558573 0.415300 0.556093 0.420586 0.550735
1 0.286939 0.541883 0.279605 0.546006 0.277897 0.542609 0.285231 0.538486
1 0.275071 0.538875 0.281978 0.534710 0.283639 0.537790 0.276732 0.541955
1 0.441874 0.551139 0.448778 0.546666 0.450212 0.549139 0.443307 0.553613
1 0.440033 0.532107 0.436151 0.538857 0.433379 0.537075 0.437261 0.530325
1 0.436990 0.542438 0.430564 0.547320 0.428856 0.544808 0.435282 0.539926
1 0.392208 0.481171 0.397632 0.474757 0.400068 0.477059 0.394643 0.483474
1 0.417930 0.480907 0.425235 0.476573 0.426616 0.479176 0.419311 0.483509
1 0.427239 0.463790 0.433583 0.458241 0.435743 0.461002 0.429399 0.466551
1 0.434190 0.497646 0.441287 0.493823 0.442796 0.496954 0.435699 0.500777
1 0.531834 0.851981 0.538912 0.849376 0.539995 0.852664 0.532917 0.855270
1 0.641783 0.935005 0.633074 0.939860 0.630869 0.935439 0.639578 0.930584
1 0.616866 0.920502 0.612451 0.927608 0.609325 0.925437 0.613740 0.918331
1 0.670442 0.536003 0.674939 0.528567 0.677580 0.530352 0.673082 0.537788
1 0.690443 0.531632 0.697650 0.529112 0.698625 0.532228 0.691418 0.534748
1 0.757703 0.515106 0.751995 0.520260 0.750290 0.518150 0.755998 0.512995
1 0.661199 0.559058 0.658840 0.567015 0.655539 0.565921 0.657898 0.557964
1 0.843573 0.647900 0.837978 0.654048 0.835075 0.651094 0.840670 0.644946
1 0.823281 0.665554 0.817853 0.671884 0.814732 0.668891 0.820160 0.662561
1 0.882990 0.918636 0.876900 0.924039 0.873858 0.920206 0.879948 0.914803
1 0.881497 0.924536 0.876193 0.930026 0.873817 0.927461 0.879121 0.921971
1 0.830338 0.995347 0.834808 0.988982 0.838614 0.991971 0.834144 0.998335
1 0.781368 0.993837 0.786646 0.987441 0.789437 0.990016 0.784159 0.996411
1 0.731397 0.752116 0.725879 0.759322 0.722390 0.756335 0.727909 0.749129
1 0.676813 0.705815 0.682946 0.700394 0.684918 0.702887 0.678784 0.708309
1 0.643895 0.696847 0.649656 0.690495 0.652359 0.693236 0.646599 0.699588
1 0.632419 0.688103 0.637516 0.682011 0.640339 0.684651 0.635242 0.690743
1 0.569105 0.680659 0.576357 0.678776 0.577153 0.682203 0.569901 0.684086
1 0.611772 0.638686 0.618949 0.635277 0.620230 0.638289 0.613053 0.641699
1 0.614204 0.627500 0.620734 0.622647 0.622595 0.625447 0.616066 0.630300
1 0.616451 0.625075 0.616710 0.616843 0.619757 0.616950 0.619498 0.625182
1 0.024622 0.769738 0.031614 0.766706 0.032968 0.770195 0.025975 0.773227
1 0.012724 0.776532 0.020188 0.774768 0.020814 0.777730 0.013351 0.779494
1 0.011658 0.793379 0.018972 0.790380 0.020017 0.793230 0.012703 0.796229
1 0.013563 0.783190 0.020433 0.779632 0.021925 0.782853 0.015055 0.786411
1 0.151334 0.849315 0.144992 0.853554 0.143336 0.850785 0.149678 0.846546
1 0.143484 0.840610 0.151490 0.844030 0.150315 0.847107 0.142309 0.843687
1 0.130104 0.853490 0.125062 0.860462 0.122358 0.858276 0.127400 0.851304
1 0.132392 0.863706 0.126092 0.869475 0.124040 0.866970 0.130341 0.861202
1 0.156143 0.920703 0.161637 0.914751 0.164132 0.917325 0.158638 0.923277
1 0.170340 0.805879 0.178852 0.803144 0.180010 0.807172 0.171498 0.809907
1 0.171235 0.800300 0.178841 0.800300 0.178841 0.803534 0.171235 0.803534
1 0.244604 0.924827 0.251697 0.921752 0.252941 0.924960 0.245848 0.928035
1 0.230288 0.926207 0.238361 0.924870 0.238937 0.928756 0.230864 0.930093
1 0.233526 0.949602 0.230070 0.957127 0.227461 0.955787 0.230916 0.948263
1 0.235666 0.956712 0.230916 0.964330 0.228139 0.962394 0.232890 0.954777
1 0.290124 0.920203 0.297773 0.921124 0.297444 0.924180 0.289795 0.923259
1 0.302685 0.935189 0.305125 0.943680 0.301981 0.944689 0.299541 0.936199
1 0.303269 0.952250 0.297926 0.957109 0.295787 0.954479 0.301130 0.949620
1 0.321077 0.967099 0.328756 0.963451 0.330061 0.966523 0.322383 0.970171
1 0.358086 0.954961 0.353343 0.960915 0.351100 0.958918 0.355843 0.952964
1 0.387639 0.978246 0.382115 0.984232 0.379797 0.981840 0.385321 0.975855
1 0.523082 0.910838 0.516413 0.915364 0.514511 0.912232 0.521180 0.907706
1 0.103111 0.974505 0.096394 0.978281 0.094805 0.975122 0.101523 0.971346
1 0.089609 0.966385 0.096242 0.963846 0.097396 0.967217 0.090763 0.969756
1 0.049417 0.959269 0.044579 0.966106 0.041956 0.964032 0.046794 0.957195
1 0.037907 0.967930 0.039505 0.976706 0.035987 0.977422 0.034389 0.968646
1 -0.000149 0.962948 0.004832 0.956062 0.006748 0.957611 0.001767 0.964497
1 0.175689 0.815337 0.169316 0.820992 0.167123 0.818228 0.173496 0.812574
1 0.722330 0.515721 0.716346 0.520523 0.714408 0.517823 0.720392 0.513021
1 0.724394 0.481337 0.719295 0.487077 0.717130 0.484927 0.722229 0.479187
1 0.719256 0.486013 0.726416 0.482923 0.727506 0.485748 0.720347 0.488837
1 0.734466 0.477734 0.741571 0.477024 0.741901 0.480721 0.734797 0.481431
1 0.706921 0.431153 0.713947 0.429051 0.714809 0.432273 0.707784 0.434375
1 0.720855 0.432856 0.728154 0.432126 0.728456 0.435505 0.721158 0.436235
1 0.721301 0.441686 0.724550 0.434733 0.727701 0.436379 0.724451 0.443331
1 0.736200 0.452365 0.743711 0.451121 0.744225 0.454588 0.736714 0.455832
1 0.745328 0.456660 0.740201 0.462391 0.738239 0.460429 0.743366 0.454698
1 0.769239 0.458391 0.765425 0.465578 0.762520 0.463855 0.766334 0.456668
1 0.761631 0.442857 0.768706 0.443696 0.768352 0.447032 0.761277 0.446193
1 0.771350 0.425756 0.777579 0.421799 0.779280 0.424792 0.773051 0.428749
1 0.787418 0.358232 0.794495 0.356519 0.795197 0.359764 0.788121 0.361477
1 0.783499 0.346385 0.789961 0.341403 0.791890 0.344200 0.785428 0.349182
1 0.780490 0.336253 0.774215 0.340951 0.772526 0.338428 0.778800 0.333730
1 0.756609 0.339926 0.763849 0.337140 0.764788 0.339866 0.757548 0.342652
1 0.773488 0.319957 0.780403 0.316839 0.781631 0.319884 0.774716 0.323002
1 0.770374 0.329508 0.777858 0.327073 0.779122 0.331418 0.771639 0.333852
1 0.751292 0.322513 0.759434 0.321563 0.759767 0.324755 0.751625 0.325705
1 0.864142 0.258500 0.859079 0.263966 0.856743 0.261548 0.861806 0.256082
1 0.876754 0.332428 0.871039 0.338663 0.868775 0.336344 0.874491 0.330108
1 0.856890 0.321448 0.856725 0.329124 0.853527 0.329048 0.853692 0.321371
1 0.852025 0.310379 0.852400 0.317707 0.849409 0.317878 0.849034 0.310550
1 0.846369 0.303413 0.839829 0.306277 0.838676 0.303331 0.845215 0.300468
1 0.835342 0.297863 0.842370 0.295348 0.843423 0.298638 0.836395 0.301153
1 0.954671 0.280745 0.951608 0.288445 0.948593 0.287105 0.951656 0.279404
1 0.889737 0.309598 0.883653 0.313727 0.881997 0.310999 0.888081 0.306870
1 0.884452 0.305838 0.877503 0.309994 0.875978 0.307144 0.882927 0.302988
1 0.873016 0.301004 0.879291 0.297033 0.880788 0.299678 0.874513 0.303649
1 0.879000 0.292197 0.872426 0.295176 0.871347 0.292514 0.877921 0.289535
1 0.876861 0.282023 0.872030 0.286735 0.870125 0.284553 0.874956 0.279840
1 0.864543 0.270552 0.871516 0.267796 0.872570 0.270777 0.865597 0.273533
1 0.855824 0.263276 0.863861 0.263276 0.863861 0.266546 0.855824 0.266546
1 0.827881 0.282804 0.833651 0.278721 0.835371 0.281438 0.829601 0.285521
1 0.832507 0.271389 0.839040 0.275393 0.837475 0.278248 0.830942 0.274244
1 0.800070 0.264879 0.805838 0.260934 0.807499 0.263649 0.801732 0.267594
1 0.824089 0.265494 0.830082 0.260508 0.831902 0.262953 0.825909 0.267939
1 0.801010 0.261457 0.802495 0.269321 0.799610 0.269930 0.798125 0.262066
1 0.791152 0.270158 0.793042 0.261365 0.795506 0.261957 0.793616 0.270750
1 0.794241 0.261350 0.790142 0.268258 0.787254 0.266343 0.791353 0.259435
1 0.788252 0.255298 0.782582 0.261418 0.780261 0.259015 0.785931 0.252894
1 0.773630 0.261348 0.766690 0.265791 0.765092 0.263000 0.772032 0.258557
1 0.741848 0.233852 0.747273 0.229435 0.749444 0.232415 0.744018 0.236832
1 0.742505 0.249025 0.749604 0.244533 0.751119 0.247209 0.744020 0.251700
1 0.754434 0.249490 0.760178 0.244357 0.761896 0.246506 0.756151 0.251639
1 0.776116 0.236789 0.769674 0.241683 0.768239 0.239572 0.774682 0.234678
1 0.980868 0.279844 0.985242 0.273216 0.988080 0.275309 0.983706 0.281938
1 0.992427 0.275525 0.989061 0.282450 0.986410 0.281010 0.989776 0.274085
1 0.187401 0.419664 0.180800 0.424605 0.178800 0.421619 0.185401 0.416678
1 0.050101 0.816567 0.056414 0.812746 0.057994 0.815664 0.051681 0.819486
1 0.179770 0.779693 0.182761 0.787326 0.179690 0.788671 0.176699 0.781038
1 0.255811 0.867983 0.252041 0.875640 0.248853 0.873885 0.252623 0.866228
1 0.251457 0.887533 0.258161 0.883408 0.259813 0.886410 0.253110 0.890535
1 0.270903 0.879578 0.265810 0.885601 0.263493 0.883411 0.268586 0.877388
1 0.267108 0.873707 0.273779 0.871415 0.274816 0.874791 0.268145 0.877083
1 0.388590 0.511275 0.394348 0.504837 0.396965 0.507452 0.391206 0.513891
1 0.439252 0.227202 0.442562 0.219266 0.445681 0.220720 0.442371 0.228656
1 0.815932 0.303209 0.812478 0.310406 0.809798 0.308968 0.813251 0.301771
1 0.270995 0.888205 0.264732 0.893379 0.262501 0.890360 0.268764 0.885186
1 0.371533 0.923046 0.366841 0.930131 0.364018 0.928041 0.368710 0.920957
1 0.800732 0.090949 0.803081 0.083350 0.806532 0.084543 0.804183 0.092142
1 0.641517 0.038760 0.648406 0.036768 0.649204 0.039855 0.642316 0.041847
1 0.624532 0.030570 0.631671 0.027319 0.633193 0.031057 0.626054 0.034307
1 0.382683 0.367136 0.388326 0.373580 0.386050 0.375809 0.380407 0.369365
3 0.562265 0.358703 0.566226 0.358703 0.566226 0.362993 0.562265 0.362993
1 0.042274 0.270036 0.050380 0.269647 0.050528 0.273094 0.042422 0.273483
1 0.025821 0.247895 0.033558 0.247596 0.033704 0.251810 0.025967 0.252110
1 0.430335 0.469064 0.435722 0.463864 0.437437 0.465850 0.432050 0.471050
1 0.519228 0.033082 0.514414 0.040627 0.511964 0.038880 0.516778 0.031335
1 0.503339 0.026532 0.506990 0.018687 0.509795 0.020146 0.506144 0.027991
1 0.434830 0.017032 0.439352 0.010913 0.441559 0.012736 0.437037 0.018855
1 0.581960 0.360695 0.586632 0.354258 0.589465 0.356556 0.584793 0.362993
1 0.616060 0.378260 0.621537 0.372305 0.623385 0.374206 0.617908 0.380161
1 0.407313 0.420970 0.412647 0.414641 0.415121 0.416972 0.409787 0.423301
1 0.397700 0.415183 0.390713 0.419552 0.389023 0.416530 0.396009 0.412162
1 0.135715 0.728929 0.142909 0.729648 0.142546 0.733708 0.135352 0.732989
1 0.075498 0.870215 0.070871 0.877466 0.067824 0.875293 0.072451 0.868042
1 0.824629 0.124597 0.831323 0.121622 0.832614 0.124869 0.825920 0.127844
1 0.837086 0.104765 0.829622 0.106486 0.828933 0.103143 0.836397 0.101422
1 0.166853 0.756698 0.174999 0.757421 0.174697 0.761229 0.166551 0.760506
1 0.144737 0.750758 0.152690 0.749993 0.152981 0.753375 0.145028 0.754140
1 0.130727 0.756434 0.138586 0.754192 0.139476 0.757682 0.131618 0.759924
1 0.553844 0.771786 0.560966 0.766934 0.562878 0.770070 0.555755 0.774922
1 0.234586 0.971459 0.226824 0.973734 0.225924 0.970304 0.233686 0.968028
1 0.175635 0.953787 0.169877 0.959136 0.167729 0.956551 0.173487 0.951203
1 0.161400 0.837922 0.154218 0.842306 0.152264 0.838727 0.159446 0.834343
1 0.139054 0.836277 0.147817 0.837546 0.147243 0.841978 0.138480 0.840709
1 0.150761 0.858160 0.144908 0.864240 0.142438 0.861582 0.148291 0.855503
1 0.119678 0.892929 0.121240 0.899757 0.117948 0.900599 0.116386 0.893771
1 0.105662 0.878208 0.100732 0.886357 0.097847 0.884406 0.102777 0.876256
1 0.947857 0.254888 0.952055 0.248596 0.954342 0.250302 0.950144 0.256594
1 0.904493 0.234707 0.911759 0.232562 0.912837 0.236643 0.905570 0.238788
1 0.880248 0.232423 0.875011 0.238551 0.872778 0.236417 0.878014 0.230289
1 0.985611 0.201668 0.989352 0.193904 0.992332 0.195509 0.988591 0.203273
1 0.935049 0.199067 0.930093 0.205423 0.927842 0.203461 0.932798 0.197105
1 0.925005 0.196644 0.929552 0.190469 0.932211 0.192658 0.927665 0.198833
1 0.916700 0.180942 0.921853 0.174516 0.924627 0.177003 0.919474 0.183429
1 0.908373 0.179017 0.912926 0.172878 0.915273 0.174823 0.910719 0.180963
1 0.894808 0.180913 0.889725 0.186439 0.887339 0.183987 0.892422 0.178460
1 0.880600 0.178603 0.878119 0.186723 0.875256 0.185745 0.877737 0.177625
1 0.865951 0.178148 0.869388 0.170630 0.872242 0.172088 0.868805 0.179607
1 0.964641 0.145617 0.971508 0.142139 0.972908 0.145229 0.966041 0.148707
1 0.997653 0.085195 0.993763 0.091907 0.991375 0.090360 0.995265 0.083648
1 0.883363 0.066799 0.878065 0.071862 0.876221 0.069704 0.881518 0.064642
1 0.918092 0.058142 0.912969 0.065073 0.910501 0.063034 0.915624 0.056103
1 0.204963 0.812193 0.200521 0.819314 0.197571 0.817257 0.202013 0.810136
1 0.240159 0.775540 0.245353 0.769087 0.247443 0.770967 0.242248 0.777420
1 0.175511 0.678527 0.181736 0.674849 0.184075 0.679273 0.177850 0.682952
1 0.175328 0.663200 0.180923 0.659375 0.182590 0.662099 0.176995 0.665925
1 0.179416 0.638248 0.187004 0.635344 0.187977 0.638186 0.180389 0.641090
1 0.078087 0.691282 0.086849 0.690472 0.087133 0.693913 0.078372 0.694723
1 0.088387 0.667047 0.095378 0.662660 0.097126 0.665772 0.090135 0.670160
1 0.267796 0.757635 0.274905 0.754780 0.275928 0.757627 0.268819 0.760482
1 0.258570 0.766948 0.265716 0.764552 0.266742 0.767974 0.259597 0.770370
1 0.268501 0.780054 0.275655 0.775217 0.277313 0.777958 0.270159 0.782795
1 0.276683 0.794026 0.269523 0.796140 0.268574 0.792548 0.275735 0.790434
1 0.220193 0.756616 0.217204 0.763954 0.214431 0.762691 0.217420 0.755354
1 0.241197 0.766979 0.236279 0.772535 0.234059 0.770339 0.238977 0.764782
1 0.244149 0.771013 0.239162 0.777015 0.236956 0.774967 0.241943 0.768965
1 0.248045 0.770422 0.255314 0.768619 0.256111 0.772210 0.248842 0.774013
1 0.106423 0.731748 0.112784 0.726587 0.114804 0.729369 0.108443 0.734530
1 0.659841 0.307560 0.652363 0.309664 0.651581 0.306557 0.659059 0.304453
1 0.217132 0.849800 0.223841 0.844512 0.225782 0.847264 0.219073 0.852552
1 0.544906 0.758620 0.550001 0.752143 0.552520 0.754359 0.547425 0.760836
1 0.153544 0.821555 0.151208 0.824683 0.145138 0.819615 0.147473 0.816488
3 0.087928 0.877312 0.092424 0.877366 0.092374 0.882017 0.087878 0.881963
1 0.472221 0.596024 0.475394 0.588397 0.478572 0.589875 0.475400 0.597501
1 0.419757 0.574794 0.426110 0.570105 0.427805 0.572672 0.421451 0.577360
1 0.282707 0.682377 0.286145 0.676571 0.288797 0.678326 0.285359 0.684133
1 0.318263 0.653266 0.324799 0.649923 0.326091 0.652747 0.319555 0.656090
1 0.127822 0.187735 0.126407 0.190880 0.119016 0.187164 0.120430 0.184019
1 0.234315 0.937592 0.240443 0.932120 0.243072 0.935411 0.236943 0.940883
1 0.164739 0.234569 0.171353 0.231159 0.172783 0.234260 0.166170 0.237671
1 0.618871 0.124564 0.625406 0.120232 0.627005 0.122928 0.620470 0.127260
1 0.350362 0.609996 0.357020 0.605560 0.358651 0.608298 0.351993 0.612733
1 0.869491 0.230782 0.876534 0.227461 0.877730 0.230295 0.870687 0.233616
1 0.494634 0.112123 0.499098 0.105659 0.501727 0.107689 0.497263 0.114152
1 0.037025 0.750805 0.045211 0.748292 0.046263 0.752120 0.038076 0.754634
1 0.477978 0.308179 0.485654 0.304427 0.487101 0.307737 0.479426 0.311489
1 0.663478 0.262896 0.669320 0.257455 0.671496 0.260066 0.665654 0.265508
1 0.916760 0.110343 0.922427 0.105004 0.924721 0.107725 0.919053 0.113065
1 0.182908 0.748683 0.180289 0.750578 0.175398 0.743018 0.178018 0.741123
1 0.019148 0.162790 0.023772 0.155336 0.026663 0.157341 0.022039 0.164795
1 0.388178 0.558397 0.394312 0.553795 0.396226 0.556647 0.390092 0.561249
1 0.013965 0.654793 0.020017 0.649695 0.021974 0.652292 0.015922 0.657390
1 0.401164 0.452058 0.408170 0.447405 0.409719 0.450013 0.402714 0.454665
1 0.384460 0.438580 0.390406 0.432700 0.392417 0.434974 0.386470 0.440853
1 0.326659 0.667487 0.331900 0.661288 0.334088 0.663355 0.328846 0.669555
1 0.148209 0.162967 0.156392 0.161453 0.156926 0.164675 0.148742 0.166189
3 0.041784 0.944465 0.041759 0.940498 0.046206 0.940467 0.046231 0.944434
1 0.235364 0.703220 0.240089 0.697265 0.242359 0.699280 0.237634 0.705234
1 0.623661 0.392174 0.628604 0.385085 0.630830 0.386820 0.625887 0.393909
1 0.200637 0.310284 0.207253 0.305904 0.208906 0.308694 0.202290 0.313074
1 0.282064 0.545997 0.287453 0.540058 0.289921 0.542561 0.284533 0.548501
1 0.156730 0.159741 0.154109 0.161719 0.148937 0.154059 0.151559 0.152081
1 0.284561 0.946833 0.292005 0.946139 0.292260 0.949189 0.284816 0.949883
1 0.881982 0.027317 0.886384 0.020982 0.888580 0.022688 0.884178 0.029023
1 0.390793 0.637344 0.397599 0.632994 0.399548 0.636403 0.392741 0.640753
1 0.230982 0.706689 0.237994 0.703177 0.239325 0.706147 0.232312 0.709659
1 0.398046 0.448525 0.404830 0.444109 0.406350 0.446718 0.399566 0.451135
1 0.009123 0.819044 0.014816 0.813420 0.017168 0.816081 0.011475 0.821705
1 0.709939 0.148646 0.716492 0.143455 0.718335 0.146056 0.711783 0.151247
1 0.213726 0.756255 0.211157 0.758202 0.206564 0.751427 0.209133 0.749481
1 0.460178 0.461892 0.467106 0.457538 0.468492 0.460002 0.461564 0.464357
1 0.309833 0.907976 0.313361 0.900344 0.316225 0.901823 0.312696 0.909455
1 0.947794 0.102174 0.953589 0.097154 0.955253 0.099301 0.949459 0.104321
1 0.271028 0.970109 0.271581 0.962108 0.274650 0.962344 0.274097 0.970346
1 0.250572 0.985316 0.255371 0.979895 0.257681 0.982181 0.252882 0.987602
1 0.931567 0.057004 0.937938 0.051246 0.939885 0.053655 0.933514 0.059413
1 0.287458 0.921777 0.291043 0.913977 0.294124 0.915560 0.290539 0.923360
1 0.242360 0.725078 0.250488 0.723504 0.251100 0.727038 0.242973 0.728613
1 0.206734 0.330629 0.211575 0.323261 0.214109 0.325122 0.209268 0.332490
1 0.386884 0.987200 0.392335 0.981588 0.394640 0.984091 0.389189 0.989702
1 0.862181 0.263701 0.869190 0.260353 0.870551 0.263536 0.863542 0.266884
1 0.394742 0.502201 0.401615 0.498580 0.403223 0.501991 0.396350 0.505613
1 0.279137 0.745884 0.285227 0.741344 0.287000 0.744003 0.280911 0.748543
1 0.992346 0.206644 0.995161 0.198740 0.998006 0.199873 0.995191 0.207777
1 0.464743 0.054975 0.471513 0.051278 0.472538 0.053377 0.465769 0.057075
1 0.993748 0.092915 0.996875 0.085166 0.999644 0.086415 0.996517 0.094164
1 0.670185 0.052181 0.675505 0.046716 0.677747 0.049155 0.672426 0.054620
1 0.061800 0.813709 0.060516 0.816736 0.054187 0.813734 0.055472 0.810706
1 0.297112 0.950459 0.294044 0.951579 0.291641 0.944215 0.294709 0.943095
1 0.401123 0.357417 0.403855 0.349926 0.406950 0.351188 0.404219 0.358678
1 0.250653 0.706778 0.255777 0.700813 0.257852 0.702806 0.252728 0.708771
1 0.348834 0.635584 0.351489 0.627787 0.354307 0.628859 0.351652 0.636656
1 0.361880 0.638502 0.365115 0.629946 0.368185 0.631244 0.364951 0.639800
1 0.323992 0.659715 0.330231 0.656392 0.331489 0.659032 0.325250 0.662355
1 0.630588 0.275938 0.635810 0.271140 0.637560 0.273269 0.632338 0.278066
1 0.478435 0.340577 0.484284 0.335216 0.486306 0.337682 0.480457 0.343043
1 0.100524 0.786384 0.106918 0.782408 0.108524 0.785294 0.102130 0.789270
1 0.745310 0.243566 0.750853 0.237358 0.752933 0.239434 0.747390 0.245642
1 0.057016 0.746025 0.064365 0.743774 0.065374 0.747458 0.058025 0.749708
1 0.396256 0.526146 0.403015 0.520590 0.404961 0.523237 0.398202 0.528793
1 0.315101 0.711698 0.319253 0.704738 0.322010 0.706576 0.317858 0.713536
1 0.293610 0.948582 0.300626 0.945104 0.302041 0.948293 0.295024 0.951772
1 0.132462 0.745415 0.129021 0.745430 0.128988 0.737001 0.132429 0.736986
1 0.320089 0.694968 0.326027 0.691426 0.327476 0.694142 0.321538 0.697684
1 0.228948 0.745218 0.225792 0.746384 0.222970 0.737851 0.226127 0.736684
1 0.416689 0.795340 0.415122 0.797953 0.409468 0.794163 0.411036 0.791550
1 0.384026 0.429055 0.389694 0.422804 0.391635 0.424771 0.385967 0.431022
1 0.040297 0.979982 0.048183 0.977102 0.049193 0.980196 0.041307 0.983076
1 0.232836 0.745373 0.237974 0.738681 0.240698 0.741019 0.235560 0.747712
1 0.316041 0.703638 0.322114 0.697853 0.324292 0.700409 0.318219 0.706194
1 0.407897 0.382122 0.411815 0.374536 0.414596 0.376142 0.410679 0.383728
