13 0.310195 0.900735 0.315210 0.900735 0.315210 0.906043 0.310195 0.906043
13 0.333072 0.973208 0.337049 0.973208 0.337049 0.976988 0.333072 0.976988
13 0.474406 0.931351 0.479425 0.931351 0.479425 0.936713 0.474406 0.936713
13 0.705038 0.984699 0.709947 0.984699 0.709947 0.989636 0.705038 0.989636
13 0.883042 0.888875 0.887927 0.888875 0.887927 0.894167 0.883042 0.894167
13 0.756872 0.469214 0.760681 0.469214 0.760681 0.472982 0.756872 0.472982
13 0.711436 0.466986 0.716379 0.466986 0.716379 0.472639 0.711436 0.472639
13 0.403822 0.164155 0.408103 0.164155 0.408103 0.169046 0.403822 0.169046
13 0.937540 0.245414 0.941308 0.245414 0.941308 0.249263 0.937540 0.249263
13 0.846180 0.128057 0.850404 0.128057 0.850404 0.132146 0.846180 0.132146
13 0.925243 0.116561 0.928719 0.116561 0.928719 0.120237 0.925243 0.120237
13 0.799410 0.989216 0.809135 0.989216 0.809135 0.995709 0.799410 0.995709
13 0.945453 0.885086 0.949434 0.885086 0.949434 0.889106 0.945453 0.889106
13 0.966917 0.840846 0.971852 0.840846 0.971852 0.846497 0.966917 0.846497
13 0.881620 0.841272 0.888026 0.841272 0.888026 0.846441 0.881620 0.846441
13 0.904515 0.820493 0.911627 0.820493 0.911627 0.825718 0.904515 0.825718
13 0.899644 0.764480 0.905051 0.764480 0.905051 0.770758 0.899644 0.770758
13 0.191507 0.891770 0.196893 0.891770 0.196893 0.897686 0.191507 0.897686
13 0.159983 0.039910 0.164463 0.039910 0.164463 0.045843 0.159983 0.045843
12 0.261645 0.008196 0.265729 0.008196 0.265729 0.014243 0.261645 0.014243
13 0.057301 0.012708 0.062243 0.012708 0.062243 0.018613 0.057301 0.018613
13 0.120596 0.150412 0.125761 0.150412 0.125761 0.155958 0.120596 0.155958
12 0.342402 0.078334 0.346015 0.078334 0.346015 0.084264 0.342402 0.084264
13 0.455306 0.074951 0.459643 0.074951 0.459643 0.079440 0.455306 0.079440
12 0.539262 0.025743 0.542561 0.025743 0.542561 0.030675 0.539262 0.030675
13 0.557274 0.010387 0.562016 0.010387 0.562016 0.015711 0.557274 0.015711
12 0.515522 0.038154 0.519282 0.038154 0.519282 0.043418 0.515522 0.043418
13 0.675980 0.024460 0.680364 0.024460 0.680364 0.028603 0.675980 0.028603
13 0.935527 0.028537 0.939870 0.028537 0.939870 0.032704 0.935527 0.032704
13 0.953905 0.127875 0.959111 0.127875 0.959111 0.132943 0.953905 0.132943
13 0.794942 0.307824 0.800331 0.307824 0.800331 0.313422 0.794942 0.313422
13 0.850364 0.356608 0.855323 0.356608 0.855323 0.361784 0.850364 0.361784
13 0.945358 0.439857 0.949973 0.439857 0.949973 0.445082 0.945358 0.445082
13 0.944755 0.412876 0.948447 0.412876 0.948447 0.417297 0.944755 0.417297
13 0.954017 0.716736 0.958766 0.716736 0.958766 0.721887 0.954017 0.721887
13 0.394398 0.497848 0.399469 0.497848 0.399469 0.503021 0.394398 0.503021
13 0.452455 0.453469 0.459078 0.453469 0.459078 0.461572 0.452455 0.461572
13 0.579908 0.313559 0.584605 0.313559 0.584605 0.319209 0.579908 0.319209
13 0.612808 0.314731 0.618483 0.314731 0.618483 0.321622 0.612808 0.321622
13 0.689704 0.327568 0.695803 0.327568 0.695803 0.334324 0.689704 0.334324
13 0.664374 0.275280 0.669534 0.275280 0.669534 0.281540 0.664374 0.281540
13 0.764035 0.382823 0.770424 0.382823 0.770424 0.389371 0.764035 0.389371
13 0.808473 0.399913 0.812910 0.399913 0.812910 0.404814 0.808473 0.404814
12 0.420909 0.046140 0.424896 0.046140 0.424896 0.051934 0.420909 0.051934
12 0.378816 0.009656 0.382253 0.009656 0.382253 0.015780 0.378816 0.015780
12 0.335038 0.151652 0.338383 0.151652 0.338383 0.157481 0.335038 0.157481
12 0.533922 0.156760 0.537451 0.156760 0.537451 0.162503 0.533922 0.162503
13 0.031533 0.178209 0.036688 0.178209 0.036688 0.183865 0.031533 0.183865
13 0.101570 0.188613 0.108482 0.188613 0.108482 0.196750 0.101570 0.196750
12 0.144152 0.201562 0.147508 0.201562 0.147508 0.207228 0.144152 0.207228
4 0.280207 0.229053 0.284233 0.229053 0.284233 0.233952 0.280207 0.233952
12 0.897787 0.541424 0.901899 0.541424 0.901899 0.545972 0.897787 0.545972
12 0.736922 0.498267 0.740618 0.498267 0.740618 0.501943 0.736922 0.501943
12 0.739527 0.496488 0.742791 0.496488 0.742791 0.499876 0.739527 0.499876
11 0.901961 0.882070 0.907049 0.882070 0.907049 0.886183 0.901961 0.886183
12 0.107727 0.107923 0.111512 0.107923 0.111512 0.112056 0.107727 0.112056
12 0.095804 0.107165 0.099329 0.107165 0.099329 0.110678 0.095804 0.110678
12 0.093589 0.110954 0.097049 0.110954 0.097049 0.115019 0.093589 0.115019
12 0.096847 0.121565 0.100957 0.121565 0.100957 0.125905 0.096847 0.125905
12 0.121949 0.122081 0.125597 0.122081 0.125597 0.126147 0.121949 0.126147
3 0.975218 0.062895 0.980757 0.062895 0.980757 0.068131 0.975218 0.068131
12 0.294765 0.638438 0.299131 0.638438 0.299131 0.642517 0.294765 0.642517
12 0.294570 0.635075 0.299262 0.635075 0.299262 0.638521 0.294570 0.638521
12 0.079322 0.006843 0.085322 0.006843 0.085322 0.014353 0.079322 0.014353
12 0.096456 0.012217 0.101478 0.012217 0.101478 0.017317 0.096456 0.017317
12 0.098996 0.017386 0.102520 0.017386 0.102520 0.021244 0.098996 0.021244
12 0.139911 0.040744 0.143240 0.040744 0.143240 0.044257 0.139911 0.044257
12 0.140889 0.051698 0.144608 0.051698 0.144608 0.055971 0.140889 0.055971
12 0.131974 0.213807 0.135368 0.213807 0.135368 0.219429 0.131974 0.219429
12 0.129943 0.074505 0.133989 0.074505 0.133989 0.078294 0.129943 0.078294
12 0.129487 0.049424 0.132881 0.049424 0.132881 0.053144 0.129487 0.053144
12 0.102318 0.047633 0.106235 0.047633 0.106235 0.051629 0.102318 0.051629
12 0.058539 0.099929 0.062389 0.099929 0.062389 0.103443 0.058539 0.103443
12 0.062317 0.100756 0.066036 0.100756 0.066036 0.104338 0.062317 0.104338
12 0.060558 0.103718 0.066688 0.103718 0.066688 0.108543 0.060558 0.108543
12 0.056975 0.103236 0.060760 0.103236 0.060760 0.106751 0.056975 0.106751
12 0.056910 0.097174 0.060304 0.097174 0.060304 0.101032 0.056910 0.101032
12 0.037951 0.097449 0.042061 0.097449 0.042061 0.100963 0.037951 0.100963
12 0.027461 0.098689 0.031313 0.098689 0.031313 0.101996 0.027461 0.101996
12 0.053457 0.079880 0.057438 0.079880 0.057438 0.083945 0.053457 0.083945
12 0.048570 0.067271 0.051573 0.067271 0.051573 0.070233 0.048570 0.070233
12 0.064987 0.083669 0.068709 0.083669 0.068709 0.087320 0.064987 0.087320
12 0.096651 0.095796 0.100110 0.095796 0.100110 0.099723 0.096651 0.099723
12 0.016606 0.911897 0.022796 0.911897 0.022796 0.915398 0.016606 0.915398
13 0.949081 0.980678 0.953787 0.980678 0.953787 0.986133 0.949081 0.986133
13 0.969305 0.980200 0.975639 0.980200 0.975639 0.984936 0.969305 0.984936
13 0.967404 0.989387 0.974463 0.989387 0.974463 0.994792 0.967404 0.994792
13 0.896055 0.931138 0.902734 0.931138 0.902734 0.936253 0.896055 0.936253
13 0.956374 0.936419 0.963703 0.936419 0.963703 0.941881 0.956374 0.941881
13 0.965641 0.900087 0.970621 0.900087 0.970621 0.905594 0.965641 0.905594
1 0.590403 0.198176 0.595352 0.192302 0.597861 0.194666 0.592912 0.200541
1 0.660782 0.045303 0.666434 0.040015 0.669029 0.043117 0.663377 0.048406
1 0.198877 0.102310 0.202911 0.097189 0.205160 0.099170 0.201126 0.104291
1 0.202898 0.091362 0.207130 0.086460 0.209559 0.088805 0.205327 0.093708
1 0.234491 0.429730 0.241128 0.423799 0.243661 0.426970 0.237025 0.432901
1 0.770765 0.291752 0.765218 0.296221 0.763100 0.293280 0.768647 0.288811
1 0.706376 0.202315 0.712024 0.197648 0.714133 0.200503 0.708485 0.205170
1 0.746681 0.206873 0.741697 0.212313 0.739358 0.209915 0.744343 0.204476
1 0.783866 0.228308 0.777823 0.233923 0.776100 0.231849 0.782143 0.226234
1 0.773338 0.227507 0.779448 0.222404 0.781442 0.225075 0.775333 0.230178
1 0.825349 0.210221 0.830494 0.204948 0.832701 0.207357 0.827557 0.212630
1 0.828590 0.214172 0.833717 0.209134 0.835823 0.211530 0.830696 0.216569
1 0.285197 0.065343 0.279029 0.068739 0.277447 0.065524 0.283615 0.062128
1 0.705662 0.428247 0.701351 0.434275 0.698698 0.432152 0.703008 0.426125
13 0.302245 0.296137 0.306988 0.296137 0.306988 0.301524 0.302245 0.301524
13 0.282855 0.265291 0.286656 0.265291 0.286656 0.269454 0.282855 0.269454
13 0.394468 0.290436 0.399297 0.290436 0.399297 0.296018 0.394468 0.296018
13 0.420013 0.302120 0.424136 0.302120 0.424136 0.305852 0.420013 0.305852
13 0.491735 0.515501 0.497282 0.515501 0.497282 0.521245 0.491735 0.521245
13 0.020608 0.364656 0.025771 0.364656 0.025771 0.370456 0.020608 0.370456
13 0.129517 0.336004 0.134301 0.336004 0.134301 0.341689 0.129517 0.341689
13 0.086735 0.326186 0.091518 0.326186 0.091518 0.331238 0.086735 0.331238
13 0.081505 0.188463 0.086205 0.188463 0.086205 0.193423 0.081505 0.193423
13 0.083765 0.619152 0.089457 0.619152 0.089457 0.625013 0.083765 0.625013
13 0.047373 0.882660 0.052619 0.882660 0.052619 0.889036 0.047373 0.889036
13 0.068619 0.726252 0.075388 0.726252 0.075388 0.734123 0.068619 0.734123
13 0.125291 0.915561 0.132601 0.915561 0.132601 0.921989 0.125291 0.921989
13 0.848834 0.573559 0.854473 0.573559 0.854473 0.579611 0.848834 0.579611
13 0.964794 0.758470 0.972014 0.758470 0.972014 0.763867 0.964794 0.763867
4 0.382868 0.273180 0.387406 0.273180 0.387406 0.278838 0.382868 0.278838
4 0.283574 0.312950 0.287272 0.312950 0.287272 0.318036 0.283574 0.318036
4 0.991619 0.116047 0.995290 0.116047 0.995290 0.121286 0.991619 0.121286
4 0.940738 0.348046 0.944436 0.348046 0.944436 0.353030 0.940738 0.353030
4 0.897611 0.303233 0.900875 0.303233 0.900875 0.308090 0.897611 0.308090
4 0.913877 0.433243 0.917872 0.433243 0.917872 0.438173 0.913877 0.438173
4 0.561799 0.299498 0.565225 0.299498 0.565225 0.304610 0.561799 0.304610
4 0.127986 0.516193 0.131284 0.516193 0.131284 0.521675 0.127986 0.521675
4 0.968802 0.032265 0.972490 0.032265 0.972490 0.037697 0.968802 0.037697
4 0.231528 0.407587 0.235210 0.407587 0.235210 0.412136 0.231528 0.412136
4 0.171348 0.763787 0.175413 0.763787 0.175413 0.768998 0.171348 0.768998
2 0.952415 0.792618 0.957892 0.792618 0.957892 0.797227 0.952415 0.797227
2 0.492571 0.156057 0.499215 0.156057 0.499215 0.161314 0.492571 0.161314
4 0.691168 0.378878 0.695674 0.378878 0.695674 0.384473 0.691168 0.384473
4 0.603568 0.357076 0.607733 0.357076 0.607733 0.362904 0.603568 0.362904
4 0.731986 0.925826 0.736165 0.925826 0.736165 0.931030 0.731986 0.931030
4 0.984400 0.231910 0.987348 0.231910 0.987348 0.236866 0.984400 0.236866
4 0.552183 0.362303 0.555721 0.362303 0.555721 0.367250 0.552183 0.367250
4 0.519728 0.473967 0.523434 0.473967 0.523434 0.478573 0.519728 0.478573
4 0.030683 0.473780 0.034425 0.473780 0.034425 0.479156 0.030683 0.479156
13 0.860621 0.939744 0.867820 0.939744 0.867820 0.945059 0.860621 0.945059
4 0.621852 0.044573 0.625288 0.044573 0.625288 0.049338 0.621852 0.049338
4 0.433174 0.049712 0.436629 0.049712 0.436629 0.055096 0.433174 0.055096
4 0.528953 0.107350 0.532637 0.107350 0.532637 0.112136 0.528953 0.112136
1 0.713427 0.251516 0.708083 0.256880 0.706237 0.254823 0.711582 0.249460
1 0.438303 0.323222 0.433113 0.329087 0.431043 0.327037 0.436232 0.321173
12 0.104430 0.793261 0.108019 0.793261 0.108019 0.797119 0.104430 0.797119
12 0.083518 0.829848 0.087172 0.829848 0.087172 0.833844 0.083518 0.833844
12 0.079282 0.839968 0.083002 0.839968 0.083002 0.844111 0.079282 0.844111
12 0.004825 0.879398 0.008572 0.879398 0.008572 0.883819 0.004825 0.883819
12 0.001460 0.899322 0.005098 0.899322 0.005098 0.902883 0.001460 0.902883
13 0.920671 0.562040 0.924060 0.562040 0.924060 0.565771 0.920671 0.565771
12 0.008842 0.917294 0.012480 0.917294 0.012480 0.921083 0.008842 0.921083
12 0.096586 0.100549 0.100241 0.100549 0.100241 0.103925 0.096586 0.103925
12 0.067371 0.970132 0.071218 0.970132 0.071218 0.973960 0.067371 0.973960
12 0.117202 0.972998 0.121233 0.972998 0.121233 0.980270 0.117202 0.980270
12 0.130271 0.952300 0.133790 0.952300 0.133790 0.955623 0.130271 0.955623
13 0.867936 0.914524 0.875039 0.914524 0.875039 0.920207 0.867936 0.920207
13 0.776436 0.979707 0.781303 0.979707 0.781303 0.984854 0.776436 0.984854
13 0.802036 0.970694 0.806601 0.970694 0.806601 0.974884 0.802036 0.974884
13 0.761662 0.967598 0.767413 0.967598 0.767413 0.972220 0.761662 0.972220
13 0.754373 0.923816 0.761254 0.923816 0.761254 0.929597 0.754373 0.929597
13 0.672662 0.941729 0.679900 0.941729 0.679900 0.947243 0.672662 0.947243
13 0.616203 0.954552 0.621219 0.954552 0.621219 0.960134 0.616203 0.960134
13 0.691386 0.771777 0.698128 0.771777 0.698128 0.776230 0.691386 0.776230
13 0.671777 0.816414 0.675849 0.816414 0.675849 0.820247 0.671777 0.820247
11 0.516023 0.826656 0.518752 0.829850 0.509915 0.838295 0.507186 0.835101
1 0.445031 0.706672 0.438745 0.710778 0.436922 0.707656 0.443208 0.703550
13 0.319728 0.725080 0.325320 0.725080 0.325320 0.729790 0.319728 0.729790
13 0.236496 0.722904 0.242886 0.722904 0.242886 0.728287 0.236496 0.728287
13 0.312559 0.617804 0.318353 0.617804 0.318353 0.622683 0.312559 0.622683
13 0.262445 0.584153 0.269567 0.584153 0.269567 0.589196 0.262445 0.589196
13 0.250327 0.609784 0.258388 0.609784 0.258388 0.615490 0.250327 0.615490
13 0.274194 0.637695 0.279634 0.637695 0.279634 0.643360 0.274194 0.643360
13 0.029718 0.927575 0.035943 0.927575 0.035943 0.932643 0.029718 0.932643
13 0.172023 0.550657 0.177757 0.550657 0.177757 0.556589 0.172023 0.556589
13 0.245301 0.450887 0.250391 0.450887 0.250391 0.456757 0.245301 0.456757
13 0.348959 0.395969 0.354276 0.395969 0.354276 0.400019 0.348959 0.400019
13 0.260065 0.169869 0.264859 0.169869 0.264859 0.175238 0.260065 0.175238
13 0.215166 0.124411 0.219531 0.124411 0.219531 0.128551 0.215166 0.128551
13 0.174967 0.090373 0.180115 0.090373 0.180115 0.096098 0.174967 0.096098
4 0.835978 0.035753 0.839419 0.035753 0.839419 0.040240 0.835978 0.040240
12 0.497946 0.898536 0.502153 0.898536 0.502153 0.902657 0.497946 0.902657
1 0.553854 0.034040 0.547181 0.037050 0.545894 0.033859 0.552567 0.030849
1 0.610432 0.833344 0.603377 0.838265 0.601183 0.834746 0.608239 0.829826
1 0.690277 0.801217 0.683692 0.806370 0.681993 0.803941 0.688578 0.798789
1 0.643871 0.702079 0.637788 0.708120 0.635264 0.705277 0.641347 0.699236
1 0.643442 0.698892 0.636439 0.704372 0.634189 0.701158 0.641193 0.695677
1 0.641991 0.691048 0.636205 0.697187 0.633815 0.694669 0.639601 0.688529
1 0.623929 0.680020 0.630225 0.674453 0.633146 0.678148 0.626851 0.683715
1 0.685301 0.551722 0.691639 0.546579 0.693835 0.549606 0.687497 0.554749
1 0.496115 0.493707 0.490947 0.500198 0.488642 0.498146 0.493810 0.491655
1 0.490841 0.486851 0.485956 0.494203 0.483224 0.492172 0.488110 0.484820
1 0.480398 0.488110 0.485207 0.482340 0.487523 0.484499 0.482713 0.490269
1 0.472822 0.488344 0.477718 0.483165 0.479716 0.485277 0.474819 0.490456
1 0.705309 0.037008 0.697009 0.035868 0.697389 0.032773 0.705689 0.033913
1 0.562296 0.083757 0.556902 0.088327 0.554651 0.085356 0.560045 0.080786
1 0.518788 0.104922 0.513084 0.111257 0.510923 0.109080 0.516627 0.102746
1 0.436008 0.415583 0.428269 0.419826 0.426797 0.416823 0.434536 0.412580
1 0.981466 0.059399 0.977328 0.064559 0.974987 0.062459 0.979124 0.057299
1 0.966335 0.672089 0.960218 0.678016 0.957582 0.674974 0.963699 0.669046
1 0.735482 0.022245 0.728520 0.026652 0.726759 0.023542 0.733722 0.019135
1 0.858524 0.116291 0.852832 0.120474 0.850917 0.117560 0.856609 0.113376
1 0.853640 0.113268 0.848545 0.118490 0.846072 0.115792 0.851168 0.110570
1 0.811458 0.135883 0.805785 0.140847 0.803645 0.138111 0.809318 0.133147
1 0.740609 0.058116 0.733096 0.062575 0.731343 0.059273 0.738857 0.054814
1 0.348326 0.306536 0.343856 0.312854 0.341691 0.311141 0.346160 0.304823
1 0.342295 0.283716 0.335527 0.288294 0.332560 0.283387 0.339328 0.278809
1 0.083784 0.380092 0.080108 0.387822 0.077235 0.386294 0.080911 0.378564
1 0.071583 0.382335 0.077633 0.375639 0.080686 0.378725 0.074635 0.385420
1 0.345067 0.205910 0.338423 0.209187 0.336782 0.205464 0.343426 0.202188
1 0.355722 0.199136 0.350784 0.204468 0.347804 0.201382 0.352742 0.196050
1 0.357092 0.190896 0.353085 0.197784 0.350591 0.196161 0.354598 0.189273
1 0.284026 0.203205 0.277873 0.210015 0.275145 0.207258 0.281298 0.200448
1 0.411270 0.154852 0.419261 0.153589 0.419812 0.157490 0.411822 0.158753
1 0.593348 0.038550 0.586540 0.042046 0.584399 0.037382 0.591207 0.033886
1 0.674258 0.086232 0.668202 0.091702 0.666230 0.089260 0.672286 0.083790
1 0.708512 0.069680 0.713247 0.066148 0.715742 0.069889 0.711008 0.073421
1 0.384930 0.383791 0.376850 0.388946 0.374885 0.385500 0.382964 0.380346
1 0.356255 0.354876 0.352120 0.360556 0.349948 0.358787 0.354084 0.353108
1 0.356283 0.351611 0.350858 0.356545 0.348828 0.354049 0.354253 0.349114
1 0.346878 0.314747 0.340654 0.318159 0.339177 0.315145 0.345401 0.311733
1 0.064315 0.370633 0.060301 0.376833 0.057762 0.374995 0.061777 0.368795
12 0.173543 0.758942 0.177277 0.758942 0.177277 0.763120 0.173543 0.763120
12 0.639093 0.769899 0.643503 0.769899 0.643503 0.773943 0.639093 0.773943
4 0.521234 0.654909 0.525218 0.654909 0.525218 0.660586 0.521234 0.660586
12 0.951884 0.694609 0.955751 0.694609 0.955751 0.698785 0.951884 0.698785
1 0.235680 0.321702 0.230607 0.326758 0.227937 0.323761 0.233009 0.318706
1 0.246048 0.310203 0.240830 0.316331 0.238582 0.314190 0.243800 0.308062
12 0.895654 0.858707 0.899141 0.858707 0.899141 0.862201 0.895654 0.862201
1 0.812291 0.483956 0.806955 0.488844 0.804894 0.486329 0.810231 0.481440
12 0.785153 0.913782 0.788549 0.913782 0.788549 0.917930 0.785153 0.917930
12 0.781872 0.915259 0.785495 0.915259 0.785495 0.919126 0.781872 0.919126
12 0.920623 0.832132 0.924790 0.832132 0.924790 0.836103 0.920623 0.836103
