1 0.207059 0.424963 0.199720 0.436089 0.197268 0.434239 0.204607 0.423112
4 0.738477 0.240314 0.745207 0.240314 0.745207 0.247017 0.738477 0.247017
1 0.114434 0.048189 0.124808 0.041860 0.126583 0.045189 0.116209 0.051518
6 0.988918 0.063683 0.999279 0.063683 0.999279 0.072508 0.988918 0.072508
1 0.189328 0.729591 0.178913 0.738807 0.176190 0.735286 0.186605 0.726070
1 0.264214 0.735832 0.253549 0.722286 0.256247 0.719856 0.266912 0.733402
1 0.274632 0.716188 0.263127 0.726962 0.260725 0.724026 0.272230 0.713253
1 0.315843 0.609886 0.310694 0.615834 0.308476 0.613637 0.313625 0.607689
1 0.696277 0.329434 0.691927 0.322323 0.694289 0.320670 0.698639 0.327781
1 0.262288 0.727858 0.259555 0.730229 0.253459 0.722190 0.256191 0.719819
1 0.858949 0.211197 0.854568 0.205901 0.857609 0.203022 0.861991 0.208318
1 0.204227 0.416350 0.192990 0.429514 0.190751 0.427328 0.201988 0.414164
4 0.845481 0.250491 0.852622 0.250491 0.852622 0.257306 0.845481 0.257306
1 0.515583 0.367502 0.527545 0.357177 0.529481 0.359743 0.517519 0.370068
1 0.295282 0.793749 0.277365 0.779309 0.279703 0.775990 0.297619 0.790431
1 0.531671 0.371014 0.521674 0.370285 0.521916 0.366489 0.531913 0.367218
