13 0.277473 0.436058 0.285996 0.436058 0.285996 0.444515 0.277473 0.444515
13 0.057990 0.224565 0.067170 0.224565 0.067170 0.231765 0.057990 0.231765
13 0.107545 0.061550 0.115357 0.061550 0.115357 0.068580 0.107545 0.068580
13 0.029775 0.063779 0.036719 0.063779 0.036719 0.069609 0.029775 0.069609
13 0.016783 0.068751 0.022170 0.068751 0.022170 0.073552 0.016783 0.073552
13 0.229384 0.153997 0.236242 0.153997 0.236242 0.159535 0.229384 0.159535
13 0.316736 0.131695 0.323664 0.131695 0.323664 0.137139 0.316736 0.137139
13 0.225079 0.086976 0.231285 0.086976 0.231285 0.091990 0.225079 0.091990
13 0.198494 0.099584 0.208109 0.099584 0.208109 0.106776 0.198494 0.106776
13 0.351903 0.094010 0.358513 0.094010 0.358513 0.098884 0.351903 0.098884
13 0.467736 0.096540 0.474251 0.096540 0.474251 0.101898 0.467736 0.101898
13 0.541835 0.155813 0.546166 0.155813 0.546166 0.160113 0.541835 0.160113
13 0.489727 0.177530 0.497522 0.177530 0.497522 0.182831 0.489727 0.182831
13 0.493913 0.222964 0.500843 0.222964 0.500843 0.228836 0.493913 0.228836
13 0.405722 0.216248 0.413084 0.216248 0.413084 0.221407 0.405722 0.221407
13 0.445560 0.242251 0.452199 0.242251 0.452199 0.248410 0.445560 0.248410
13 0.278503 0.186160 0.284409 0.186160 0.284409 0.191321 0.278503 0.191321
13 0.345015 0.251825 0.351787 0.251825 0.351787 0.257843 0.345015 0.257843
13 0.299314 0.336040 0.307132 0.336040 0.307132 0.341410 0.299314 0.341410
13 0.383585 0.306560 0.390212 0.306560 0.390212 0.311680 0.383585 0.311680
13 0.157118 0.686604 0.163173 0.686604 0.163173 0.690548 0.157118 0.690548
13 0.411348 0.791439 0.417611 0.791439 0.417611 0.795975 0.411348 0.795975
13 0.416390 0.815935 0.421583 0.815935 0.421583 0.820245 0.416390 0.820245
13 0.019657 0.862451 0.023607 0.862451 0.023607 0.865998 0.019657 0.865998
13 0.148176 0.906483 0.151533 0.906483 0.151533 0.909509 0.148176 0.909509
13 0.223309 0.730486 0.229367 0.730486 0.229367 0.735567 0.223309 0.735567
13 0.237332 0.710435 0.243849 0.710435 0.243849 0.715242 0.237332 0.715242
13 0.274272 0.734841 0.280513 0.734841 0.280513 0.739106 0.274272 0.739106
13 0.502734 0.659529 0.506745 0.659529 0.506745 0.662748 0.502734 0.662748
13 0.043735 0.259356 0.049628 0.259356 0.049628 0.263504 0.043735 0.263504
13 0.326654 0.207247 0.331965 0.207247 0.331965 0.212839 0.326654 0.212839
13 0.014102 0.167495 0.018170 0.167495 0.018170 0.173089 0.014102 0.173089
13 0.092027 0.092028 0.096551 0.092028 0.096551 0.097286 0.092027 0.097286
13 0.401346 0.812390 0.407071 0.812390 0.407071 0.817069 0.401346 0.817069
13 0.456198 0.881122 0.462690 0.881122 0.462690 0.885848 0.456198 0.885848
13 0.463518 0.909665 0.468928 0.909665 0.468928 0.914138 0.463518 0.914138
13 0.421958 0.941958 0.428688 0.941958 0.428688 0.947184 0.421958 0.947184
13 0.465802 0.932811 0.472608 0.932811 0.472608 0.937354 0.465802 0.937354
13 0.479043 0.763873 0.485343 0.763873 0.485343 0.768851 0.479043 0.768851
13 0.552937 0.746591 0.558348 0.746591 0.558348 0.751071 0.552937 0.751071
13 0.527801 0.789051 0.533784 0.789051 0.533784 0.793152 0.527801 0.793152
13 0.719652 0.711647 0.723597 0.711647 0.723597 0.715366 0.719652 0.715366
13 0.952954 0.844213 0.957241 0.844213 0.957241 0.847625 0.952954 0.847625
13 0.947554 0.947327 0.951839 0.947327 0.951839 0.950435 0.947554 0.950435
13 0.903558 0.926989 0.910135 0.926989 0.910135 0.931835 0.903558 0.931835
13 0.881299 0.972609 0.887557 0.972609 0.887557 0.977550 0.881299 0.977550
13 0.752000 0.933292 0.758301 0.933292 0.758301 0.937324 0.752000 0.937324
13 0.813560 0.908260 0.819981 0.908260 0.819981 0.912626 0.813560 0.912626
13 0.487801 0.945589 0.495066 0.945589 0.495066 0.950738 0.487801 0.950738
13 0.382672 0.978493 0.386625 0.978493 0.386625 0.981898 0.382672 0.981898
6 0.042009 0.137131 0.052725 0.137131 0.052725 0.144080 0.042009 0.144080
13 0.055481 0.406510 0.060693 0.406510 0.060693 0.411281 0.055481 0.411281
