1 0.340954 0.660152 0.346423 0.660152 0.346423 0.664332 0.340954 0.664332
3 0.041075 0.546858 0.045103 0.546858 0.045103 0.550761 0.041075 0.550761
1 0.343544 0.666438 0.348124 0.666438 0.348124 0.670037 0.343544 0.670037
1 0.346118 0.682444 0.350357 0.682444 0.350357 0.686963 0.346118 0.686963
1 0.545274 0.793419 0.549944 0.793419 0.549944 0.797765 0.545274 0.797765
1 0.447940 0.853245 0.452351 0.853245 0.452351 0.858468 0.447940 0.858468
1 0.274915 0.897073 0.280121 0.897073 0.280121 0.902640 0.274915 0.902640
1 0.538297 0.755887 0.541959 0.755887 0.541959 0.761453 0.538297 0.761453
1 0.477123 0.694679 0.481772 0.694679 0.481772 0.699862 0.477123 0.699862
1 0.408099 0.681906 0.412680 0.681906 0.412680 0.686993 0.408099 0.686993
1 0.864399 0.778358 0.868887 0.778358 0.868887 0.783940 0.864399 0.783940
1 0.419349 0.841633 0.423506 0.841633 0.423506 0.845992 0.419349 0.845992
1 0.413564 0.832638 0.417586 0.832638 0.417586 0.836662 0.413564 0.836662
1 0.477077 0.953564 0.481521 0.953564 0.481521 0.958468 0.477077 0.958468
1 0.680628 0.885547 0.684622 0.885547 0.684622 0.889534 0.680628 0.889534
1 0.403002 0.544448 0.407560 0.544448 0.407560 0.548594 0.403002 0.548594
1 0.397843 0.524751 0.402852 0.524751 0.402852 0.529256 0.397843 0.529256
1 0.391554 0.508839 0.395998 0.508839 0.395998 0.513268 0.391554 0.513268
1 0.375738 0.507684 0.381235 0.507684 0.381235 0.512230 0.375738 0.512230
1 0.393741 0.486616 0.398259 0.486616 0.398259 0.490670 0.393741 0.490670
1 0.410474 0.476289 0.415809 0.476289 0.415809 0.480942 0.410474 0.480942
1 0.293209 0.850518 0.297411 0.850518 0.297411 0.855591 0.293209 0.855591
1 0.433923 0.479501 0.439119 0.479501 0.439119 0.484525 0.433923 0.484525
1 0.485485 0.542522 0.490908 0.542522 0.490908 0.546494 0.485485 0.546494
1 0.484809 0.586349 0.489863 0.586349 0.489863 0.591033 0.484809 0.591033
1 0.252817 0.790751 0.257702 0.790751 0.257702 0.794770 0.252817 0.794770
1 0.354849 0.779275 0.359144 0.779275 0.359144 0.783685 0.354849 0.783685
1 0.340050 0.773336 0.344801 0.773336 0.344801 0.777945 0.340050 0.777945
1 0.265093 0.772276 0.269378 0.772276 0.269378 0.777100 0.265093 0.777100
1 0.284161 0.745017 0.288188 0.745017 0.288188 0.749036 0.284161 0.749036
1 0.438464 0.822521 0.441951 0.822521 0.441951 0.826142 0.438464 0.826142
1 0.440127 0.827138 0.443739 0.827138 0.443739 0.831259 0.440127 0.831259
1 0.401326 0.905853 0.405880 0.905853 0.405880 0.909730 0.401326 0.909730
1 0.353305 0.946650 0.356806 0.946650 0.356806 0.950278 0.353305 0.950278
3 0.731774 0.935726 0.735634 0.935726 0.735634 0.939713 0.731774 0.939713
1 0.477365 0.571694 0.482865 0.571694 0.482865 0.576198 0.477365 0.576198
1 0.028671 0.875251 0.034039 0.875251 0.034039 0.880378 0.028671 0.880378
1 0.082290 0.772183 0.087305 0.772183 0.087305 0.777493 0.082290 0.777493
1 0.157689 0.677602 0.163763 0.677602 0.163763 0.682746 0.157689 0.682746
1 0.325217 0.906261 0.329021 0.906261 0.329021 0.910726 0.325217 0.910726
1 0.331485 0.904507 0.335174 0.904507 0.335174 0.908414 0.331485 0.908414
1 0.323263 0.928416 0.327256 0.928416 0.327256 0.932442 0.323263 0.932442
1 0.272071 0.920032 0.275775 0.920032 0.275775 0.924385 0.272071 0.924385
1 0.272303 0.891728 0.276226 0.891728 0.276226 0.896448 0.272303 0.896448
1 0.134685 0.929349 0.138639 0.929349 0.138639 0.932941 0.134685 0.932941
1 0.205968 0.941378 0.210636 0.941378 0.210636 0.945848 0.205968 0.945848
1 0.165179 0.949078 0.170870 0.949078 0.170870 0.953264 0.165179 0.953264
1 0.085865 0.648713 0.091701 0.648713 0.091701 0.652149 0.085865 0.652149
1 0.054356 0.629477 0.059861 0.629477 0.059861 0.633886 0.054356 0.633886
1 0.054573 0.614096 0.059616 0.614096 0.059616 0.618810 0.054573 0.618810
1 0.212579 0.627283 0.218289 0.627283 0.218289 0.631644 0.212579 0.631644
1 0.135257 0.631689 0.139697 0.631689 0.139697 0.635417 0.135257 0.635417
11 0.800717 0.664493 0.810752 0.664493 0.810752 0.679386 0.800717 0.679386
1 0.411536 0.706893 0.415490 0.706893 0.415490 0.710123 0.411536 0.710123
1 0.417636 0.693735 0.421440 0.693735 0.421440 0.696925 0.417636 0.696925
3 0.333658 0.827331 0.338403 0.827331 0.338403 0.831833 0.333658 0.831833
1 0.001969 0.898645 0.005513 0.898645 0.005513 0.903191 0.001969 0.903191
1 0.168377 0.744278 0.173009 0.744278 0.173009 0.749223 0.168377 0.749223
1 0.267553 0.725116 0.272303 0.725116 0.272303 0.728657 0.267553 0.728657
1 0.319689 0.729419 0.323893 0.729419 0.323893 0.733772 0.319689 0.733772
1 0.371967 0.751313 0.376375 0.751313 0.376375 0.755738 0.371967 0.755738
1 0.400698 0.767037 0.404998 0.767037 0.404998 0.771987 0.400698 0.771987
1 0.427348 0.768283 0.431642 0.768283 0.431642 0.772633 0.427348 0.772633
1 0.449564 0.782421 0.454007 0.782421 0.454007 0.785811 0.449564 0.785811
1 0.444518 0.778913 0.448547 0.778913 0.448547 0.782183 0.444518 0.782183
1 0.413657 0.791187 0.418024 0.791187 0.418024 0.796130 0.413657 0.796130
1 0.414999 0.818638 0.418922 0.818638 0.418922 0.823257 0.414999 0.823257
1 0.402986 0.672339 0.407320 0.672339 0.407320 0.676891 0.402986 0.676891
1 0.397363 0.672811 0.401177 0.672811 0.401177 0.676897 0.397363 0.676897
1 0.376955 0.670187 0.381430 0.670187 0.381430 0.675550 0.376955 0.675550
1 0.350636 0.661196 0.354898 0.661196 0.354898 0.665543 0.350636 0.665543
1 0.308592 0.679197 0.312926 0.679197 0.312926 0.683861 0.308592 0.683861
1 0.306957 0.706153 0.311098 0.706153 0.311098 0.709608 0.306957 0.709608
1 0.141557 0.667616 0.147507 0.667616 0.147507 0.672923 0.141557 0.672923
1 0.205361 0.767394 0.210709 0.767394 0.210709 0.772058 0.205361 0.772058
1 0.148563 0.754336 0.153667 0.754336 0.153667 0.759085 0.148563 0.759085
1 0.107502 0.852489 0.112581 0.852489 0.112581 0.856872 0.107502 0.856872
1 0.130506 0.526357 0.135064 0.526357 0.135064 0.530704 0.130506 0.530704
