1 0.510982 0.756443 0.514310 0.750289 0.518120 0.752599 0.514792 0.758753
1 0.502473 0.972655 0.497847 0.976796 0.495244 0.973534 0.499870 0.969394
3 0.940656 0.658596 0.945742 0.658596 0.945742 0.663246 0.940656 0.663246
1 0.513737 0.666250 0.508627 0.668704 0.506755 0.664335 0.511865 0.661880
1 0.838228 0.531417 0.834388 0.535777 0.831371 0.532797 0.835211 0.528437
1 0.835158 0.550997 0.830958 0.555203 0.828045 0.551942 0.832244 0.547735
1 0.813735 0.553040 0.807569 0.555797 0.806007 0.551879 0.812173 0.549122
1 0.770944 0.342714 0.764294 0.343305 0.763940 0.338830 0.770590 0.338239
1 0.765228 0.367252 0.762304 0.372426 0.758856 0.370241 0.761780 0.365067
1 0.771477 0.370911 0.767869 0.375496 0.764842 0.372826 0.768450 0.368240
1 0.797729 0.322059 0.791665 0.322995 0.791040 0.318455 0.797104 0.317519
1 0.871785 0.344838 0.865965 0.346047 0.865157 0.341688 0.870977 0.340479
1 0.838532 0.377071 0.831968 0.377802 0.831515 0.373241 0.838079 0.372510
1 0.847557 0.379790 0.842151 0.381314 0.841076 0.377036 0.846482 0.375513
3 0.627568 0.762895 0.631345 0.762895 0.631345 0.767035 0.627568 0.767035
1 0.924224 0.094827 0.922679 0.101638 0.919201 0.100754 0.920746 0.093942
1 0.916646 0.117601 0.914576 0.123494 0.910461 0.121873 0.912531 0.115980
1 0.944936 0.772606 0.939332 0.772481 0.939413 0.768405 0.945017 0.768530
1 0.941322 0.788833 0.943285 0.782691 0.947121 0.784065 0.945158 0.790207
1 0.817253 0.763967 0.820315 0.769156 0.817015 0.771340 0.813953 0.766151
1 0.799770 0.752233 0.804830 0.750241 0.806154 0.754013 0.801095 0.756005
1 0.793738 0.737652 0.799428 0.735844 0.800659 0.740186 0.794968 0.741994
1 0.791808 0.716944 0.790153 0.723576 0.786177 0.722463 0.787832 0.715831
1 0.785984 0.671888 0.782862 0.678184 0.779296 0.676201 0.782418 0.669906
1 0.787082 0.701558 0.782312 0.706121 0.779509 0.702835 0.784278 0.698272
1 0.766966 0.664875 0.763234 0.669420 0.760210 0.666636 0.763941 0.662090
1 0.778251 0.664295 0.773361 0.666991 0.771699 0.663611 0.776590 0.660915
1 0.790279 0.654953 0.787969 0.661708 0.784485 0.660372 0.786794 0.653617
1 0.864491 0.631478 0.860690 0.636838 0.857485 0.634289 0.861287 0.628929
1 0.850353 0.643306 0.844050 0.644640 0.843166 0.639957 0.849469 0.638623
1 0.823040 0.669133 0.818581 0.673208 0.816034 0.670083 0.820493 0.666008
1 0.890542 0.767728 0.884303 0.768457 0.883807 0.763695 0.890046 0.762966
1 0.897983 0.760457 0.891673 0.763876 0.889913 0.760234 0.896223 0.756815
1 0.896221 0.712033 0.890335 0.714070 0.889074 0.709985 0.894960 0.707947
1 0.989931 0.028001 0.986130 0.032678 0.982603 0.029464 0.986403 0.024787
1 0.961606 0.029743 0.958811 0.036266 0.954582 0.034234 0.957377 0.027711
1 0.975462 0.034342 0.979937 0.030949 0.982414 0.034613 0.977939 0.038005
1 0.994128 0.084278 0.989546 0.088250 0.987287 0.085327 0.991869 0.081355
1 0.984701 0.078260 0.979820 0.083097 0.976914 0.079808 0.981796 0.074972
1 0.961110 0.071506 0.965557 0.065814 0.968382 0.068289 0.963935 0.073981
1 0.968813 0.062078 0.972944 0.056597 0.976540 0.059636 0.972409 0.065117
1 0.981363 0.048505 0.975685 0.051270 0.974094 0.047607 0.979772 0.044842
1 0.953601 0.051814 0.948579 0.057152 0.945134 0.053517 0.950157 0.048180
1 0.946039 0.071215 0.941109 0.075192 0.938664 0.071794 0.943595 0.067817
1 0.864921 0.060603 0.870173 0.055700 0.872737 0.058780 0.867484 0.063682
1 0.953905 0.075021 0.948852 0.079186 0.946179 0.075549 0.951232 0.071384
1 0.904098 0.094000 0.901803 0.101707 0.898046 0.100452 0.900341 0.092746
1 0.851253 0.111723 0.851146 0.117606 0.846690 0.117515 0.846797 0.111632
1 0.876497 0.131181 0.870517 0.137024 0.867613 0.133691 0.873593 0.127848
1 0.873104 0.147289 0.870936 0.154846 0.866621 0.153458 0.868789 0.145901
1 0.882994 0.143731 0.880587 0.150200 0.876541 0.148512 0.878947 0.142044
1 0.962608 0.227174 0.961442 0.234107 0.957276 0.233321 0.958442 0.226388
1 0.914437 0.395400 0.911811 0.400930 0.908081 0.398943 0.910707 0.393414
1 0.915860 0.417672 0.909538 0.419192 0.908601 0.414821 0.914923 0.413301
1 0.949807 0.422977 0.949818 0.429535 0.945557 0.429543 0.945546 0.422985
1 0.903983 0.478077 0.897836 0.479038 0.897284 0.475083 0.903432 0.474121
1 0.907455 0.478049 0.901486 0.475811 0.902933 0.471483 0.908902 0.473721
1 0.918967 0.478941 0.913219 0.477115 0.914396 0.472959 0.920144 0.474785
1 0.924705 0.462475 0.918500 0.464623 0.917105 0.460102 0.923309 0.457954
1 0.923468 0.450584 0.929854 0.452460 0.928990 0.455758 0.922604 0.453883
1 0.955961 0.461839 0.950684 0.464268 0.949163 0.460563 0.954440 0.458134
1 0.959634 0.462535 0.955762 0.466607 0.953040 0.463704 0.956912 0.459632
1 0.362369 0.197203 0.358702 0.200675 0.355797 0.197233 0.359464 0.193762
1 0.922132 0.279953 0.919222 0.285628 0.915494 0.283484 0.918404 0.277809
1 0.333412 0.205259 0.330785 0.210404 0.327016 0.208246 0.329643 0.203101
1 0.970519 0.269850 0.967422 0.275417 0.963757 0.273131 0.966854 0.267564
1 0.961821 0.272934 0.964550 0.279186 0.960611 0.281114 0.957882 0.274862
1 0.689451 0.278362 0.695889 0.276612 0.697060 0.281445 0.690622 0.283195
1 0.200277 0.633006 0.195284 0.635973 0.193348 0.632320 0.198341 0.629353
11 0.481329 0.161404 0.488917 0.161404 0.488917 0.170053 0.481329 0.170053
3 0.487409 0.092842 0.491750 0.092842 0.491750 0.097298 0.487409 0.097298
1 0.357029 0.684576 0.360876 0.687252 0.358750 0.690678 0.354903 0.688003
1 0.498249 0.614616 0.492438 0.618285 0.490279 0.614451 0.496091 0.610782
1 0.464935 0.587645 0.465416 0.595742 0.461188 0.596023 0.460707 0.587927
1 0.610298 0.665529 0.606934 0.670770 0.603612 0.668380 0.606976 0.663139
1 0.727290 0.956289 0.732148 0.963635 0.728435 0.966388 0.723577 0.959042
11 0.126176 0.076649 0.152021 0.076649 0.152021 0.088860 0.126176 0.088860
11 0.807994 0.485861 0.794432 0.485760 0.794597 0.460895 0.808159 0.460996
11 0.096929 0.229541 0.077513 0.229125 0.077941 0.206714 0.097358 0.207130
11 0.117570 0.032210 0.138696 0.033274 0.137318 0.063959 0.116192 0.062894
11 0.933738 0.175396 0.952010 0.175396 0.952010 0.186814 0.933738 0.186814
1 0.879477 0.246982 0.878709 0.252840 0.874730 0.252255 0.875497 0.246397
3 0.931466 0.675674 0.936166 0.675674 0.936166 0.680070 0.931466 0.680070
11 0.124790 0.065039 0.139944 0.065039 0.139944 0.076532 0.124790 0.076532
11 0.935379 0.158370 0.961067 0.158370 0.961067 0.173916 0.935379 0.173916
11 0.582638 0.112912 0.593423 0.112912 0.593423 0.126053 0.582638 0.126053
11 0.606087 0.150263 0.627369 0.150263 0.627369 0.170867 0.606087 0.170867
11 0.752742 0.415211 0.775712 0.415211 0.775712 0.437528 0.752742 0.437528
11 0.925171 0.188281 0.943688 0.188281 0.943688 0.202809 0.925171 0.202809
11 0.534771 0.074035 0.544152 0.074035 0.544152 0.082595 0.534771 0.082595
11 0.138305 0.120474 0.153845 0.120474 0.153845 0.134330 0.138305 0.134330
1 0.443347 0.126186 0.435946 0.128657 0.434512 0.123842 0.441913 0.121371
1 0.412432 0.054324 0.413155 0.062904 0.408062 0.063385 0.407339 0.054805
1 0.401349 0.058891 0.396538 0.062913 0.393830 0.059281 0.398641 0.055259
1 0.408160 0.043282 0.402876 0.046207 0.400980 0.042365 0.406264 0.039440
1 0.268173 0.034176 0.262178 0.036884 0.260409 0.032491 0.266404 0.029783
1 0.301296 0.117831 0.306495 0.114242 0.308621 0.117696 0.303422 0.121285
1 0.304809 0.122289 0.310108 0.120045 0.311538 0.123832 0.306239 0.126076
1 0.313645 0.128743 0.318358 0.126222 0.319945 0.129550 0.315232 0.132071
1 0.334165 0.148379 0.328656 0.151262 0.326635 0.146932 0.332144 0.144049
1 0.326513 0.169032 0.321844 0.171562 0.319885 0.167508 0.324554 0.164978
1 0.292277 0.100532 0.297722 0.097582 0.299585 0.101436 0.294140 0.104387
1 0.297384 0.112312 0.302542 0.108939 0.304698 0.112637 0.299540 0.116010
1 0.271432 0.013774 0.277415 0.012759 0.278076 0.017126 0.272093 0.018141
1 0.276866 0.025437 0.271319 0.027000 0.270243 0.022719 0.275790 0.021156
1 0.276147 0.031162 0.269947 0.033735 0.268206 0.029029 0.274405 0.026456
1 0.266744 0.052290 0.261655 0.054466 0.260229 0.050726 0.265318 0.048550
1 0.263204 0.063114 0.258259 0.067206 0.255384 0.063310 0.260329 0.059219
1 0.607515 0.774753 0.600923 0.773472 0.601689 0.769056 0.608280 0.770337
1 0.718733 0.894977 0.725462 0.894467 0.725783 0.899209 0.719054 0.899719
1 0.737832 0.890409 0.743447 0.886459 0.746348 0.891084 0.740733 0.895034
2 0.923436 0.828312 0.928824 0.828312 0.928824 0.832853 0.923436 0.832853
3 0.922512 0.808509 0.927750 0.808509 0.927750 0.812863 0.922512 0.812863
1 0.981533 0.490579 0.974593 0.493385 0.972967 0.488874 0.979907 0.486068
1 0.947512 0.471907 0.943887 0.475720 0.941344 0.473008 0.944970 0.469196
1 0.838922 0.316898 0.832824 0.318921 0.831683 0.315062 0.837780 0.313039
1 0.870885 0.190908 0.864899 0.193625 0.863460 0.190069 0.869446 0.187353
3 0.791892 0.184882 0.796852 0.184882 0.796852 0.189784 0.791892 0.189784
1 0.284972 0.091612 0.289262 0.088838 0.291529 0.092771 0.287239 0.095544
1 0.258052 0.099196 0.253880 0.102076 0.251610 0.098387 0.255782 0.095507
1 0.246833 0.103558 0.242699 0.105265 0.241391 0.101712 0.245525 0.100005
1 0.168033 0.288515 0.162058 0.290449 0.160700 0.285743 0.166674 0.283809
1 0.333493 0.175111 0.328168 0.176781 0.326869 0.172135 0.332193 0.170465
1 0.311232 0.167308 0.306608 0.169622 0.304777 0.165518 0.309401 0.163204
1 0.343548 0.159208 0.338482 0.161860 0.336659 0.157955 0.341725 0.155303
1 0.355084 0.175027 0.349585 0.177135 0.348213 0.173120 0.353712 0.171012
1 0.295829 0.187585 0.299619 0.184722 0.301537 0.187570 0.297747 0.190433
1 0.282184 0.191958 0.287714 0.190432 0.288676 0.194342 0.283146 0.195868
1 0.263233 0.206275 0.258122 0.207585 0.257155 0.203353 0.262266 0.202043
11 0.593608 0.118119 0.603744 0.118119 0.603744 0.130632 0.593608 0.130632
1 0.314331 0.202115 0.312230 0.208362 0.307717 0.206660 0.309817 0.200413
1 0.323716 0.217719 0.324911 0.224547 0.320807 0.225352 0.319612 0.218525
1 0.391763 0.246019 0.395828 0.242184 0.398541 0.245409 0.394477 0.249244
1 0.387069 0.237359 0.391286 0.233381 0.393947 0.236544 0.389730 0.240523
1 0.378812 0.220250 0.374163 0.223162 0.372060 0.219396 0.376708 0.216484
1 0.306350 0.224086 0.302068 0.228083 0.299490 0.224986 0.303772 0.220989
1 0.316211 0.241228 0.310222 0.242963 0.309047 0.238418 0.315037 0.236683
1 0.348481 0.230042 0.344425 0.233633 0.342081 0.230663 0.346137 0.227073
1 0.351216 0.241431 0.347582 0.244207 0.345293 0.240848 0.348928 0.238072
1 0.380792 0.282145 0.375042 0.283618 0.374021 0.279148 0.379771 0.277675
1 0.398866 0.262088 0.392907 0.263603 0.391931 0.259296 0.397890 0.257781
1 0.259865 0.321875 0.262136 0.315643 0.266003 0.317223 0.263732 0.323456
1 0.309643 0.322493 0.315482 0.320685 0.316726 0.325191 0.310887 0.326999
1 0.329378 0.333356 0.324245 0.335048 0.322963 0.330688 0.328096 0.328996
1 0.368347 0.354859 0.372824 0.350665 0.375476 0.353839 0.371000 0.358034
1 0.355179 0.360353 0.359732 0.356850 0.362493 0.360874 0.357940 0.364377
1 0.303611 0.386321 0.309190 0.383312 0.311016 0.387109 0.305438 0.390118
1 0.291636 0.382459 0.296409 0.379398 0.298513 0.383078 0.293740 0.386139
1 0.241551 0.374387 0.246318 0.370429 0.248992 0.374041 0.244226 0.377999
3 0.475868 0.085860 0.483019 0.085860 0.483019 0.092068 0.475868 0.092068
1 0.519471 0.774279 0.515741 0.779579 0.512470 0.776998 0.516201 0.771698
1 0.490287 0.786780 0.484459 0.789362 0.482617 0.784699 0.488445 0.782117
3 0.353873 0.374218 0.359175 0.374218 0.359175 0.378768 0.353873 0.378768
1 0.673004 0.026021 0.667813 0.028809 0.665480 0.023938 0.670671 0.021151
1 0.595051 0.037394 0.592045 0.042776 0.588236 0.040390 0.591242 0.035008
1 0.575914 0.051101 0.581000 0.048521 0.582727 0.052337 0.577641 0.054918
1 0.499785 0.171878 0.504906 0.170625 0.505755 0.174515 0.500634 0.175768
1 0.465168 0.153695 0.461261 0.157580 0.458502 0.154468 0.462409 0.150583
1 0.895964 0.259947 0.893358 0.265158 0.890015 0.263283 0.892621 0.258072
1 0.458101 0.133599 0.463603 0.129944 0.466180 0.134294 0.460678 0.137949
1 0.453458 0.143718 0.449970 0.146678 0.448149 0.144271 0.451637 0.141311
1 0.354089 0.267120 0.350896 0.271402 0.347790 0.268805 0.350983 0.264523
1 0.931104 0.283064 0.929291 0.289080 0.925314 0.287736 0.927127 0.281720
1 0.833677 0.041286 0.829503 0.046109 0.826275 0.042976 0.830449 0.038153
1 0.852067 0.080447 0.849257 0.085538 0.845946 0.083488 0.848756 0.078397
1 0.853658 0.100097 0.850488 0.106153 0.846986 0.104098 0.850156 0.098041
1 0.790813 0.099357 0.795699 0.096629 0.797450 0.100145 0.792564 0.102873
1 0.794708 0.119305 0.800574 0.116513 0.802280 0.120533 0.796414 0.123325
1 0.816687 0.124189 0.815318 0.131581 0.810851 0.130653 0.812220 0.123261
1 0.818023 0.136526 0.815211 0.141852 0.811775 0.139818 0.814587 0.134492
1 0.833857 0.122519 0.830085 0.128224 0.826494 0.125562 0.830266 0.119856
1 0.840428 0.127710 0.838833 0.134241 0.834484 0.133050 0.836079 0.126519
1 0.842029 0.141591 0.837753 0.147142 0.834186 0.144060 0.838461 0.138509
1 0.828013 0.167881 0.822784 0.171546 0.820305 0.167580 0.825534 0.163915
1 0.812882 0.182113 0.807798 0.186259 0.805082 0.182524 0.810166 0.178378
1 0.792451 0.190226 0.789113 0.196525 0.784959 0.194056 0.788298 0.187758
1 0.792826 0.206588 0.787753 0.206467 0.787841 0.202319 0.792915 0.202440
1 0.797545 0.210520 0.793785 0.215213 0.790536 0.212294 0.794296 0.207601
1 0.792900 0.224919 0.789679 0.229130 0.786469 0.226378 0.789690 0.222166
1 0.896545 0.196287 0.895726 0.202236 0.891528 0.201588 0.892347 0.195639
1 0.884930 0.223290 0.882207 0.229389 0.878395 0.227480 0.881118 0.221382
1 0.832473 0.225872 0.830050 0.231829 0.826575 0.230244 0.828997 0.224287
1 0.844816 0.235223 0.841816 0.242067 0.837833 0.240109 0.840833 0.233265
1 0.856581 0.230125 0.853881 0.236173 0.850459 0.234459 0.853158 0.228412
1 0.926998 0.296078 0.929484 0.289632 0.933179 0.291229 0.930694 0.297676
1 0.938322 0.302273 0.935878 0.307749 0.932364 0.305990 0.934808 0.300514
1 0.958938 0.287752 0.954150 0.292496 0.951042 0.288978 0.955830 0.284234
1 0.036493 0.406304 0.031252 0.411197 0.028058 0.407361 0.033299 0.402468
1 0.111553 0.413317 0.116162 0.409654 0.118533 0.412999 0.113925 0.416662
1 0.140555 0.439621 0.136459 0.444158 0.133166 0.440825 0.137262 0.436287
1 0.119824 0.456394 0.116050 0.460832 0.112913 0.457841 0.116687 0.453403
1 0.112840 0.452571 0.109751 0.457726 0.106013 0.455215 0.109102 0.450060
1 0.266743 0.838742 0.261803 0.844956 0.258084 0.841640 0.263025 0.835427
1 0.289764 0.833209 0.286566 0.840439 0.282256 0.838301 0.285454 0.831071
1 0.344099 0.855734 0.341457 0.849421 0.344818 0.847843 0.347460 0.854156
1 0.350888 0.845813 0.355410 0.843180 0.357232 0.846690 0.352710 0.849323
1 0.364601 0.856719 0.358511 0.858008 0.357720 0.853816 0.363810 0.852527
1 0.567433 0.529994 0.574083 0.527522 0.575347 0.531335 0.568697 0.533806
1 0.497053 0.595633 0.500127 0.598270 0.498176 0.600821 0.495102 0.598184
11 0.617735 0.135076 0.622860 0.135178 0.622789 0.139165 0.617664 0.139063
1 0.617219 0.457409 0.612526 0.453318 0.615092 0.450017 0.619785 0.454109
1 0.028825 0.697560 0.033800 0.693810 0.035443 0.696254 0.030468 0.700004
1 0.584306 0.208580 0.582518 0.205038 0.587770 0.202064 0.589558 0.205606
1 0.863927 0.674737 0.863909 0.670571 0.868520 0.670549 0.868538 0.674715
1 0.714512 0.478267 0.710700 0.478145 0.710816 0.474073 0.714629 0.474196
1 0.103290 0.748657 0.101195 0.744053 0.103726 0.742761 0.105821 0.747365
1 0.962019 0.350188 0.965037 0.354528 0.961569 0.357231 0.958552 0.352891
1 0.581677 0.206358 0.579474 0.203062 0.584797 0.199071 0.587001 0.202368
1 0.582118 0.064540 0.581175 0.060712 0.586731 0.059176 0.587674 0.063004
1 0.026476 0.392050 0.024618 0.388264 0.029372 0.385648 0.031230 0.389434
11 0.087010 0.799719 0.092890 0.799766 0.092826 0.808662 0.086946 0.808615
1 0.551506 0.126719 0.553043 0.130763 0.547243 0.133236 0.545706 0.129191
1 0.550973 0.634750 0.550990 0.638188 0.547741 0.638206 0.547724 0.634768
1 0.570598 0.134864 0.576413 0.131658 0.578158 0.135208 0.572343 0.138414
1 0.348692 0.189862 0.351048 0.192550 0.347272 0.196259 0.344917 0.193571
1 0.262730 0.021259 0.261451 0.017351 0.265907 0.015717 0.267185 0.019624
1 0.125607 0.475003 0.129786 0.480752 0.126015 0.483825 0.121836 0.478076
1 0.532500 0.598945 0.528683 0.597155 0.531512 0.590390 0.535330 0.592180
1 0.135848 0.475719 0.131739 0.470346 0.135042 0.467514 0.139150 0.472888
1 0.551940 0.785595 0.548685 0.782572 0.550845 0.779965 0.554100 0.782988
1 0.860710 0.052311 0.856728 0.050386 0.859442 0.044092 0.863424 0.046017
1 0.422646 0.940207 0.426379 0.942883 0.422156 0.949489 0.418423 0.946813
1 0.023615 0.298305 0.022181 0.294149 0.027065 0.292260 0.028498 0.296416
1 0.867112 0.490314 0.865934 0.486137 0.872363 0.484104 0.873541 0.488281
1 0.336503 0.197306 0.334262 0.193937 0.338661 0.190655 0.340902 0.194025
3 0.781263 0.676593 0.781280 0.680886 0.776793 0.680905 0.776777 0.676612
2 0.463979 0.456285 0.458661 0.456252 0.458685 0.451882 0.464003 0.451915
2 0.160064 0.456196 0.154870 0.456169 0.154891 0.451702 0.160085 0.451729
1 0.435721 0.660648 0.431718 0.658621 0.434398 0.652686 0.438401 0.654712
1 0.823722 0.204965 0.820067 0.204458 0.820743 0.198998 0.824398 0.199505
1 0.830636 0.214311 0.826862 0.212690 0.828827 0.207562 0.832601 0.209184
11 0.719689 0.359105 0.730361 0.359105 0.730361 0.365789 0.719689 0.365789
1 0.459223 0.139374 0.453837 0.142937 0.451292 0.138624 0.456678 0.135061
1 0.441938 0.142478 0.446645 0.140259 0.448318 0.144239 0.443611 0.146458
1 0.452214 0.150059 0.448132 0.152802 0.445957 0.149173 0.450039 0.146430
1 0.511436 0.167976 0.516737 0.169241 0.515704 0.174096 0.510403 0.172831
1 0.536531 0.184789 0.532470 0.188066 0.530179 0.184882 0.534240 0.181604
1 0.545695 0.188587 0.541850 0.191534 0.539644 0.188306 0.543489 0.185359
1 0.552110 0.181315 0.556049 0.178102 0.558150 0.180992 0.554212 0.184205
1 0.567589 0.191309 0.562990 0.194771 0.560506 0.191070 0.565105 0.187608
1 0.574414 0.176982 0.570290 0.181140 0.567337 0.177855 0.571461 0.173697
1 0.568254 0.166696 0.572033 0.161755 0.575308 0.164564 0.571529 0.169505
1 0.597014 0.207765 0.593705 0.213163 0.590150 0.210719 0.593459 0.205322
1 0.570033 0.130213 0.564378 0.132054 0.563014 0.127359 0.568669 0.125518
11 0.525494 0.080121 0.530451 0.080121 0.530451 0.084840 0.525494 0.084840
11 0.625999 0.176725 0.636252 0.176725 0.636252 0.189247 0.625999 0.189247
11 0.954508 0.171186 0.966455 0.171186 0.966455 0.181935 0.954508 0.181935
1 0.280127 0.100363 0.275723 0.103450 0.273067 0.099202 0.277472 0.096115
1 0.315076 0.144641 0.310352 0.147311 0.308436 0.143510 0.313160 0.140840
1 0.333112 0.163200 0.329140 0.164575 0.327852 0.160403 0.331824 0.159028
1 0.344143 0.186343 0.345451 0.180485 0.349656 0.181538 0.348348 0.187396
1 0.557701 0.134022 0.552302 0.137140 0.550185 0.133027 0.555584 0.129910
1 0.552484 0.068706 0.558618 0.069492 0.558096 0.074062 0.551961 0.073276
1 0.585943 0.044739 0.581188 0.048788 0.578727 0.045547 0.583482 0.041498
1 0.626072 0.028766 0.622338 0.033918 0.618487 0.030788 0.622221 0.025636
11 0.861146 0.468509 0.868211 0.468509 0.868211 0.478554 0.861146 0.478554
1 0.638725 0.030110 0.634998 0.035684 0.631208 0.032843 0.634935 0.027268
1 0.649295 0.030240 0.644823 0.034185 0.642152 0.030790 0.646623 0.026845
1 0.648882 0.041835 0.654716 0.042506 0.654206 0.047482 0.648372 0.046811
1 0.708129 0.023459 0.703883 0.028298 0.700627 0.025094 0.704873 0.020255
3 0.054430 0.758877 0.057737 0.758877 0.057737 0.762467 0.054430 0.762467
3 0.083499 0.732561 0.087359 0.732561 0.087359 0.736175 0.083499 0.736175
3 0.083068 0.722158 0.087243 0.722158 0.087243 0.726596 0.083068 0.726596
1 0.090812 0.482532 0.095981 0.480485 0.097483 0.484740 0.092314 0.486786
1 0.082788 0.483382 0.087275 0.479968 0.089699 0.483539 0.085212 0.486954
1 0.055641 0.354471 0.061352 0.350736 0.063896 0.355099 0.058186 0.358834
3 0.021074 0.240491 0.025812 0.240491 0.025812 0.244561 0.021074 0.244561
3 0.021405 0.228474 0.025663 0.228474 0.025663 0.232684 0.021405 0.232684
1 0.116877 0.022159 0.116242 0.030339 0.111271 0.029906 0.111906 0.021726
1 0.126301 0.017000 0.127601 0.024151 0.122594 0.025172 0.121294 0.018021
3 0.105765 0.111877 0.111249 0.111877 0.111249 0.116596 0.105765 0.116596
1 0.180826 0.133138 0.178169 0.138451 0.174932 0.136636 0.177588 0.131323
1 0.191133 0.131969 0.186369 0.137104 0.183610 0.134232 0.188374 0.129098
1 0.175337 0.128868 0.173227 0.135109 0.169531 0.133707 0.171640 0.127467
1 0.461402 0.094694 0.462471 0.088204 0.466622 0.088971 0.465552 0.095461
1 0.580188 0.063808 0.573960 0.067052 0.571954 0.062734 0.578182 0.059490
1 0.571375 0.070787 0.566634 0.073720 0.564536 0.069918 0.569277 0.066985
1 0.631213 0.016831 0.627215 0.022115 0.624065 0.019443 0.628064 0.014158
1 0.646519 0.018090 0.642844 0.023388 0.639384 0.020698 0.643059 0.015399
1 0.684190 0.026031 0.678528 0.028344 0.676908 0.023899 0.682570 0.021585
1 0.306229 0.615760 0.301960 0.619044 0.299309 0.615179 0.303578 0.611895
1 0.745706 0.445527 0.740574 0.447430 0.739281 0.443519 0.744413 0.441616
1 0.708838 0.461901 0.711855 0.466235 0.708616 0.468764 0.705599 0.464430
1 0.721172 0.499093 0.719544 0.504497 0.715944 0.503280 0.717572 0.497877
1 0.541887 0.131394 0.537262 0.135084 0.534639 0.131397 0.539264 0.127707
1 0.555679 0.117378 0.560253 0.115058 0.562063 0.119059 0.557489 0.121379
1 0.711783 0.456640 0.708580 0.461325 0.705849 0.459232 0.709052 0.454547
1 0.663960 0.271720 0.661148 0.277416 0.657650 0.275480 0.660463 0.269784
1 0.804522 0.124593 0.802910 0.131486 0.798526 0.130337 0.800138 0.123443
1 0.836217 0.055348 0.830835 0.057189 0.829558 0.053002 0.834940 0.051161
1 0.853664 0.060283 0.850180 0.063797 0.847436 0.060745 0.850920 0.057231
1 0.013701 0.957114 0.013155 0.964456 0.008708 0.964086 0.009254 0.956744
1 0.245719 0.846152 0.245170 0.854050 0.239997 0.853647 0.240546 0.845749
1 0.296364 0.866299 0.288658 0.870070 0.286433 0.864971 0.294139 0.861200
1 0.383382 0.788697 0.378357 0.793242 0.375334 0.789495 0.380359 0.784949
1 0.394837 0.800177 0.389685 0.803984 0.387112 0.800079 0.392264 0.796272
1 0.418157 0.789159 0.413454 0.792200 0.411230 0.788342 0.415933 0.785302
1 0.441608 0.839603 0.443757 0.845923 0.439868 0.847406 0.437719 0.841086
1 0.434892 0.831718 0.430881 0.838675 0.426712 0.835980 0.430723 0.829023
1 0.426426 0.818452 0.424499 0.825811 0.420369 0.824599 0.422296 0.817239
1 0.406454 0.825498 0.413868 0.825224 0.414027 0.830049 0.406613 0.830323
3 0.449420 0.932509 0.454291 0.932509 0.454291 0.936982 0.449420 0.936982
1 0.562945 0.948164 0.557601 0.946992 0.558364 0.943087 0.563708 0.944259
1 0.612551 0.906217 0.615085 0.911998 0.611549 0.913736 0.609015 0.907955
1 0.624852 0.942579 0.630103 0.938524 0.632751 0.942370 0.627500 0.946425
1 0.617944 0.938522 0.623272 0.942621 0.620765 0.946274 0.615438 0.942175
1 0.615826 0.918911 0.610540 0.920348 0.609542 0.916229 0.614828 0.914792
1 0.618924 0.924948 0.613721 0.926770 0.612338 0.922343 0.617542 0.920521
1 0.545753 0.938021 0.548596 0.945289 0.544469 0.947099 0.541626 0.939831
1 0.546280 0.940805 0.552740 0.941730 0.552072 0.946967 0.545611 0.946042
1 0.521664 0.972706 0.516391 0.970924 0.517745 0.966431 0.523018 0.968213
1 0.607789 0.987342 0.601689 0.989769 0.600003 0.985018 0.606103 0.982591
1 0.777839 0.942233 0.772338 0.946884 0.769740 0.943438 0.775242 0.938788
1 0.771135 0.924490 0.767284 0.931729 0.763398 0.929411 0.767249 0.922172
1 0.731222 0.890972 0.723838 0.893634 0.722529 0.889561 0.729913 0.886900
1 0.747201 0.870596 0.754142 0.868489 0.755698 0.874236 0.748757 0.876343
1 0.735989 0.843184 0.742885 0.843465 0.742706 0.848407 0.735809 0.848126
1 0.359394 0.861213 0.353299 0.864516 0.351330 0.860441 0.357425 0.857138
1 0.733243 0.824966 0.726779 0.826483 0.725750 0.821567 0.732214 0.820050
1 0.729732 0.830344 0.736081 0.829351 0.736720 0.833928 0.730370 0.834921
1 0.696954 0.771586 0.692785 0.775862 0.689748 0.772542 0.693916 0.768266
1 0.626069 0.715821 0.621886 0.720827 0.618573 0.717723 0.622756 0.712717
1 0.601285 0.769038 0.597472 0.775208 0.593561 0.772497 0.597374 0.766328
1 0.597551 0.779703 0.591919 0.784084 0.589305 0.780316 0.594937 0.775935
1 0.589975 0.793526 0.588596 0.800336 0.583179 0.799106 0.584558 0.792296
1 0.533548 0.710636 0.528746 0.715328 0.525504 0.711607 0.530306 0.706914
1 0.529670 0.695707 0.523777 0.699853 0.520908 0.695281 0.526802 0.691134
1 0.553931 0.637493 0.549802 0.643831 0.545961 0.641025 0.550090 0.634687
1 0.547183 0.735664 0.541181 0.737840 0.539678 0.733189 0.545679 0.731013
1 0.543049 0.819582 0.537255 0.825087 0.534050 0.821304 0.539844 0.815799
1 0.469078 0.819611 0.464874 0.827983 0.460718 0.825643 0.464922 0.817271
1 0.529975 0.795196 0.527107 0.802790 0.522566 0.800867 0.525434 0.793273
3 0.481594 0.746421 0.487111 0.746421 0.487111 0.751667 0.481594 0.751667
1 0.471326 0.756283 0.477424 0.754744 0.478489 0.759479 0.472390 0.761017
