3 0.752451 0.153136 0.748592 0.153050 0.748670 0.149152 0.752528 0.149238
1 0.566029 0.435780 0.568863 0.438371 0.564696 0.443485 0.561862 0.440894
1 0.365632 0.668438 0.372227 0.663287 0.374012 0.665851 0.367417 0.671002
1 0.757046 0.139616 0.762730 0.134326 0.764963 0.137019 0.759278 0.142308
1 0.718397 0.757465 0.723798 0.750814 0.726236 0.753035 0.720835 0.759686
1 0.556577 0.079264 0.554863 0.082005 0.548081 0.077247 0.549796 0.074506
1 0.109749 0.422875 0.107828 0.425388 0.101750 0.420176 0.103671 0.417662
1 0.443378 0.402628 0.442857 0.406028 0.434967 0.404671 0.435488 0.401271
1 0.068008 0.570362 0.073929 0.564297 0.076477 0.567088 0.070556 0.573153
1 0.060037 0.555459 0.066716 0.551668 0.068282 0.554763 0.061602 0.558554
1 0.400714 0.393550 0.407538 0.389492 0.409163 0.392559 0.402339 0.396617
1 0.519259 0.094009 0.517433 0.097022 0.510389 0.092231 0.512215 0.089219
1 0.431435 0.673920 0.438131 0.668411 0.440279 0.671341 0.433584 0.676850
1 0.689930 0.144536 0.695282 0.138094 0.697580 0.140236 0.692228 0.146678
1 0.901767 0.260846 0.907664 0.255064 0.909918 0.257644 0.904020 0.263426
1 0.630035 0.334501 0.635269 0.327821 0.637958 0.330185 0.632724 0.336865
1 0.534075 0.324559 0.540063 0.319729 0.541759 0.322088 0.535770 0.326918
1 0.741465 0.454704 0.748038 0.450055 0.749848 0.452926 0.743275 0.457575
1 0.453217 0.040640 0.450978 0.043189 0.445212 0.037507 0.447451 0.034958
1 0.218661 0.341376 0.224838 0.337531 0.226438 0.340414 0.220261 0.344260
1 0.126211 0.527057 0.132742 0.522377 0.134457 0.525062 0.127926 0.529742
1 0.736437 0.605356 0.741979 0.598776 0.744395 0.601059 0.738852 0.607639
1 0.811876 0.361089 0.816758 0.353939 0.819462 0.356010 0.814580 0.363160
1 0.521315 0.592639 0.527597 0.586802 0.529804 0.589467 0.523522 0.595304
1 0.532228 0.646458 0.537216 0.640383 0.539587 0.642567 0.534599 0.648643
1 0.352059 0.103463 0.356405 0.096416 0.358979 0.098197 0.354633 0.105244
1 0.556731 0.068265 0.554517 0.070788 0.548383 0.064748 0.550597 0.062226
1 0.413434 0.879881 0.420360 0.874632 0.422479 0.877770 0.415553 0.883018
1 0.697741 0.628129 0.696075 0.631155 0.689042 0.626810 0.690708 0.623785
1 0.676796 0.637542 0.681658 0.630263 0.684318 0.632257 0.679456 0.639536
1 0.605948 0.468641 0.610371 0.461597 0.613290 0.463654 0.608867 0.470698
1 0.174809 0.962446 0.179618 0.954897 0.182487 0.956947 0.177678 0.964497
1 0.725024 0.495020 0.730994 0.489106 0.733133 0.491528 0.727163 0.497442
1 0.750960 0.479856 0.753471 0.471910 0.756657 0.473040 0.754147 0.480986
1 0.656384 0.552175 0.661551 0.545613 0.664076 0.547845 0.658909 0.554406
1 0.260992 0.744364 0.267485 0.738747 0.269709 0.741632 0.263216 0.747249
1 0.532617 0.139602 0.531938 0.143444 0.523786 0.141826 0.524465 0.137984
1 0.496353 0.884130 0.502769 0.878725 0.504812 0.881448 0.498397 0.886852
1 0.213175 0.634211 0.218590 0.627704 0.221106 0.630053 0.215692 0.636561
1 0.416123 0.648564 0.422101 0.642187 0.424510 0.644721 0.418531 0.651098
1 0.678196 0.571838 0.683945 0.565462 0.686422 0.567969 0.680674 0.574345
1 0.905712 0.476043 0.912495 0.471719 0.914194 0.474710 0.907410 0.479033
1 0.541988 0.127569 0.540590 0.131045 0.533356 0.127780 0.534754 0.124304
1 0.579489 0.809879 0.586267 0.805071 0.587918 0.807684 0.581140 0.812492
1 0.694932 0.514281 0.701382 0.509783 0.703162 0.512647 0.696712 0.517145
1 0.465083 0.661014 0.467540 0.654227 0.470528 0.655441 0.468071 0.662228
1 0.636156 0.243022 0.635586 0.246946 0.627466 0.245624 0.628036 0.241700
1 0.756399 0.518290 0.763559 0.514852 0.764909 0.518007 0.757749 0.521445
1 0.728109 0.765903 0.735115 0.760834 0.736886 0.763581 0.729880 0.768651
1 0.972863 0.495684 0.979322 0.490579 0.981432 0.493574 0.974972 0.498679
1 0.422642 0.963915 0.429258 0.958407 0.431619 0.961589 0.425004 0.967097
1 0.596964 0.441127 0.602415 0.435643 0.604582 0.438059 0.599130 0.443543
1 0.796171 0.419740 0.800688 0.412723 0.803351 0.414647 0.798834 0.421664
1 0.278511 0.192219 0.278137 0.195518 0.270463 0.194544 0.270837 0.191244
1 0.461961 0.515877 0.468657 0.511135 0.470549 0.514131 0.463853 0.518874
1 0.011567 0.454551 0.017009 0.447615 0.019676 0.449963 0.014234 0.456899
1 0.799605 0.513568 0.806175 0.509332 0.807923 0.512374 0.801353 0.516609
1 0.115245 0.155058 0.119558 0.148053 0.122497 0.150084 0.118184 0.157089
1 0.647749 0.779643 0.654079 0.774179 0.656220 0.776963 0.649890 0.782427
1 0.366208 0.209170 0.371722 0.202951 0.374091 0.205309 0.368577 0.211527
1 0.076410 0.590600 0.081233 0.582651 0.084158 0.584642 0.079334 0.592591
1 0.848950 0.501713 0.853148 0.494887 0.855809 0.496723 0.851611 0.503549
1 0.438086 0.897385 0.445897 0.894751 0.446811 0.897792 0.439000 0.900426
1 0.381379 0.805689 0.387872 0.800158 0.389914 0.802848 0.383421 0.808379
1 0.461126 0.505425 0.467624 0.500351 0.469729 0.503376 0.463231 0.508450
1 0.889611 0.316446 0.892281 0.308121 0.895422 0.309251 0.892752 0.317576
1 0.455572 0.627887 0.461967 0.623447 0.463913 0.626592 0.457518 0.631031
1 0.114318 0.319633 0.118230 0.312301 0.121117 0.314029 0.117205 0.321362
1 0.595451 0.417662 0.600045 0.411309 0.602694 0.413458 0.598100 0.419811
1 0.240831 0.731486 0.248516 0.727284 0.250079 0.730491 0.242393 0.734692
1 0.705722 0.565691 0.712375 0.560848 0.714143 0.563572 0.707490 0.568415
1 0.505486 0.201729 0.511445 0.197227 0.513294 0.199975 0.507335 0.204476
1 0.121074 0.138078 0.126676 0.132266 0.129006 0.134786 0.123404 0.140598
1 0.407196 0.734519 0.412095 0.726948 0.414836 0.728938 0.409937 0.736509
1 0.772095 0.619310 0.777964 0.613324 0.780076 0.615647 0.774207 0.621633
1 0.073411 0.454490 0.070973 0.457015 0.064820 0.450349 0.067257 0.447824
1 0.596574 0.398763 0.596114 0.402420 0.587696 0.401233 0.588155 0.397576
1 0.746802 0.710527 0.754017 0.706212 0.755503 0.709000 0.748289 0.713315
1 0.765298 0.612701 0.771501 0.607367 0.773479 0.609949 0.767276 0.615283
1 0.384271 0.830737 0.389287 0.823548 0.392323 0.825925 0.387306 0.833114
1 0.840820 0.330456 0.845737 0.323707 0.848117 0.325653 0.843200 0.332401
1 0.621980 0.850826 0.628375 0.844285 0.630780 0.846923 0.624386 0.853465
1 0.127001 0.801118 0.124710 0.803612 0.118758 0.797477 0.121049 0.794983
1 0.368984 0.503865 0.366737 0.506427 0.361133 0.500911 0.363381 0.498349
1 0.621647 0.460008 0.625446 0.452155 0.628486 0.453806 0.624687 0.461658
1 0.385055 0.250791 0.382782 0.253217 0.377239 0.247391 0.379512 0.244965
1 0.508966 0.339060 0.515298 0.334039 0.517191 0.336718 0.510859 0.341739
1 0.665164 0.218325 0.667628 0.210067 0.670761 0.211116 0.668296 0.219374
1 0.258405 0.164160 0.264716 0.158809 0.266668 0.161393 0.260357 0.166744
1 0.224480 0.201732 0.231306 0.197869 0.232854 0.200937 0.226028 0.204800
1 0.283368 0.210651 0.281830 0.213251 0.275119 0.208795 0.276658 0.206195
1 0.056366 0.657490 0.062424 0.651131 0.064703 0.653567 0.058645 0.659926
1 0.591225 0.466152 0.596883 0.460065 0.599197 0.462478 0.593539 0.468565
1 0.140229 0.168885 0.144354 0.161467 0.146949 0.163086 0.142824 0.170504
1 0.167246 0.854626 0.168747 0.845595 0.172251 0.846248 0.170750 0.855279
1 0.396009 0.692901 0.402885 0.687877 0.404894 0.690962 0.398018 0.695986
1 0.117301 0.099038 0.120955 0.091340 0.124013 0.092968 0.120360 0.100667
1 0.534129 0.769022 0.540234 0.763403 0.542305 0.765928 0.536200 0.771547
1 0.198395 0.448314 0.205840 0.445048 0.207100 0.448272 0.199655 0.451537
1 0.438274 0.927527 0.444739 0.921398 0.447327 0.924462 0.440862 0.930590
1 0.531369 0.908608 0.537022 0.901330 0.539700 0.903664 0.534047 0.910942
1 0.725401 0.920794 0.731382 0.914363 0.733713 0.916796 0.727731 0.923226
1 0.490132 0.833398 0.496761 0.827790 0.498751 0.830430 0.492122 0.836038
1 0.616529 0.444451 0.620615 0.437176 0.623653 0.439091 0.619568 0.446366
1 0.693905 0.557735 0.698196 0.550161 0.701269 0.552114 0.696979 0.559688
1 0.248056 0.744872 0.254577 0.739068 0.256547 0.741552 0.250026 0.747356
1 0.561178 0.483317 0.565607 0.475977 0.568500 0.477935 0.564071 0.485275
1 0.978644 0.455216 0.983399 0.447904 0.986345 0.450054 0.981590 0.457365
1 0.534705 0.760578 0.542334 0.757411 0.543496 0.760551 0.535867 0.763718
1 0.979981 0.240030 0.985559 0.233541 0.988062 0.235956 0.982483 0.242444
1 0.732992 0.940455 0.739264 0.934510 0.741440 0.937087 0.735168 0.943031
1 0.375043 0.784118 0.378943 0.777635 0.381508 0.779367 0.377607 0.785850
1 0.362456 0.890044 0.368091 0.883386 0.370587 0.885756 0.364952 0.892413
1 0.724022 0.309038 0.730674 0.305737 0.732036 0.308817 0.725384 0.312117
1 0.541201 0.066966 0.546984 0.061071 0.549352 0.063677 0.543569 0.069573
1 0.781038 0.392099 0.783688 0.383608 0.786456 0.384577 0.783805 0.393069
1 0.629094 0.799723 0.636486 0.795995 0.637845 0.799019 0.630453 0.802748
1 0.188694 0.801182 0.193220 0.793545 0.196167 0.795505 0.191640 0.803142
1 0.310635 0.541247 0.317929 0.538189 0.319190 0.541565 0.311897 0.544623
1 0.465694 0.688556 0.464578 0.692383 0.456679 0.689798 0.457796 0.685971
1 0.391849 0.881794 0.397894 0.875223 0.400303 0.877710 0.394257 0.884281
1 0.188423 0.941043 0.193638 0.933455 0.196388 0.935575 0.191173 0.943164
1 0.854456 0.418615 0.861073 0.413916 0.862820 0.416675 0.856203 0.421374
1 0.586829 0.630403 0.593686 0.625167 0.595449 0.627758 0.588592 0.632993
1 0.583657 0.655908 0.590102 0.649604 0.592507 0.652362 0.586061 0.658666
1 0.941104 0.881871 0.947817 0.876748 0.949663 0.879462 0.942950 0.884584
1 0.747854 0.608537 0.753109 0.601448 0.755563 0.603489 0.750307 0.610578
1 0.971198 0.226765 0.976584 0.219610 0.979167 0.221791 0.973781 0.228946
1 0.635105 0.353238 0.642080 0.348408 0.643829 0.351243 0.636854 0.356073
1 0.220590 0.780603 0.226952 0.774825 0.229320 0.777751 0.222959 0.783529
1 0.340931 0.904908 0.347832 0.899400 0.349648 0.901954 0.342747 0.907461
1 0.638313 0.151589 0.645011 0.146547 0.646936 0.149417 0.640238 0.154459
1 0.430636 0.373839 0.433958 0.365629 0.437033 0.367024 0.433711 0.375235
1 0.635751 0.456667 0.641497 0.451084 0.643733 0.453667 0.637987 0.459250
1 0.744678 0.950909 0.749985 0.945071 0.752186 0.947317 0.746879 0.953155
1 0.426648 0.249052 0.426501 0.252039 0.418995 0.251627 0.419141 0.248640
1 0.432289 0.846972 0.435678 0.838584 0.438662 0.839936 0.435273 0.848325
1 0.591092 0.708713 0.596246 0.702048 0.598510 0.704012 0.593356 0.710678
1 0.685009 0.736399 0.692262 0.732942 0.693701 0.736330 0.686448 0.739787
1 0.044145 0.889963 0.051559 0.886103 0.053035 0.889283 0.045620 0.893143
1 0.848809 0.460097 0.853289 0.452253 0.856327 0.454200 0.851847 0.462044
1 0.269146 0.226289 0.273700 0.219385 0.276289 0.221300 0.271735 0.228205
1 0.783854 0.072437 0.791623 0.069132 0.792913 0.072532 0.785143 0.075838
1 0.235203 0.978192 0.240454 0.970353 0.243492 0.972636 0.238242 0.980475
1 0.834064 0.389962 0.837547 0.382527 0.840551 0.384105 0.837068 0.391540
1 0.303971 0.962806 0.310597 0.956889 0.312498 0.959278 0.305872 0.965195
1 0.273720 0.407283 0.279609 0.400995 0.282238 0.403758 0.276349 0.410046
1 0.753861 0.609054 0.758154 0.600950 0.760845 0.602549 0.756552 0.610654
1 0.507182 0.590432 0.513715 0.585101 0.515614 0.587711 0.509080 0.593042
1 0.959432 0.702744 0.965563 0.696158 0.968609 0.699340 0.962478 0.705925
1 0.397617 0.187860 0.397215 0.191772 0.389458 0.190878 0.389860 0.186966
1 0.040697 0.363332 0.042203 0.354671 0.045625 0.355339 0.044118 0.363999
1 0.402915 0.685346 0.409461 0.679413 0.411611 0.682074 0.405064 0.688008
1 0.328455 0.080538 0.334027 0.073055 0.336433 0.075066 0.330861 0.082549
1 0.329285 0.905419 0.335127 0.899311 0.337546 0.901906 0.331704 0.908015
1 0.177636 0.803488 0.182486 0.795986 0.185298 0.798026 0.180448 0.805528
1 0.083928 0.615234 0.090489 0.609953 0.092460 0.612700 0.085898 0.617981
1 0.230732 0.249254 0.234499 0.241154 0.237729 0.242839 0.233963 0.250939
1 0.313294 0.098344 0.318544 0.091554 0.320854 0.093559 0.315605 0.100348
1 0.665152 0.537611 0.670309 0.530796 0.672761 0.532878 0.667604 0.539693
1 0.544195 0.776324 0.551583 0.771707 0.553217 0.774640 0.545829 0.779257
1 0.033864 0.810333 0.041000 0.806010 0.042663 0.809091 0.035527 0.813413
1 0.104917 0.176754 0.108260 0.168587 0.111268 0.169969 0.107926 0.178135
1 0.637174 0.058973 0.642993 0.052923 0.645695 0.055838 0.639875 0.061888
1 0.768145 0.872214 0.774801 0.866185 0.776928 0.868820 0.770272 0.874849
1 0.923790 0.452526 0.926708 0.444676 0.929640 0.445899 0.926722 0.453749
1 0.436595 0.916082 0.442952 0.909733 0.445356 0.912434 0.438999 0.918783
1 0.953523 0.345320 0.958559 0.338713 0.961087 0.340875 0.956051 0.347482
1 0.517576 0.631173 0.522369 0.624120 0.525134 0.626229 0.520340 0.633281
1 0.384209 0.572388 0.392073 0.570193 0.392868 0.573388 0.385004 0.575583
1 0.513612 0.932076 0.519795 0.925766 0.522257 0.928473 0.516075 0.934783
1 0.452894 0.812619 0.456795 0.804911 0.459905 0.806677 0.456004 0.814386
1 0.791016 0.568939 0.797151 0.562796 0.799612 0.565553 0.793476 0.571697
1 0.721447 0.571952 0.727105 0.565870 0.729244 0.568103 0.723585 0.574184
1 0.512259 0.229484 0.519561 0.226210 0.520814 0.229345 0.513511 0.232619
1 0.774210 0.496630 0.779674 0.490066 0.782183 0.492410 0.776718 0.498974
1 0.705567 0.508667 0.710820 0.501563 0.713677 0.503933 0.708423 0.511038
1 0.981848 0.126949 0.989368 0.123033 0.990815 0.126152 0.983294 0.130067
1 0.348360 0.638807 0.355188 0.633828 0.357205 0.636930 0.350376 0.641910
1 0.330338 0.035603 0.336905 0.030044 0.338958 0.032766 0.332391 0.038324
1 0.709031 0.585764 0.716139 0.581317 0.717637 0.584002 0.710529 0.588450
1 0.154514 0.781724 0.154375 0.784984 0.145566 0.784564 0.145705 0.781304
1 0.981538 0.410484 0.985901 0.402789 0.988813 0.404641 0.984449 0.412337
1 0.610642 0.659414 0.615976 0.652144 0.618647 0.654343 0.613314 0.661613
1 0.638545 0.728470 0.644267 0.721994 0.646557 0.724265 0.640836 0.730741
1 0.353082 0.670564 0.359557 0.665148 0.361629 0.667927 0.355154 0.673343
1 0.753807 0.726894 0.760229 0.721726 0.762123 0.724367 0.755701 0.729535
1 0.717541 0.594401 0.724955 0.590109 0.726453 0.593013 0.719039 0.597305
1 0.423612 0.868551 0.429155 0.861737 0.431649 0.864013 0.426106 0.870827
1 0.080028 0.650139 0.078505 0.653178 0.071102 0.649016 0.072625 0.645976
1 0.584374 0.620788 0.589795 0.614047 0.592206 0.616223 0.586785 0.622964
1 0.863876 0.564163 0.869561 0.557750 0.871932 0.560108 0.866247 0.566521
1 0.835848 0.360313 0.840286 0.352710 0.843169 0.354598 0.838731 0.362202
1 0.550996 0.797143 0.555977 0.790097 0.558609 0.792185 0.553628 0.799231
1 0.959355 0.905668 0.963679 0.898022 0.966510 0.899818 0.962186 0.907464
1 0.672660 0.830573 0.680196 0.826618 0.681642 0.829710 0.674107 0.833666
1 0.223140 0.194389 0.230168 0.190857 0.231611 0.194081 0.224583 0.197613
1 0.810049 0.783987 0.817130 0.779087 0.819441 0.782834 0.812360 0.787734
1 0.330263 0.180992 0.332528 0.172371 0.335555 0.173264 0.333290 0.181884
1 0.495343 0.854057 0.500346 0.846783 0.502831 0.848700 0.497828 0.855974
1 0.129880 0.599525 0.137101 0.595445 0.138504 0.598232 0.131283 0.602311
1 0.180406 0.482365 0.187570 0.479733 0.188645 0.483014 0.181480 0.485646
1 0.473282 0.236615 0.471171 0.239567 0.464629 0.234318 0.466740 0.231366
1 0.406420 0.872069 0.411933 0.864921 0.414588 0.867219 0.409075 0.874366
1 0.353084 0.210737 0.358021 0.204399 0.360796 0.206824 0.355859 0.213162
1 0.542782 0.940153 0.549566 0.935427 0.551353 0.938305 0.544569 0.943031
1 0.765843 0.475338 0.770065 0.468138 0.772826 0.469955 0.768604 0.477155
1 0.361596 0.143327 0.365542 0.136005 0.368220 0.137624 0.364273 0.144946
1 0.652836 0.619941 0.659543 0.615068 0.661362 0.617877 0.654655 0.622750
1 0.390082 0.140736 0.391000 0.132243 0.394218 0.132633 0.393300 0.141127
1 0.544740 0.484015 0.550166 0.478264 0.552538 0.480775 0.547112 0.486526
1 0.544989 0.911484 0.552565 0.907830 0.553848 0.910813 0.546271 0.914467
1 0.376278 0.169500 0.377073 0.161028 0.380027 0.161339 0.379232 0.169811
1 0.609219 0.087067 0.615560 0.082350 0.617302 0.084978 0.610961 0.089695
1 0.523300 0.883119 0.529162 0.876583 0.531546 0.878982 0.525684 0.885518
1 0.355561 0.942383 0.352501 0.944188 0.348287 0.936176 0.351347 0.934370
1 0.326831 0.412015 0.332940 0.406410 0.335113 0.409066 0.329004 0.414672
1 0.653553 0.611656 0.660113 0.606028 0.662106 0.608634 0.655546 0.614262
1 0.813978 0.533201 0.819109 0.526824 0.821548 0.529027 0.816417 0.535404
1 0.513136 0.944038 0.517799 0.936786 0.520609 0.938814 0.515946 0.946066
1 0.484575 0.288392 0.490271 0.281977 0.492762 0.284458 0.487067 0.290873
1 0.288876 0.209586 0.293311 0.202744 0.295905 0.204630 0.291470 0.211472
1 0.342924 0.248827 0.350849 0.245906 0.351935 0.249211 0.344010 0.252132
1 0.466629 0.475979 0.473580 0.471665 0.475192 0.474580 0.468241 0.478894
1 0.470805 0.541946 0.475289 0.535058 0.477956 0.537006 0.473473 0.543894
1 0.450319 0.686954 0.456466 0.680485 0.458748 0.682919 0.452601 0.689388
1 0.286201 0.017530 0.284093 0.019607 0.278855 0.013639 0.280963 0.011563
1 0.519587 0.131646 0.524263 0.124166 0.526871 0.125995 0.522195 0.133475
1 0.303245 0.263725 0.310978 0.260772 0.312187 0.264325 0.304454 0.267278
1 0.533555 0.915015 0.540539 0.909192 0.542613 0.911983 0.535629 0.917806
1 0.147575 0.645284 0.154956 0.642278 0.156160 0.645593 0.148779 0.648600
1 0.072032 0.887708 0.070686 0.891189 0.062887 0.887806 0.064232 0.884326
1 0.245190 0.439265 0.250597 0.432709 0.253059 0.434986 0.247652 0.441543
1 0.616874 0.803504 0.616642 0.807118 0.608375 0.806522 0.608607 0.802908
1 0.153433 0.199486 0.161108 0.196271 0.162218 0.199244 0.154543 0.202459
1 0.797266 0.456071 0.803772 0.451231 0.805644 0.454054 0.799138 0.458894
1 0.634988 0.585055 0.640049 0.578676 0.642408 0.580776 0.637346 0.587155
1 0.529473 0.746328 0.536430 0.741606 0.538154 0.744454 0.531196 0.749177
1 0.064750 0.581413 0.070979 0.575131 0.073282 0.577694 0.067054 0.583975
1 0.618316 0.735244 0.622869 0.728283 0.625644 0.730319 0.621092 0.737281
1 0.573884 0.085126 0.573619 0.088363 0.565173 0.087585 0.565438 0.084348
1 0.363320 0.744682 0.369961 0.739280 0.372145 0.742292 0.365504 0.747694
1 0.798344 0.548153 0.804951 0.542334 0.807320 0.545351 0.800713 0.551171
1 0.599750 0.312651 0.604904 0.305607 0.607720 0.307919 0.602566 0.314963
1 0.968915 0.517021 0.972135 0.509292 0.975106 0.510681 0.971886 0.518409
1 0.444002 0.772735 0.449305 0.765871 0.452147 0.768334 0.446844 0.775198
1 0.749231 0.552387 0.756587 0.548583 0.758092 0.551849 0.750736 0.555653
1 0.414067 0.946456 0.419472 0.938831 0.422578 0.941302 0.417173 0.948927
1 0.809596 0.501558 0.807358 0.504117 0.801656 0.498523 0.803894 0.495964
1 0.236379 0.240888 0.243139 0.236436 0.244824 0.239307 0.238065 0.243760
1 0.873857 0.131079 0.871429 0.133697 0.865534 0.127564 0.867961 0.124945
1 0.615283 0.746623 0.620437 0.740407 0.622690 0.742503 0.617536 0.748719
1 0.468733 0.783883 0.472668 0.775788 0.475779 0.777485 0.471844 0.785580
1 0.681783 0.530558 0.686525 0.523565 0.689172 0.525578 0.684429 0.532572
1 0.274840 0.199948 0.274748 0.202987 0.266808 0.202716 0.266901 0.199677
1 0.636470 0.740062 0.641264 0.732921 0.643860 0.734876 0.639066 0.742017
1 0.731056 0.531947 0.737836 0.527295 0.739525 0.530058 0.732745 0.534710
1 0.581189 0.820490 0.588135 0.815483 0.589925 0.818270 0.582979 0.823277
1 0.255551 0.302811 0.259838 0.295352 0.262796 0.297260 0.258509 0.304718
1 0.818897 0.463970 0.824867 0.457974 0.827056 0.460418 0.821086 0.466415
1 0.018597 0.586442 0.025907 0.581891 0.027754 0.585220 0.020444 0.589771
1 0.038616 0.573868 0.044345 0.567700 0.046778 0.570236 0.041049 0.576404
1 0.336644 0.046696 0.335460 0.049980 0.327568 0.046789 0.328751 0.043505
1 0.358467 0.912794 0.365439 0.907690 0.367457 0.910784 0.360486 0.915888
1 0.224064 0.245696 0.223634 0.249084 0.215819 0.247970 0.216250 0.244582
1 0.686616 0.439222 0.692480 0.433519 0.694551 0.435909 0.688687 0.441612
1 0.093294 0.501909 0.093072 0.505543 0.084766 0.504973 0.084988 0.501339
1 0.254446 0.671605 0.260778 0.664570 0.263051 0.666865 0.256719 0.673901
1 0.717876 0.575797 0.724751 0.572660 0.726116 0.576018 0.719241 0.579154
1 0.533090 0.835111 0.537203 0.827519 0.540074 0.829264 0.535961 0.836856
1 0.158139 0.183491 0.165447 0.180761 0.166555 0.184089 0.159247 0.186819
1 0.167346 0.593602 0.174759 0.590414 0.176014 0.593689 0.168601 0.596877
1 0.233623 0.783299 0.239112 0.776688 0.241853 0.779242 0.236364 0.785853
1 0.317724 0.074046 0.322390 0.066724 0.325058 0.068632 0.320392 0.075954
1 0.497195 0.871340 0.498408 0.862447 0.501730 0.862956 0.500517 0.871849
1 0.774994 0.739952 0.779962 0.732644 0.782274 0.734407 0.777305 0.741715
1 0.805400 0.445698 0.810172 0.438812 0.812797 0.440853 0.808026 0.447740
1 0.737066 0.501357 0.740885 0.495123 0.743581 0.496976 0.739762 0.503210
1 0.406692 0.661625 0.414627 0.659468 0.415384 0.662594 0.407449 0.664750
1 0.417591 0.186103 0.416857 0.189840 0.408579 0.188016 0.409314 0.184278
1 0.943562 0.339681 0.949188 0.334132 0.951370 0.336614 0.945744 0.342163
1 0.575041 0.799291 0.582106 0.794486 0.583651 0.797034 0.576585 0.801839
1 0.675996 0.781092 0.683947 0.779018 0.684670 0.782127 0.676719 0.784201
1 0.496658 0.740365 0.503653 0.735633 0.505301 0.738365 0.498306 0.743098
1 0.562634 0.697887 0.570233 0.694475 0.571576 0.697833 0.563977 0.701245
1 0.509826 0.160589 0.516887 0.156755 0.518504 0.160097 0.511443 0.163931
1 0.581453 0.616678 0.586364 0.610280 0.588830 0.612404 0.583920 0.618802
1 0.084779 0.548124 0.092135 0.544064 0.093662 0.547169 0.086306 0.551229
1 0.566755 0.784071 0.570863 0.776151 0.573844 0.777887 0.569736 0.785806
1 0.551420 0.538237 0.549050 0.540594 0.543916 0.534803 0.546285 0.532446
1 0.742635 0.505330 0.749090 0.500091 0.751006 0.502739 0.744550 0.507978
1 0.325834 0.266832 0.323573 0.269800 0.317242 0.264388 0.319503 0.261420
1 0.518504 0.893491 0.525532 0.888552 0.527358 0.891466 0.520329 0.896405
1 0.620516 0.722901 0.618796 0.725744 0.611872 0.721045 0.613591 0.718202
1 0.798681 0.435931 0.802995 0.428747 0.805432 0.430389 0.801119 0.437573
1 0.781289 0.467784 0.786740 0.461820 0.788988 0.464125 0.783537 0.470090
1 0.348018 0.199118 0.353469 0.193969 0.355754 0.196683 0.350302 0.201832
1 0.492846 0.801043 0.498282 0.793778 0.500893 0.795970 0.495457 0.803235
1 0.732727 0.990544 0.738486 0.984479 0.740626 0.986759 0.734867 0.992824
1 0.833096 0.419045 0.839121 0.412922 0.841250 0.415272 0.835225 0.421395
1 0.523443 0.712984 0.523218 0.716418 0.515199 0.715829 0.515424 0.712395
1 0.407139 0.891584 0.414458 0.887239 0.416011 0.890174 0.408693 0.894520
1 0.628242 0.820186 0.632280 0.812566 0.635314 0.814370 0.631276 0.821990
1 0.043294 0.964428 0.051161 0.960755 0.052528 0.964039 0.044661 0.967712
1 0.668699 0.741604 0.665991 0.742508 0.663363 0.733669 0.666071 0.732766
1 0.414000 0.688952 0.420351 0.682656 0.422424 0.685002 0.416074 0.691299
1 0.038180 0.377257 0.040871 0.369367 0.044123 0.370612 0.041432 0.378502
1 0.136117 0.851799 0.144045 0.849377 0.145061 0.853111 0.137134 0.855533
1 0.471574 0.365183 0.479406 0.362718 0.480355 0.366102 0.472523 0.368568
1 0.630424 0.103187 0.638094 0.099883 0.639350 0.103153 0.631680 0.106458
1 0.391477 0.841140 0.395408 0.833657 0.398427 0.835437 0.394495 0.842919
1 0.454465 0.773166 0.459340 0.766633 0.461903 0.768779 0.457028 0.775312
1 0.733980 0.520589 0.738778 0.513811 0.741272 0.515792 0.736474 0.522570
1 0.496496 0.670428 0.502023 0.664188 0.504294 0.666446 0.498767 0.672685
1 0.452278 0.836841 0.457191 0.829468 0.460068 0.831618 0.455154 0.838992
1 0.842629 0.353319 0.844406 0.344755 0.847611 0.345501 0.845835 0.354065
1 0.745223 0.548357 0.752478 0.543241 0.754255 0.546069 0.747001 0.551185
1 0.142846 0.979865 0.150603 0.975986 0.151866 0.978821 0.144110 0.982701
3 0.426528 0.602853 0.430591 0.602872 0.430574 0.607047 0.426510 0.607028
1 0.636511 0.491845 0.640979 0.485221 0.643273 0.486957 0.638806 0.493582
1 0.348733 0.923775 0.356017 0.919326 0.357700 0.922418 0.350416 0.926867
1 0.530529 0.658913 0.529307 0.662419 0.522308 0.659683 0.523530 0.656178
1 0.929550 0.436111 0.932983 0.428509 0.935858 0.429966 0.932426 0.437568
1 0.373278 0.799691 0.377906 0.791516 0.380853 0.793388 0.376225 0.801563
1 0.364090 0.801251 0.369375 0.793824 0.372250 0.796120 0.366965 0.803547
1 0.843128 0.402727 0.847861 0.395968 0.850215 0.397818 0.845483 0.404577
1 0.287627 0.087235 0.295075 0.084454 0.296199 0.087832 0.288752 0.090613
1 0.012420 0.335475 0.016964 0.327766 0.019997 0.329772 0.015453 0.337481
1 0.321270 0.112184 0.320995 0.115328 0.313066 0.114549 0.313341 0.111405
1 0.475367 0.611458 0.480321 0.606842 0.482666 0.609666 0.477712 0.614282
1 0.654521 0.708633 0.661109 0.703616 0.662995 0.706394 0.656407 0.711412
1 0.596140 0.635191 0.594506 0.637885 0.587112 0.632857 0.588746 0.630163
1 0.387618 0.851221 0.394064 0.845086 0.396127 0.847518 0.389681 0.853653
1 0.397958 0.242526 0.405669 0.241236 0.406240 0.245065 0.398529 0.246355
1 0.694436 0.442730 0.700017 0.436503 0.702458 0.438957 0.696877 0.445184
1 0.566736 0.406633 0.574385 0.404188 0.575354 0.407590 0.567705 0.410036
1 0.259625 0.211469 0.258751 0.214635 0.251450 0.212372 0.252325 0.209206
1 0.568780 0.791133 0.573860 0.784658 0.576104 0.786634 0.571024 0.793109
1 0.723263 0.559290 0.729916 0.554021 0.731800 0.556691 0.725148 0.561960
1 0.537481 0.573122 0.542346 0.566176 0.544835 0.568132 0.539970 0.575078
1 0.763797 0.735686 0.771270 0.731713 0.772891 0.735134 0.765418 0.739107
1 0.128455 0.395983 0.131886 0.388178 0.135028 0.389728 0.131597 0.397533
1 0.512440 0.702735 0.518817 0.697229 0.520810 0.699818 0.514433 0.705325
1 0.471067 0.773737 0.473998 0.765282 0.477090 0.766485 0.474159 0.774939
1 0.373150 0.227522 0.371231 0.230008 0.365213 0.224798 0.367132 0.222312
1 0.967547 0.912703 0.969971 0.903927 0.972925 0.904843 0.970501 0.913618
1 0.198572 0.774307 0.206690 0.771779 0.207671 0.775317 0.199554 0.777844
1 0.666373 0.957594 0.673650 0.952531 0.675428 0.955397 0.668151 0.960460
1 0.666905 0.905203 0.673307 0.899082 0.675746 0.901945 0.669344 0.908066
1 0.631982 0.553037 0.629265 0.554511 0.626035 0.547832 0.628752 0.546357
1 0.521963 0.935159 0.526896 0.927750 0.530062 0.930116 0.525129 0.937525
1 0.000556 0.922173 0.008308 0.918451 0.009714 0.921737 0.001963 0.925460
1 0.610573 0.668481 0.616779 0.664282 0.618384 0.666944 0.612178 0.671142
1 0.741516 0.532576 0.748544 0.528766 0.750051 0.531884 0.743023 0.535694
1 0.097571 0.550707 0.104827 0.547470 0.106315 0.551211 0.099059 0.554449
1 0.633587 0.784631 0.638679 0.776885 0.641247 0.778779 0.636155 0.786525
1 0.027764 0.175805 0.028602 0.167504 0.031834 0.167870 0.030996 0.176171
1 0.689611 0.671083 0.696734 0.667608 0.698095 0.670739 0.690972 0.674214
1 0.414527 0.372448 0.416445 0.363721 0.419630 0.364506 0.417712 0.373234
1 0.975215 0.405881 0.975858 0.397179 0.978928 0.397434 0.978285 0.406136
1 0.664313 0.524695 0.672558 0.522242 0.673610 0.526212 0.665365 0.528665
1 0.412767 0.373531 0.410104 0.376157 0.404584 0.369877 0.407247 0.367250
1 0.848130 0.064967 0.855964 0.062466 0.857011 0.066145 0.849177 0.068645
1 0.461955 0.831209 0.465138 0.822419 0.467922 0.823551 0.464739 0.832340
1 0.304952 0.530319 0.312310 0.527581 0.313398 0.530859 0.306040 0.533597
1 0.933459 0.373357 0.940872 0.369344 0.942609 0.372943 0.935196 0.376957
1 0.815403 0.762791 0.820171 0.755370 0.823051 0.757446 0.818284 0.764868
1 0.434625 0.698829 0.438184 0.690716 0.440906 0.692055 0.437347 0.700169
1 0.114208 0.413587 0.111465 0.415732 0.106672 0.408853 0.109415 0.406709
1 0.606365 0.703417 0.613918 0.700093 0.615088 0.703076 0.607535 0.706400
1 0.637375 0.079829 0.645159 0.077671 0.646010 0.081114 0.638226 0.083272
1 0.944534 0.546326 0.941690 0.547764 0.938341 0.540331 0.941185 0.538893
1 0.385627 0.986334 0.391393 0.980122 0.393878 0.982711 0.388113 0.988923
1 0.685468 0.756836 0.692149 0.751655 0.693841 0.754103 0.687160 0.759284
1 0.638699 0.610997 0.644938 0.605103 0.647141 0.607720 0.640902 0.613614
1 0.715493 0.561759 0.719661 0.554593 0.722596 0.556509 0.718428 0.563675
1 0.823527 0.502235 0.826045 0.494453 0.828959 0.495511 0.826442 0.503293
1 0.941048 0.281816 0.948906 0.280282 0.949511 0.283762 0.941654 0.285295
1 0.253735 0.099772 0.256621 0.091863 0.259532 0.093054 0.256646 0.100963
1 0.506616 0.152003 0.506595 0.155432 0.498760 0.155379 0.498780 0.151950
1 0.817309 0.545640 0.822729 0.539372 0.825085 0.541657 0.819664 0.547925
1 0.292445 0.142665 0.296100 0.135244 0.298790 0.136731 0.295135 0.144151
1 0.211025 0.118773 0.216796 0.112296 0.219478 0.114978 0.213707 0.121455
1 0.345228 0.663705 0.352018 0.658478 0.354005 0.661374 0.347215 0.666601
1 0.414200 0.986874 0.418082 0.979597 0.420898 0.981284 0.417016 0.988560
1 0.308844 0.923192 0.316791 0.920085 0.317978 0.923492 0.310030 0.926598
1 0.915963 0.313828 0.919250 0.306196 0.922007 0.307528 0.918719 0.315160
1 0.408474 0.356242 0.416211 0.354977 0.416698 0.358321 0.408961 0.359586
1 0.022209 0.054300 0.022598 0.045727 0.025747 0.045888 0.025358 0.054461
1 0.472371 0.730915 0.479048 0.725384 0.481118 0.728188 0.474441 0.733719
1 0.623294 0.565397 0.620686 0.567330 0.616228 0.560582 0.618836 0.558648
1 0.722871 0.625387 0.727297 0.617880 0.730069 0.619714 0.725643 0.627221
1 0.427340 0.876272 0.434307 0.871835 0.436055 0.874914 0.429088 0.879350
1 0.342620 0.238468 0.341897 0.241754 0.334589 0.239949 0.335313 0.236663
1 0.693871 0.536024 0.699015 0.529309 0.701743 0.531653 0.696599 0.538368
1 0.505228 0.218120 0.510113 0.211619 0.512841 0.213920 0.507957 0.220421
1 0.813938 0.519963 0.819290 0.514098 0.821578 0.516441 0.816226 0.522306
1 0.827068 0.054058 0.831475 0.046417 0.834400 0.048311 0.829993 0.055951
1 0.009325 0.854375 0.017275 0.852877 0.017839 0.856239 0.009890 0.857737
1 0.752232 0.564368 0.759650 0.561638 0.760668 0.564740 0.753250 0.567471
1 0.443981 0.827120 0.448056 0.819075 0.450999 0.820747 0.446924 0.828792
1 0.774957 0.473305 0.778860 0.466068 0.781497 0.467664 0.777594 0.474901
1 0.323809 0.603094 0.331988 0.600413 0.332918 0.603594 0.324738 0.606276
1 0.629053 0.089964 0.633548 0.083164 0.636155 0.085097 0.631660 0.091897
1 0.671394 0.685242 0.669292 0.688332 0.662583 0.683209 0.664686 0.680119
1 0.637487 0.920878 0.643523 0.914216 0.645891 0.916624 0.639855 0.923285
1 0.712148 0.556910 0.718193 0.551412 0.720177 0.553859 0.714131 0.559357
1 0.670660 0.931290 0.677440 0.925225 0.679725 0.928091 0.672945 0.934157
1 0.542308 0.152101 0.549930 0.150664 0.550468 0.153867 0.542845 0.155304
1 0.831305 0.440230 0.834539 0.431820 0.837706 0.433187 0.834472 0.441596
1 0.866388 0.322164 0.869410 0.314728 0.872457 0.316117 0.869435 0.323553
1 0.883071 0.418124 0.889600 0.412827 0.891627 0.415630 0.885098 0.420927
1 0.630126 0.914247 0.636178 0.907526 0.638646 0.910019 0.632593 0.916740
1 0.857208 0.931832 0.862285 0.924094 0.865908 0.926762 0.860831 0.934499
1 0.729430 0.961240 0.733790 0.952952 0.736699 0.954670 0.732339 0.962958
1 0.862265 0.414013 0.867437 0.407096 0.870268 0.409472 0.865097 0.416389
1 0.044723 0.973825 0.052952 0.971650 0.053778 0.975156 0.045549 0.977331
1 0.819863 0.197288 0.827231 0.193193 0.828742 0.196245 0.821375 0.200340
1 0.538012 0.137987 0.545552 0.135334 0.546513 0.138398 0.538973 0.141051
1 0.607949 0.710799 0.613796 0.704565 0.615926 0.706806 0.610078 0.713040
1 0.826431 0.492964 0.824499 0.495673 0.818743 0.491066 0.820675 0.488357
1 0.281469 0.030542 0.286900 0.024452 0.289222 0.026775 0.283791 0.032865
1 0.394180 0.216089 0.401994 0.213542 0.402917 0.216719 0.395103 0.219266
1 0.605040 0.083936 0.611939 0.079092 0.613781 0.082035 0.606882 0.086879
1 0.104340 0.859727 0.111773 0.857706 0.112621 0.861206 0.105188 0.863227
1 0.324723 0.059670 0.324308 0.062920 0.316501 0.061803 0.316915 0.058553
1 0.356367 0.158407 0.359722 0.150440 0.362632 0.151815 0.359277 0.159781
1 0.541465 0.457697 0.547025 0.451869 0.549342 0.454348 0.543782 0.460176
1 0.726327 0.529235 0.732961 0.524049 0.735013 0.526993 0.728378 0.532179
1 0.762976 0.306476 0.768290 0.299306 0.770723 0.301330 0.765408 0.308499
1 0.390761 0.523566 0.396898 0.520279 0.398391 0.523406 0.392253 0.526693
1 0.702407 0.540476 0.706343 0.532908 0.709027 0.534474 0.705092 0.542042
1 0.631281 0.345925 0.638819 0.342820 0.640104 0.346321 0.632566 0.349425
1 0.824407 0.772499 0.828707 0.764862 0.831780 0.766803 0.827480 0.774440
1 0.762901 0.561327 0.770984 0.559251 0.771830 0.562949 0.763747 0.565025
1 0.523158 0.121001 0.526206 0.112581 0.529166 0.113784 0.526118 0.122203
1 0.366702 0.893497 0.373018 0.887248 0.375263 0.889795 0.368948 0.896044
1 0.797338 0.993495 0.802649 0.986807 0.804923 0.988833 0.799612 0.995521
1 0.676967 0.656851 0.680160 0.648460 0.682995 0.649671 0.679801 0.658062
1 0.371644 0.122220 0.374946 0.113458 0.377979 0.114740 0.374677 0.123502
1 0.505590 0.826528 0.512238 0.821409 0.514146 0.824188 0.507498 0.829307
1 0.548755 0.831758 0.552715 0.824086 0.555656 0.825789 0.551695 0.833461
1 0.505670 0.436439 0.513680 0.436052 0.513822 0.439348 0.505812 0.439735
1 0.530152 0.564654 0.532441 0.556189 0.535665 0.557167 0.533375 0.565633
1 0.579659 0.511711 0.587294 0.510279 0.587786 0.513221 0.580151 0.514653
1 0.731301 0.511535 0.738363 0.508101 0.739843 0.511516 0.732781 0.514950
1 0.516558 0.840965 0.521409 0.833521 0.523953 0.835381 0.519102 0.842825
1 0.528000 0.813349 0.534003 0.807724 0.536249 0.810414 0.530246 0.816039
1 0.361466 0.792246 0.368113 0.786316 0.370186 0.788924 0.363539 0.794854
1 0.618592 0.834161 0.626312 0.831389 0.627261 0.834357 0.619542 0.837128
1 0.351590 0.139975 0.348907 0.142163 0.343967 0.135363 0.346651 0.133176
1 0.982421 0.533518 0.983893 0.524858 0.986948 0.525441 0.985477 0.534101
1 0.952288 0.392012 0.960443 0.390420 0.961110 0.394253 0.952955 0.395846
1 0.563351 0.456488 0.566196 0.448514 0.569411 0.449800 0.566566 0.457775
1 0.824619 0.414793 0.832010 0.413351 0.832574 0.416597 0.825183 0.418038
1 0.250750 0.632958 0.258960 0.632283 0.259232 0.635989 0.251021 0.636664
1 0.027194 0.371861 0.029476 0.363065 0.032616 0.363978 0.030335 0.372775
1 0.478342 0.790273 0.481330 0.782437 0.484530 0.783806 0.481542 0.791642
1 0.299369 0.086969 0.307136 0.083465 0.308390 0.086584 0.300623 0.090088
1 0.356316 0.781121 0.364242 0.778076 0.365373 0.781379 0.357447 0.784424
1 0.732952 0.536688 0.739938 0.531243 0.741993 0.534202 0.735007 0.539647
1 0.965235 0.147298 0.973469 0.146807 0.973652 0.150248 0.965418 0.150739
1 0.915541 0.232408 0.923444 0.230860 0.924065 0.234420 0.916163 0.235968
1 0.487484 0.263994 0.494733 0.258847 0.496721 0.261988 0.489471 0.267135
1 0.719036 0.299831 0.727025 0.297333 0.728026 0.300925 0.720037 0.303423
1 0.038678 0.107777 0.042758 0.100208 0.045540 0.101891 0.041460 0.109460
1 0.587733 0.597452 0.586286 0.600347 0.579111 0.596321 0.580559 0.593426
1 0.725647 0.610119 0.733215 0.604868 0.735047 0.607831 0.727479 0.613082
1 0.381604 0.089601 0.378573 0.090884 0.375452 0.082615 0.378482 0.081331
1 0.839096 0.556950 0.843103 0.549921 0.845616 0.551528 0.841608 0.558558
1 0.667776 0.505851 0.675256 0.503737 0.676076 0.506989 0.668595 0.509103
1 0.713835 0.148994 0.721064 0.145434 0.722500 0.148706 0.715271 0.152266
1 0.423606 0.167748 0.431349 0.167620 0.431396 0.170775 0.423653 0.170903
1 0.744791 0.519752 0.752005 0.516590 0.753441 0.520265 0.746227 0.523427
1 0.535688 0.479924 0.541238 0.473703 0.543416 0.475883 0.537865 0.482104
1 0.529531 0.474028 0.535807 0.468896 0.537892 0.471757 0.531617 0.476890
1 0.642395 0.773742 0.649117 0.768293 0.651086 0.771018 0.644364 0.776467
1 0.401329 0.356173 0.408798 0.354712 0.409380 0.358049 0.401911 0.359510
1 0.689315 0.275734 0.697964 0.274488 0.698434 0.278150 0.689785 0.279396
1 0.581562 0.667642 0.579654 0.671621 0.572007 0.667506 0.573915 0.663528
1 0.906906 0.427758 0.904074 0.430111 0.899296 0.423657 0.902128 0.421305
1 0.379051 0.822647 0.385284 0.816455 0.387639 0.819114 0.381406 0.825307
1 0.121411 0.172030 0.123291 0.163233 0.126363 0.163970 0.124482 0.172766
1 0.837013 0.485427 0.840441 0.477512 0.843193 0.478850 0.839765 0.486764
1 0.626911 0.821520 0.635007 0.818577 0.636173 0.822176 0.628078 0.825119
1 0.615398 0.115431 0.624059 0.113982 0.624592 0.117562 0.615931 0.119011
1 0.534523 0.755038 0.541660 0.751992 0.542859 0.755145 0.535722 0.758191
1 0.329165 0.402562 0.335928 0.398622 0.337412 0.401480 0.330649 0.405421
1 0.535089 0.159144 0.543471 0.157880 0.543928 0.161281 0.535547 0.162546
1 0.420708 0.724074 0.418837 0.727387 0.411500 0.722739 0.413371 0.719425
1 0.667895 0.454506 0.675856 0.453107 0.676443 0.456853 0.668482 0.458253
1 0.300083 0.197712 0.302145 0.189341 0.305422 0.190246 0.303360 0.198618
1 0.594484 0.617321 0.599874 0.610289 0.602307 0.612382 0.596918 0.619414
1 0.851289 0.347275 0.852044 0.338551 0.855168 0.338855 0.854414 0.347578
1 0.519998 0.657299 0.517654 0.659460 0.512402 0.653065 0.514747 0.650904
1 0.234864 0.844807 0.237255 0.836606 0.240440 0.837648 0.238049 0.845849
1 0.632061 0.508155 0.639605 0.501464 0.642001 0.504495 0.634457 0.511186
1 0.880139 0.042781 0.888850 0.039827 0.889991 0.043602 0.881280 0.046556
1 0.544283 0.038180 0.552441 0.037790 0.552584 0.041164 0.544427 0.041554
1 0.962094 0.786258 0.967861 0.779439 0.970365 0.781814 0.964597 0.788634
1 0.591128 0.080192 0.592969 0.071716 0.595881 0.072426 0.594040 0.080902
1 0.238098 0.207051 0.245351 0.206735 0.245486 0.210192 0.238233 0.210508
1 0.159733 0.512750 0.167126 0.509550 0.168260 0.512490 0.160867 0.515690
1 0.557962 0.155628 0.566086 0.153422 0.566865 0.156642 0.558741 0.158848
1 0.191909 0.713684 0.200136 0.712734 0.200490 0.716178 0.192263 0.717127
1 0.566299 0.403012 0.563125 0.403727 0.561358 0.394922 0.564533 0.394207
1 0.473687 0.416969 0.481681 0.415877 0.482124 0.419520 0.474131 0.420612
1 0.659360 0.692826 0.666304 0.687618 0.668058 0.690243 0.661115 0.695451
1 0.358492 0.091430 0.366575 0.090710 0.366853 0.094211 0.358771 0.094931
1 0.829565 0.475762 0.837161 0.473102 0.838205 0.476450 0.830610 0.479110
1 0.803493 0.547464 0.811142 0.545463 0.812011 0.549191 0.804363 0.551192
1 0.292344 0.018549 0.299178 0.014748 0.300608 0.017632 0.293773 0.021432
1 0.383265 0.641596 0.390967 0.638536 0.392274 0.642229 0.384573 0.645289
1 0.544932 0.888307 0.550587 0.880934 0.553026 0.883033 0.547371 0.890406
1 0.754240 0.920100 0.759590 0.915654 0.761470 0.918192 0.756121 0.922639
1 0.699805 0.153865 0.707518 0.152745 0.707977 0.156294 0.700264 0.157413
1 0.981421 0.111944 0.980071 0.114864 0.972797 0.111089 0.974147 0.108170
1 0.939243 0.311113 0.942483 0.305509 0.944998 0.307141 0.941759 0.312745
1 0.256701 0.352943 0.263354 0.347621 0.265188 0.350194 0.258536 0.355516
1 0.107401 0.160740 0.114547 0.157066 0.115904 0.160027 0.108758 0.163701
1 0.514938 0.722522 0.520209 0.715798 0.522383 0.717711 0.517112 0.724434
1 0.457787 0.694744 0.457737 0.698281 0.449189 0.698145 0.449239 0.694608
1 0.671792 0.611194 0.676284 0.605273 0.678460 0.607125 0.673968 0.613046
1 0.849246 0.412769 0.854655 0.406727 0.856937 0.409020 0.851529 0.415061
1 0.279907 0.320325 0.283447 0.313137 0.286257 0.314690 0.282716 0.321878
1 0.481857 0.728949 0.487886 0.723038 0.490110 0.725582 0.484081 0.731494
1 0.793045 0.409629 0.800772 0.407992 0.801485 0.411769 0.793758 0.413406
1 0.747746 0.983431 0.751965 0.975694 0.754490 0.977239 0.750271 0.984976
1 0.158771 0.212163 0.162339 0.205572 0.164993 0.207184 0.161425 0.213775
1 0.910533 0.447725 0.912824 0.439247 0.915723 0.440126 0.913433 0.448604
1 0.188463 0.342806 0.194154 0.336977 0.196087 0.339095 0.190396 0.344924
1 0.970867 0.068498 0.979469 0.066122 0.980307 0.069527 0.971705 0.071903
1 0.296523 0.289058 0.293270 0.289095 0.293182 0.280317 0.296435 0.280281
1 0.610431 0.593444 0.607519 0.594136 0.605727 0.585677 0.608640 0.584985
1 0.700325 0.574861 0.706918 0.569854 0.708628 0.572380 0.702035 0.577387
1 0.217379 0.506905 0.218727 0.498408 0.221641 0.498926 0.220293 0.507423
1 0.292253 0.202061 0.298195 0.196665 0.300149 0.199080 0.294207 0.204476
1 0.159553 0.029087 0.161423 0.020796 0.164252 0.021512 0.162382 0.029803
1 0.355123 0.306401 0.352177 0.307228 0.350146 0.299107 0.353092 0.298280
1 0.529084 0.120999 0.533326 0.114092 0.536082 0.115991 0.531840 0.122898
1 0.810484 0.507895 0.818722 0.507210 0.818982 0.510723 0.810744 0.511408
1 0.668934 0.684044 0.672702 0.676390 0.675968 0.678195 0.672200 0.685848
1 0.072872 0.646338 0.078420 0.639896 0.080921 0.642312 0.075373 0.648754
1 0.621525 0.084077 0.628051 0.078408 0.630042 0.080979 0.623516 0.086648
1 0.420335 0.637005 0.429032 0.636844 0.429088 0.640234 0.420391 0.640395
1 0.609136 0.611291 0.613718 0.603643 0.616330 0.605400 0.611749 0.613047
1 0.184102 0.337989 0.190775 0.333673 0.192581 0.336806 0.185908 0.341122
1 0.875793 0.807637 0.879571 0.799710 0.882198 0.801115 0.878420 0.809042
1 0.615730 0.589370 0.623534 0.586400 0.624700 0.589837 0.616896 0.592807
1 0.813540 0.457822 0.821193 0.455385 0.822174 0.458838 0.814521 0.461276
1 0.760534 0.492115 0.767333 0.489100 0.768862 0.492971 0.762063 0.495985
1 0.788659 0.462274 0.793487 0.457066 0.795406 0.459062 0.790578 0.464270
1 0.485984 0.796207 0.492178 0.790429 0.494315 0.792998 0.488120 0.798776
1 0.552279 0.870812 0.558313 0.864535 0.560747 0.867160 0.554713 0.873438
1 0.629027 0.123612 0.632711 0.115706 0.635538 0.117184 0.631854 0.125090
1 0.247662 0.408971 0.244404 0.410162 0.242019 0.402846 0.245277 0.401654
1 0.948434 0.862360 0.955339 0.857648 0.956945 0.860288 0.950039 0.865000
1 0.242037 0.728543 0.238823 0.730061 0.235310 0.721716 0.238525 0.720198
1 0.378361 0.298412 0.378482 0.289759 0.381722 0.289810 0.381601 0.298464
1 0.520556 0.728493 0.528453 0.726879 0.529044 0.730120 0.521147 0.731734
1 0.676761 0.676746 0.679380 0.668518 0.682366 0.669584 0.679747 0.677812
1 0.035838 0.630558 0.035804 0.633901 0.027444 0.633806 0.027478 0.630463
1 0.421104 0.286382 0.428955 0.285536 0.429291 0.289032 0.421440 0.289878
1 0.173981 0.660471 0.181521 0.657133 0.182728 0.660192 0.175187 0.663529
1 0.304780 0.087401 0.312416 0.085674 0.313046 0.088797 0.305409 0.090524
1 0.647768 0.417577 0.654702 0.413303 0.656288 0.416190 0.649353 0.420463
1 0.612005 0.737746 0.615777 0.730206 0.618415 0.731686 0.614643 0.739226
1 0.734825 0.238475 0.743488 0.238105 0.743613 0.241400 0.734950 0.241770
1 0.489233 0.301481 0.495686 0.297277 0.497234 0.299943 0.490781 0.304147
1 0.824881 0.449321 0.829010 0.442323 0.831568 0.444016 0.827439 0.451014
1 0.331717 0.244077 0.339637 0.243592 0.339822 0.246982 0.331902 0.247467
1 0.826649 0.490109 0.834127 0.488317 0.834824 0.491577 0.827345 0.493369
1 0.398914 0.472804 0.397617 0.475632 0.390880 0.472165 0.392177 0.469337
1 0.562583 0.107905 0.570655 0.107839 0.570679 0.111150 0.562607 0.111216
1 0.155678 0.407524 0.152464 0.408115 0.151117 0.399891 0.154331 0.399300
1 0.500657 0.539179 0.498172 0.541154 0.493639 0.534755 0.496125 0.532779
1 0.484601 0.106730 0.484805 0.098136 0.487817 0.098216 0.487613 0.106810
1 0.884509 0.413435 0.887591 0.405465 0.890362 0.406667 0.887280 0.414637
1 0.115978 0.862612 0.123334 0.860941 0.124029 0.864376 0.116673 0.866047
1 0.411524 0.288710 0.419831 0.287246 0.420350 0.290552 0.412043 0.292016
1 0.511414 0.535576 0.508811 0.537720 0.503842 0.530951 0.506445 0.528808
1 0.356237 0.216718 0.353368 0.217820 0.350682 0.209967 0.353551 0.208866
1 0.827466 0.517366 0.829950 0.509547 0.832637 0.510505 0.830153 0.518324
1 0.508179 0.834518 0.515985 0.830054 0.517551 0.833127 0.509745 0.837591
1 0.511944 0.614798 0.508833 0.615171 0.507814 0.605653 0.510925 0.605279
1 0.372404 0.235391 0.372245 0.238860 0.364324 0.238453 0.364483 0.234984
1 0.861639 0.146645 0.869802 0.146579 0.869825 0.149782 0.861662 0.149848
1 0.824764 0.976182 0.830826 0.969687 0.833593 0.972585 0.827531 0.979080
1 0.764524 0.558477 0.761446 0.559860 0.758295 0.551993 0.761373 0.550610
1 0.827696 0.995927 0.831559 0.987821 0.834442 0.989363 0.830579 0.997469
1 0.641618 0.568677 0.638499 0.569663 0.636318 0.561921 0.639438 0.560935
1 0.931890 0.370241 0.939368 0.366093 0.940984 0.369363 0.933506 0.373511
1 0.382912 0.434162 0.390280 0.432668 0.390851 0.435825 0.383483 0.437319
1 0.383935 0.148328 0.387639 0.140899 0.390358 0.142419 0.386654 0.149849
1 0.662059 0.705432 0.664194 0.697205 0.667287 0.698106 0.665152 0.706332
1 0.560335 0.895641 0.567157 0.890674 0.568588 0.892880 0.561766 0.897847
1 0.928947 0.588206 0.931166 0.579384 0.934140 0.580224 0.931921 0.589045
1 0.960088 0.855697 0.966741 0.849433 0.969088 0.852230 0.962435 0.858494
1 0.690754 0.519835 0.691015 0.511251 0.694432 0.511368 0.694171 0.519951
1 0.127551 0.715844 0.124258 0.716241 0.123284 0.707164 0.126577 0.706768
1 0.727187 0.911133 0.731439 0.903533 0.734307 0.905333 0.730055 0.912933
1 0.366317 0.188743 0.363301 0.189416 0.361626 0.180986 0.364642 0.180313
1 0.309128 0.110716 0.314558 0.105835 0.316386 0.108116 0.310957 0.112998
1 0.303111 0.098450 0.310664 0.095050 0.312128 0.098698 0.304575 0.102098
1 0.581683 0.602308 0.580202 0.605251 0.573025 0.601200 0.574505 0.598257
1 0.873155 0.409345 0.875879 0.401232 0.878855 0.402353 0.876132 0.410466
1 0.399298 0.129998 0.399467 0.121359 0.402750 0.121431 0.402581 0.130070
1 0.299892 0.061282 0.308059 0.060073 0.308465 0.063145 0.300297 0.064354
1 0.509520 0.822828 0.513618 0.815213 0.516411 0.816899 0.512314 0.824515
1 0.537682 0.862445 0.544465 0.857076 0.546381 0.859792 0.539597 0.865161
1 0.498425 0.812882 0.505432 0.808072 0.507129 0.810846 0.500122 0.815656
1 0.824575 0.547193 0.829055 0.540446 0.831701 0.542417 0.827222 0.549164
1 0.157683 0.400665 0.161245 0.394025 0.163965 0.395662 0.160404 0.402302
1 0.647046 0.699106 0.655382 0.698988 0.655421 0.702114 0.647085 0.702232
1 0.487029 0.252897 0.494806 0.252010 0.495145 0.255346 0.487368 0.256233
1 0.081968 0.972574 0.079026 0.974029 0.075536 0.966114 0.078478 0.964659
1 0.541461 0.702311 0.549423 0.700152 0.550327 0.703891 0.542365 0.706050
1 0.651255 0.049954 0.657002 0.043427 0.659482 0.045877 0.653735 0.052404
1 0.697823 0.529014 0.700047 0.520434 0.703403 0.521410 0.701178 0.529990
1 0.341449 0.262780 0.341479 0.266075 0.336725 0.266125 0.336695 0.262830
1 0.348584 0.652761 0.357383 0.652387 0.357520 0.656005 0.348721 0.656379
1 0.606946 0.607427 0.604181 0.608542 0.601271 0.600447 0.604036 0.599332
1 0.788183 0.468267 0.793991 0.464512 0.795478 0.467092 0.789669 0.470847
1 0.323338 0.250187 0.330978 0.249986 0.331061 0.253534 0.323421 0.253735
1 0.354024 0.184961 0.351640 0.187083 0.346381 0.180455 0.348765 0.178333
1 0.385436 0.645427 0.393431 0.644666 0.393721 0.648081 0.385725 0.648842
1 0.279404 0.197948 0.280491 0.189525 0.283440 0.189952 0.282353 0.198376
1 0.559544 0.312792 0.565048 0.309117 0.566709 0.311909 0.561206 0.315584
1 0.638031 0.747767 0.642730 0.742885 0.644663 0.744972 0.639964 0.749855
1 0.394605 0.822005 0.391618 0.824081 0.386812 0.816321 0.389799 0.814245
11 0.554747 0.214480 0.554732 0.207260 0.563889 0.207239 0.563903 0.214459
1 0.494418 0.591067 0.498404 0.584404 0.500824 0.586028 0.496839 0.592691
1 0.754075 0.758117 0.762131 0.756898 0.762575 0.760189 0.754519 0.761409
1 0.584717 0.425587 0.591214 0.420998 0.593048 0.423912 0.586552 0.428501
1 0.297697 0.398743 0.294476 0.400588 0.290460 0.392724 0.293681 0.390878
1 0.807793 0.523368 0.812920 0.517004 0.815314 0.519168 0.810187 0.525532
1 0.484568 0.241852 0.491385 0.238286 0.492683 0.241070 0.485866 0.244637
1 0.593425 0.610124 0.590936 0.611785 0.586562 0.604428 0.589051 0.602768
1 0.560361 0.503348 0.557275 0.503586 0.556717 0.495459 0.559803 0.495222
1 0.224023 0.107974 0.230786 0.103206 0.232740 0.106317 0.225977 0.111085
1 0.625845 0.501932 0.630372 0.495554 0.632800 0.497487 0.628274 0.503866
1 0.519776 0.807764 0.527334 0.803197 0.528973 0.806240 0.521414 0.810807
1 0.685788 0.133754 0.693861 0.133596 0.693910 0.136402 0.685837 0.136560
1 0.649752 0.566062 0.646331 0.563454 0.650359 0.557525 0.653780 0.560133
1 0.199495 0.787617 0.207469 0.785838 0.208106 0.789044 0.200132 0.790823
1 0.592526 0.600442 0.589886 0.601863 0.586136 0.594044 0.588776 0.592623
1 0.575963 0.506654 0.575735 0.509963 0.567691 0.509342 0.567918 0.506033
1 0.501180 0.582093 0.499433 0.585237 0.492573 0.580961 0.494320 0.577817
1 0.735233 0.523752 0.742452 0.520064 0.743744 0.522902 0.736525 0.526590
1 0.557716 0.673941 0.556178 0.676159 0.549872 0.671248 0.551410 0.669030
1 0.940259 0.556502 0.940482 0.548623 0.943846 0.548729 0.943623 0.556609
1 0.738674 0.518382 0.744746 0.513839 0.746545 0.516536 0.740473 0.521079
1 0.547992 0.860608 0.553025 0.853529 0.555680 0.855646 0.550647 0.862726
1 0.605068 0.905597 0.605860 0.896339 0.608901 0.896631 0.608109 0.905889
1 0.397221 0.828597 0.394456 0.828780 0.393939 0.820009 0.396704 0.819826
1 0.448660 0.870437 0.450223 0.860835 0.453523 0.861438 0.451960 0.871039
1 0.558154 0.105426 0.555227 0.105988 0.553732 0.097239 0.556659 0.096678
1 0.600268 0.604267 0.597074 0.604894 0.595557 0.596227 0.598751 0.595600
1 0.582745 0.505001 0.581999 0.508217 0.574498 0.506265 0.575244 0.503049
1 0.188923 0.345243 0.195449 0.341800 0.196880 0.344844 0.190354 0.348287
1 0.360812 0.181737 0.358495 0.183499 0.353863 0.176666 0.356180 0.174904
1 0.478054 0.807052 0.480025 0.798304 0.482927 0.799037 0.480956 0.807786
1 0.728106 0.734159 0.735838 0.730732 0.736826 0.733235 0.729094 0.736662
1 0.552742 0.467530 0.557365 0.460135 0.560020 0.461997 0.555397 0.469392
1 0.953772 0.897510 0.958579 0.890260 0.960959 0.892031 0.956152 0.899281
1 0.320726 0.053189 0.328833 0.052744 0.328988 0.055912 0.320881 0.056357
1 0.544079 0.870236 0.547205 0.861794 0.550235 0.863053 0.547110 0.871495
1 0.521025 0.804291 0.523615 0.797530 0.526701 0.798856 0.524110 0.805618
1 0.704930 0.578593 0.709046 0.570747 0.711984 0.572476 0.707868 0.580323
1 0.599218 0.621098 0.602815 0.612454 0.606148 0.614010 0.602550 0.622654
1 0.554315 0.365479 0.562034 0.362689 0.563107 0.366019 0.555388 0.368809
1 0.491611 0.806312 0.499523 0.803912 0.500567 0.807775 0.492655 0.810175
1 0.663225 0.694164 0.663093 0.697062 0.654720 0.696633 0.654852 0.693735
1 0.491005 0.104579 0.491335 0.096466 0.494111 0.096593 0.493781 0.104705
1 0.300630 0.978341 0.297456 0.979250 0.295178 0.970321 0.298353 0.969412
1 0.646482 0.605489 0.653512 0.600572 0.655416 0.603625 0.648385 0.608542
1 0.774164 0.988221 0.775938 0.978896 0.779040 0.979558 0.777266 0.988883
1 0.316228 0.653568 0.321847 0.647190 0.324142 0.649459 0.318523 0.655836
1 0.183075 0.343738 0.179769 0.344082 0.178992 0.335705 0.182298 0.335361
1 0.883318 0.409813 0.883821 0.401224 0.886785 0.401418 0.886282 0.410007
1 0.935600 0.625442 0.943652 0.622098 0.945024 0.625804 0.936972 0.629149
1 0.672135 0.290530 0.672207 0.282136 0.674880 0.282162 0.674808 0.290556
1 0.647845 0.711692 0.648285 0.702947 0.651551 0.703132 0.651111 0.711876
1 0.671581 0.542068 0.670787 0.545445 0.662966 0.543381 0.663760 0.540005
1 0.327327 0.242437 0.333406 0.236638 0.335532 0.239139 0.329453 0.244938
1 0.330916 0.202802 0.327492 0.203975 0.325090 0.196108 0.328514 0.194935
1 0.514180 0.813679 0.517232 0.805013 0.520216 0.806193 0.517164 0.814858
1 0.824513 0.539502 0.830548 0.534578 0.832261 0.536934 0.826226 0.541858
1 0.823681 0.990541 0.828624 0.983698 0.830927 0.985564 0.825984 0.992407
1 0.396306 0.631783 0.394976 0.635515 0.387082 0.632358 0.388412 0.628626
1 0.612066 0.674677 0.608949 0.674950 0.608247 0.665949 0.611363 0.665676
1 0.584053 0.626557 0.581043 0.627071 0.579723 0.618396 0.582734 0.617882
1 0.373856 0.890607 0.379544 0.885322 0.381566 0.887763 0.375878 0.893048
1 0.712838 0.630162 0.712692 0.632946 0.706435 0.632579 0.706581 0.629795
1 0.743372 0.985915 0.747030 0.978309 0.749799 0.979804 0.746141 0.987409
1 0.884822 0.399435 0.891772 0.394557 0.893508 0.397332 0.886558 0.402209
1 0.583519 0.614248 0.580289 0.615474 0.577662 0.607709 0.580892 0.606483
1 0.065207 0.975868 0.065665 0.966997 0.068477 0.967160 0.068018 0.976031
1 0.072735 0.974690 0.069716 0.975547 0.067539 0.966938 0.070558 0.966082
1 0.689451 0.545471 0.692932 0.537805 0.695559 0.539143 0.692078 0.546809
1 0.354628 0.175462 0.352201 0.177590 0.347115 0.171083 0.349542 0.168955
1 0.092808 0.245225 0.097064 0.237190 0.100131 0.239012 0.095874 0.247048
1 0.600554 0.611244 0.597596 0.612220 0.595369 0.604652 0.598327 0.603676
1 0.762522 0.019141 0.769068 0.015250 0.770695 0.018322 0.764149 0.022212
1 0.484864 0.246724 0.492062 0.244340 0.492864 0.247057 0.485666 0.249441
1 0.509617 0.878148 0.514711 0.870744 0.517338 0.872772 0.512244 0.880176
1 0.584340 0.470171 0.590624 0.464406 0.592805 0.467073 0.586521 0.472839
1 0.361933 0.017438 0.358932 0.017462 0.358877 0.009849 0.361878 0.009824
1 0.916266 0.450126 0.919158 0.442790 0.921797 0.443957 0.918905 0.451293
1 0.407530 0.499007 0.413120 0.493624 0.415752 0.496691 0.410162 0.502073
1 0.628525 0.982624 0.631281 0.978184 0.633484 0.979718 0.630727 0.984158
1 0.684644 0.648978 0.681628 0.649499 0.680238 0.640468 0.683254 0.639947
1 0.631156 0.498392 0.637501 0.495614 0.638731 0.498766 0.632386 0.501545
1 0.768776 0.934645 0.767355 0.936735 0.761983 0.932640 0.763404 0.930550
1 0.200131 0.789721 0.207907 0.787840 0.208539 0.790771 0.200763 0.792652
1 0.698742 0.371137 0.705204 0.369957 0.705680 0.372882 0.699218 0.374062
1 0.975458 0.913630 0.982084 0.908002 0.984173 0.910763 0.977548 0.916390
1 0.614052 0.094501 0.618494 0.087238 0.621031 0.088979 0.616589 0.096242
1 0.886048 0.400978 0.892763 0.396428 0.894201 0.398809 0.887486 0.403359
1 0.504161 0.809152 0.508950 0.800997 0.511758 0.802847 0.506969 0.811002
1 0.489167 0.810465 0.491391 0.802159 0.494429 0.803071 0.492204 0.811377
1 0.966647 0.209611 0.966578 0.212654 0.958842 0.212455 0.958912 0.209412
1 0.992419 0.077064 0.999016 0.071516 1.000775 0.073862 0.994178 0.079411
1 0.828716 0.983969 0.834797 0.977893 0.836948 0.980308 0.830867 0.986384
1 0.773787 0.326822 0.781531 0.322693 0.783120 0.326037 0.775376 0.330166
1 0.546842 0.896865 0.551499 0.889170 0.554190 0.890998 0.549534 0.898693
1 0.568282 0.098795 0.569703 0.090147 0.573431 0.090834 0.572011 0.099482
1 0.908632 0.240581 0.913688 0.233943 0.916250 0.236132 0.911194 0.242771
1 0.828989 0.548401 0.835709 0.544005 0.838877 0.549439 0.832156 0.553835
1 0.233898 0.609598 0.241899 0.607421 0.243220 0.612867 0.235219 0.615044
1 0.763092 0.629082 0.771214 0.629051 0.771226 0.632469 0.763104 0.632500
1 0.907546 0.211464 0.913296 0.205374 0.916235 0.208487 0.910486 0.214577
1 0.817503 0.183775 0.825070 0.181806 0.825840 0.185126 0.818273 0.187095
1 0.565778 0.266131 0.565818 0.269659 0.556950 0.269774 0.556909 0.266245
1 0.758297 0.169943 0.758091 0.173464 0.748061 0.172807 0.748266 0.169286
1 0.864661 0.047720 0.861481 0.049814 0.856975 0.042134 0.860156 0.040040
1 0.531379 0.463772 0.528829 0.468006 0.522157 0.463497 0.524707 0.459263
1 0.665661 0.329419 0.670101 0.322076 0.672289 0.323560 0.667849 0.330903
1 0.555492 0.325907 0.554736 0.328966 0.545736 0.326468 0.546493 0.323410
1 0.687680 0.676836 0.688368 0.668029 0.691002 0.668260 0.690314 0.677067
1 0.638912 0.566354 0.644457 0.561710 0.647227 0.565421 0.641682 0.570064
1 0.785608 0.473813 0.791288 0.470064 0.792673 0.472417 0.786992 0.476166
1 0.617493 0.292646 0.615003 0.294883 0.608684 0.286990 0.611174 0.284753
1 0.695819 0.606533 0.704278 0.606564 0.704268 0.609652 0.695808 0.609620
1 0.817471 0.182745 0.823908 0.178114 0.825529 0.180642 0.819092 0.185273
1 0.324145 0.529244 0.332376 0.528550 0.332588 0.531372 0.324357 0.532066
1 0.726385 0.635888 0.717598 0.635335 0.717770 0.632272 0.726557 0.632825
1 0.585554 0.764791 0.592047 0.758040 0.594534 0.760725 0.588041 0.767476
1 0.202052 0.651933 0.210337 0.650951 0.210704 0.654429 0.202419 0.655411
1 0.879776 0.363427 0.888102 0.361602 0.888723 0.364781 0.880397 0.366606
1 0.958097 0.439135 0.962695 0.431803 0.965303 0.433638 0.960704 0.440970
1 0.902152 0.492800 0.903541 0.499495 0.900010 0.500317 0.898620 0.493623
1 0.878098 0.433303 0.872599 0.430830 0.873573 0.428399 0.879073 0.430872
1 0.864447 0.427978 0.858993 0.425210 0.860090 0.422785 0.865544 0.425553
1 0.961706 0.497525 0.965780 0.492290 0.969074 0.495167 0.965001 0.500402
1 0.963480 0.509794 0.963466 0.501344 0.966515 0.501339 0.966529 0.509788
1 0.985462 0.514134 0.978211 0.522907 0.976057 0.520909 0.983307 0.512136
1 0.991303 0.508176 0.988222 0.512944 0.985353 0.510864 0.988435 0.506096
1 0.905371 0.529246 0.912528 0.522702 0.915059 0.525808 0.907902 0.532351
1 0.956883 0.572690 0.948271 0.579416 0.946606 0.577024 0.955219 0.570298
1 0.918315 0.616602 0.926087 0.607395 0.928763 0.609930 0.920992 0.619137
1 0.905686 0.603186 0.901953 0.609394 0.899377 0.607656 0.903110 0.601448
1 0.911927 0.598864 0.910477 0.592611 0.913132 0.591920 0.914582 0.598173
1 0.855796 0.639771 0.850043 0.646445 0.848211 0.644674 0.853965 0.638000
1 0.835487 0.547264 0.838517 0.542645 0.841460 0.544811 0.838430 0.549430
1 0.811852 0.543611 0.806238 0.540273 0.807756 0.537407 0.813370 0.540745
1 0.803254 0.534150 0.803228 0.526214 0.806545 0.526202 0.806571 0.534138
1 0.800341 0.509573 0.797198 0.504445 0.799375 0.502947 0.802519 0.508075
1 0.803303 0.464623 0.806638 0.458649 0.809434 0.460401 0.806099 0.466375
1 0.800528 0.423489 0.794495 0.427655 0.792739 0.424802 0.798772 0.420636
1 0.873105 0.368419 0.863205 0.370552 0.862628 0.367549 0.872528 0.365416
1 0.748166 0.318309 0.758104 0.315429 0.759104 0.319300 0.749165 0.322180
1 0.770052 0.057957 0.772191 0.064728 0.769289 0.065757 0.767149 0.058985
1 0.686668 0.208816 0.682224 0.218094 0.679270 0.216507 0.683714 0.207228
1 0.668718 0.214350 0.675238 0.209865 0.677113 0.212923 0.670594 0.217408
1 0.732617 0.321521 0.731818 0.313850 0.734921 0.313487 0.735721 0.321158
1 0.687141 0.372450 0.684353 0.379021 0.680945 0.377399 0.683733 0.370828
1 0.706708 0.434609 0.708707 0.449119 0.705262 0.449651 0.703264 0.435142
1 0.803502 0.527362 0.798451 0.519664 0.801025 0.517769 0.806076 0.525467
1 0.665322 0.615342 0.661153 0.617467 0.660022 0.614978 0.664191 0.612853
1 0.738930 0.635621 0.732823 0.635417 0.732901 0.632795 0.739008 0.632998
1 0.749107 0.636045 0.744308 0.630556 0.746103 0.628796 0.750901 0.634285
1 0.727416 0.633905 0.723019 0.629885 0.725192 0.627217 0.729589 0.631237
1 0.693063 0.623416 0.692089 0.617183 0.694804 0.616707 0.695778 0.622940
1 0.682487 0.615495 0.677076 0.614464 0.677560 0.611614 0.682971 0.612645
1 0.659615 0.608396 0.662413 0.602916 0.665367 0.604608 0.662569 0.610088
1 0.674909 0.606042 0.671371 0.610839 0.669474 0.609270 0.673012 0.604473
1 0.832087 0.625345 0.828088 0.631351 0.825755 0.629608 0.829754 0.623602
1 0.567703 0.907266 0.562869 0.911354 0.561281 0.909247 0.566115 0.905159
1 0.540694 0.468148 0.536957 0.463346 0.539209 0.461379 0.542945 0.466181
1 0.622887 0.389358 0.617794 0.383868 0.620162 0.381403 0.625255 0.386893
1 0.617933 0.384007 0.613561 0.379295 0.615930 0.376829 0.620302 0.381540
1 0.604038 0.352909 0.601106 0.345865 0.603996 0.344515 0.606929 0.351559
1 0.590091 0.341479 0.583165 0.334013 0.585342 0.331746 0.592269 0.339212
1 0.572917 0.318631 0.567737 0.309127 0.570923 0.307179 0.576103 0.316683
1 0.588268 0.258328 0.595778 0.255226 0.597071 0.258739 0.589561 0.261841
1 0.586588 0.277899 0.583533 0.273816 0.586136 0.271630 0.589191 0.275713
1 0.592997 0.284911 0.587298 0.277430 0.589571 0.275486 0.595270 0.282968
1 0.604964 0.291960 0.599262 0.287190 0.601170 0.284632 0.606872 0.289402
1 0.580349 0.155056 0.575861 0.153107 0.577121 0.149851 0.581609 0.151801
1 0.552278 0.136678 0.558260 0.134271 0.559440 0.137560 0.553458 0.139967
1 0.549864 0.160140 0.552009 0.152520 0.555620 0.153660 0.553476 0.161280
1 0.556663 0.176636 0.551017 0.166604 0.554047 0.164691 0.559693 0.174723
1 0.576863 0.133551 0.576289 0.139642 0.573411 0.139338 0.573985 0.133247
1 0.575759 0.127486 0.577969 0.117101 0.581209 0.117875 0.579000 0.128260
1 0.618699 0.065892 0.625634 0.068194 0.624521 0.071958 0.617586 0.069655
1 0.402478 0.295609 0.401397 0.286789 0.404398 0.286376 0.405479 0.295196
1 0.328153 0.376122 0.321511 0.368962 0.323880 0.366496 0.330523 0.373656
1 0.476963 0.453665 0.470478 0.446676 0.472846 0.444211 0.479331 0.451200
1 0.484962 0.460142 0.477038 0.454998 0.478627 0.452252 0.486551 0.457395
1 0.417895 0.461058 0.417082 0.453261 0.420457 0.452867 0.421269 0.460663
1 0.421005 0.475484 0.415359 0.469398 0.417154 0.467529 0.422800 0.473616
1 0.416979 0.481870 0.411979 0.471696 0.414925 0.470071 0.419925 0.480245
1 0.407767 0.487078 0.406467 0.479929 0.409501 0.479311 0.410800 0.486459
1 0.375307 0.444367 0.371232 0.440995 0.373301 0.438190 0.377375 0.441562
1 0.487352 0.430638 0.486171 0.421382 0.489461 0.420911 0.490642 0.430167
1 0.557115 0.406257 0.555210 0.400590 0.558318 0.399418 0.560223 0.405085
1 0.537969 0.408919 0.537796 0.403078 0.541481 0.402956 0.541654 0.408796
1 0.525571 0.409275 0.523522 0.402633 0.526471 0.401612 0.528520 0.408254
1 0.389731 0.512470 0.384246 0.507420 0.386425 0.504764 0.391910 0.509815
1 0.411727 0.507018 0.421060 0.507467 0.420926 0.510582 0.411593 0.510133
1 0.385658 0.524427 0.379809 0.519860 0.381555 0.517352 0.387403 0.521919
1 0.399837 0.563439 0.401397 0.569779 0.398426 0.570599 0.396867 0.564258
1 0.403844 0.598762 0.396242 0.590567 0.398961 0.587736 0.406564 0.595931
1 0.335817 0.651825 0.334245 0.644311 0.337488 0.643549 0.339060 0.651063
1 0.340218 0.912220 0.340930 0.905274 0.344233 0.905654 0.343520 0.912600
1 0.231957 0.296119 0.239361 0.296049 0.239391 0.299572 0.231987 0.299643
1 0.554482 0.097808 0.554141 0.101256 0.546136 0.100369 0.546476 0.096920
1 0.624695 0.610435 0.628618 0.602272 0.631711 0.603940 0.627788 0.612103
1 0.366629 0.906171 0.374671 0.904227 0.375458 0.907882 0.367416 0.909826
1 0.095423 0.969047 0.092633 0.969709 0.090720 0.960667 0.093509 0.960004
1 0.300952 0.065733 0.308712 0.064778 0.309041 0.067773 0.301281 0.068729
1 0.322535 0.522430 0.329371 0.522113 0.329487 0.524936 0.322651 0.525253
1 0.073138 0.817837 0.073880 0.811336 0.077178 0.811759 0.076435 0.818260
1 0.061935 0.871617 0.064410 0.865195 0.067485 0.866524 0.065011 0.872947
1 0.069180 0.857596 0.069630 0.852360 0.072938 0.852679 0.072488 0.857915
1 0.057781 0.882438 0.056871 0.889961 0.053874 0.889554 0.054784 0.882032
1 0.152574 0.228477 0.158004 0.219587 0.160793 0.221498 0.155363 0.230389
1 0.155722 0.231657 0.162629 0.224212 0.165031 0.226713 0.158125 0.234158
1 0.159278 0.235881 0.164593 0.227409 0.167184 0.229232 0.161870 0.237705
1 0.372983 0.093395 0.367889 0.098885 0.365520 0.096419 0.370614 0.090928
1 0.357771 0.238884 0.352496 0.233197 0.355170 0.230413 0.360446 0.236099
1 0.361395 0.217436 0.362856 0.224978 0.359887 0.225623 0.358425 0.218082
1 0.347631 0.208154 0.345933 0.216267 0.343306 0.215650 0.345004 0.207537
