1 0.326059 0.306692 0.333539 0.306692 0.333539 0.313983 0.326059 0.313983
1 0.315605 0.066574 0.320211 0.066574 0.320211 0.074096 0.315605 0.074096
1 0.300423 0.252670 0.309333 0.252670 0.309333 0.259630 0.300423 0.259630
1 0.289040 0.255978 0.296260 0.255978 0.296260 0.262593 0.289040 0.262593
1 0.250146 0.242681 0.258473 0.242681 0.258473 0.249226 0.250146 0.249226
1 0.249692 0.236755 0.254635 0.236755 0.254635 0.245987 0.249692 0.245987
1 0.305171 0.274651 0.313885 0.274651 0.313885 0.280920 0.305171 0.280920
1 0.802302 0.017406 0.809394 0.017406 0.809394 0.024344 0.802302 0.024344
1 0.297599 0.149084 0.305794 0.149084 0.305794 0.155423 0.297599 0.155423
1 0.274641 0.156939 0.281080 0.156939 0.281080 0.162244 0.274641 0.162244
1 0.288103 0.127242 0.295778 0.127242 0.295778 0.131239 0.288103 0.131239
1 0.165310 0.068366 0.169597 0.068366 0.169597 0.076634 0.165310 0.076634
1 0.101945 0.186486 0.107180 0.186486 0.107180 0.194182 0.101945 0.194182
3 0.094786 0.036470 0.100266 0.036470 0.100266 0.042097 0.094786 0.042097
12 0.666904 0.288870 0.670338 0.288870 0.670338 0.292272 0.666904 0.292272
12 0.611401 0.131246 0.613926 0.131246 0.613926 0.134395 0.611401 0.134395
1 0.403710 0.625809 0.409225 0.625809 0.409225 0.633082 0.403710 0.633082
1 0.345636 0.673817 0.350411 0.673817 0.350411 0.681396 0.345636 0.681396
1 0.343257 0.668943 0.349760 0.668943 0.349760 0.676172 0.343257 0.676172
1 0.331449 0.726889 0.338634 0.726889 0.338634 0.734640 0.331449 0.734640
1 0.263921 0.747397 0.268939 0.747397 0.268939 0.753999 0.263921 0.753999
1 0.258637 0.746822 0.265462 0.746822 0.265462 0.754096 0.258637 0.754096
1 0.184004 0.739556 0.190404 0.739556 0.190404 0.744838 0.184004 0.744838
1 0.456653 0.621822 0.465280 0.621822 0.465280 0.628618 0.456653 0.628618
2 0.457648 0.539360 0.463971 0.539360 0.463971 0.545102 0.457648 0.545102
1 0.436094 0.481789 0.444765 0.481789 0.444765 0.489924 0.436094 0.489924
1 0.439887 0.484470 0.445082 0.484470 0.445082 0.490449 0.439887 0.490449
1 0.407824 0.511274 0.413655 0.511274 0.413655 0.517876 0.407824 0.517876
1 0.135984 0.511177 0.143855 0.511177 0.143855 0.517998 0.135984 0.517998
1 0.235517 0.658729 0.242883 0.658729 0.242883 0.664709 0.235517 0.664709
1 0.202319 0.656001 0.208603 0.656001 0.208603 0.663562 0.202319 0.663562
1 0.214018 0.659064 0.222604 0.659064 0.222604 0.665092 0.214018 0.665092
1 0.211000 0.583356 0.217836 0.583356 0.217836 0.589614 0.211000 0.589614
1 0.213006 0.584159 0.220274 0.584159 0.220274 0.591565 0.213006 0.591565
1 0.276312 0.625975 0.282752 0.625975 0.282752 0.634794 0.276312 0.634794
1 0.266297 0.618740 0.273385 0.618740 0.273385 0.626456 0.266297 0.626456
1 0.647747 0.934170 0.655012 0.934170 0.655012 0.940670 0.647747 0.940670
1 0.259052 0.935867 0.266826 0.935867 0.266826 0.941944 0.259052 0.941944
3 0.284146 0.937346 0.289028 0.937346 0.289028 0.942369 0.284146 0.942369
1 0.240897 0.855471 0.248268 0.855471 0.248268 0.863453 0.240897 0.863453
1 0.210200 0.913701 0.217744 0.913701 0.217744 0.919551 0.210200 0.919551
1 0.223534 0.890957 0.231078 0.890957 0.231078 0.898604 0.223534 0.898604
1 0.221351 0.943111 0.229180 0.943111 0.229180 0.950167 0.221351 0.950167
1 0.210888 0.937716 0.217889 0.937716 0.217889 0.945132 0.210888 0.945132
1 0.202005 0.929861 0.209985 0.929861 0.209985 0.937515 0.202005 0.937515
1 0.025395 0.910019 0.029804 0.910019 0.029804 0.917556 0.025395 0.917556
1 0.018469 0.909700 0.025174 0.909700 0.025174 0.914843 0.018469 0.914843
1 0.014104 0.906151 0.020047 0.906151 0.020047 0.912055 0.014104 0.912055
1 0.229501 0.786680 0.235778 0.786680 0.235778 0.793906 0.229501 0.793906
11 0.097471 0.706438 0.105330 0.706438 0.105330 0.713907 0.097471 0.713907
11 0.087716 0.715291 0.099865 0.715291 0.099865 0.723525 0.087716 0.723525
11 0.059983 0.701611 0.068746 0.701611 0.068746 0.711851 0.059983 0.711851
1 0.109789 0.625234 0.116969 0.625234 0.116969 0.632124 0.109789 0.632124
1 0.138423 0.618680 0.144299 0.618680 0.144299 0.627531 0.138423 0.627531
1 0.053502 0.563386 0.059649 0.563386 0.059649 0.570754 0.053502 0.570754
1 0.055219 0.573483 0.062179 0.573483 0.062179 0.581329 0.055219 0.581329
1 0.023557 0.506900 0.029158 0.506900 0.029158 0.513504 0.023557 0.513504
1 0.029429 0.508336 0.037197 0.508336 0.037197 0.515848 0.029429 0.515848
1 0.045418 0.521160 0.051650 0.521160 0.051650 0.525800 0.045418 0.525800
1 0.047676 0.524556 0.055761 0.524556 0.055761 0.530968 0.047676 0.530968
1 0.034731 0.465569 0.042500 0.465569 0.042500 0.471694 0.034731 0.471694
1 0.025487 0.149965 0.031539 0.149965 0.031539 0.155989 0.025487 0.155989
1 0.114943 0.346752 0.122645 0.346752 0.122645 0.352781 0.114943 0.352781
1 0.111421 0.343939 0.118418 0.343939 0.118418 0.347901 0.111421 0.347901
1 0.100526 0.330962 0.109909 0.330962 0.109909 0.337508 0.100526 0.337508
1 0.062748 0.303592 0.068308 0.303592 0.068308 0.310243 0.062748 0.310243
12 0.364562 0.087919 0.367648 0.087919 0.367648 0.090670 0.364562 0.090670
1 0.067536 0.289573 0.072056 0.289573 0.072056 0.297277 0.067536 0.297277
12 0.684636 0.369499 0.687889 0.369499 0.687889 0.372753 0.684636 0.372753
12 0.599819 0.317545 0.603138 0.317545 0.603138 0.320675 0.599819 0.320675
12 0.355096 0.032118 0.358047 0.032118 0.358047 0.035474 0.355096 0.035474
3 0.181597 0.266798 0.186854 0.266798 0.186854 0.272309 0.181597 0.272309
1 0.242174 0.343125 0.249586 0.343125 0.249586 0.351690 0.242174 0.351690
12 0.367303 0.258366 0.370411 0.258366 0.370411 0.261821 0.367303 0.261821
12 0.365044 0.260924 0.367964 0.260924 0.367964 0.263881 0.365044 0.263881
12 0.344437 0.274281 0.347420 0.274281 0.347420 0.276873 0.344437 0.276873
12 0.334400 0.285115 0.337446 0.285115 0.337446 0.288403 0.334400 0.288403
12 0.335279 0.281558 0.338481 0.281558 0.338481 0.284482 0.335279 0.284482
12 0.346907 0.270920 0.349313 0.270920 0.349313 0.273555 0.346907 0.273555
12 0.423870 0.767908 0.426881 0.767908 0.426881 0.771035 0.423870 0.771035
12 0.620491 0.782614 0.623209 0.782614 0.623209 0.785300 0.620491 0.785300
1 0.414392 0.615263 0.421532 0.615263 0.421532 0.622344 0.414392 0.622344
12 0.622189 0.778157 0.624883 0.778157 0.624883 0.780927 0.622189 0.780927
12 0.641369 0.750023 0.644091 0.750023 0.644091 0.752584 0.641369 0.752584
12 0.646204 0.743123 0.648992 0.743123 0.648992 0.745846 0.646204 0.745846
12 0.666809 0.784397 0.669429 0.784397 0.669429 0.787029 0.666809 0.787029
12 0.668029 0.781958 0.670559 0.781958 0.670559 0.784924 0.668029 0.784924
12 0.671236 0.781861 0.673991 0.781861 0.673991 0.784829 0.671236 0.784829
12 0.670151 0.785546 0.672817 0.785546 0.672817 0.788178 0.670151 0.788178
12 0.674036 0.775784 0.676340 0.775784 0.676340 0.778756 0.674036 0.778756
12 0.677831 0.772866 0.680675 0.772866 0.680675 0.775929 0.677831 0.775929
12 0.669566 0.773393 0.672366 0.773393 0.672366 0.776072 0.669566 0.776072
12 0.736992 0.786865 0.739739 0.786865 0.739739 0.789695 0.736992 0.789695
12 0.754653 0.895421 0.757545 0.895421 0.757545 0.898483 0.754653 0.898483
12 0.930027 0.964163 0.932737 0.964163 0.932737 0.967118 0.930027 0.967118
1 0.788937 0.120945 0.794510 0.120945 0.794510 0.130307 0.788937 0.130307
1 0.790950 0.110303 0.801629 0.110303 0.801629 0.118008 0.790950 0.118008
1 0.918193 0.821923 0.924538 0.821923 0.924538 0.829958 0.918193 0.829958
1 0.966485 0.809133 0.973913 0.809133 0.973913 0.815201 0.966485 0.815201
12 0.725192 0.154628 0.728090 0.154628 0.728090 0.158017 0.725192 0.158017
12 0.707992 0.176160 0.710702 0.176160 0.710702 0.179269 0.707992 0.179269
12 0.713261 0.182140 0.716272 0.182140 0.716272 0.185610 0.713261 0.185610
12 0.706410 0.189158 0.709421 0.189158 0.709421 0.192348 0.706410 0.192348
12 0.701592 0.292171 0.704483 0.292171 0.704483 0.295620 0.701592 0.295620
12 0.656788 0.280065 0.659724 0.280065 0.659724 0.283276 0.656788 0.283276
12 0.559697 0.057714 0.562971 0.057714 0.562971 0.061065 0.559697 0.061065
12 0.555631 0.059350 0.558529 0.059350 0.558529 0.063137 0.555631 0.063137
12 0.504347 0.030464 0.507496 0.030464 0.507496 0.033685 0.504347 0.033685
12 0.502451 0.033909 0.505816 0.033909 0.505816 0.037302 0.502451 0.037302
12 0.613321 0.127099 0.616184 0.127099 0.616184 0.130328 0.613321 0.130328
12 0.617197 0.120798 0.620211 0.120798 0.620211 0.123909 0.617197 0.123909
12 0.512314 0.026674 0.515463 0.026674 0.515463 0.029723 0.512314 0.029723
1 0.233924 0.456280 0.239943 0.456280 0.239943 0.462769 0.233924 0.462769
1 0.238140 0.572913 0.243740 0.572913 0.243740 0.579011 0.238140 0.579011
1 0.122845 0.027804 0.128942 0.027804 0.128942 0.035317 0.122845 0.035317
1 0.125961 0.032145 0.136485 0.032145 0.136485 0.039112 0.125961 0.039112
1 0.160968 0.061087 0.166789 0.061087 0.166789 0.067975 0.160968 0.067975
1 0.816798 0.196043 0.822369 0.196043 0.822369 0.202947 0.816798 0.202947
12 0.483101 0.034827 0.486413 0.034827 0.486413 0.038049 0.483101 0.038049
3 0.432805 0.016408 0.438113 0.016408 0.438113 0.021558 0.432805 0.021558
1 0.801020 0.242094 0.807328 0.242094 0.807328 0.248779 0.801020 0.248779
1 0.788142 0.257460 0.794517 0.257460 0.794517 0.262282 0.788142 0.262282
1 0.723084 0.047182 0.728732 0.047182 0.728732 0.054991 0.723084 0.054991
1 0.723187 0.027971 0.729479 0.027971 0.729479 0.033944 0.723187 0.033944
1 0.804201 0.020037 0.810298 0.020037 0.810298 0.026881 0.804201 0.026881
