10 0.462483 0.815239 0.466633 0.815239 0.466633 0.817828 0.462483 0.817828
1 0.385200 0.271280 0.388809 0.271280 0.388809 0.278461 0.385200 0.278461
1 0.386265 0.305451 0.392803 0.305451 0.392803 0.309996 0.386265 0.309996
1 0.359934 0.412016 0.363862 0.412016 0.363862 0.419821 0.359934 0.419821
3 0.112442 0.165773 0.118017 0.165773 0.118017 0.171206 0.112442 0.171206
10 0.226596 0.151532 0.230672 0.151532 0.230672 0.154910 0.226596 0.154910
2 0.354539 0.626364 0.360931 0.626364 0.360931 0.632451 0.354539 0.632451
1 0.607685 0.681027 0.614968 0.681027 0.614968 0.684479 0.607685 0.684479
1 0.615210 0.660263 0.622033 0.660263 0.622033 0.663440 0.615210 0.663440
1 0.507144 0.688880 0.513094 0.688880 0.513094 0.694665 0.507144 0.694665
10 0.073481 0.693889 0.077426 0.693889 0.077426 0.696557 0.073481 0.696557
10 0.202090 0.778332 0.206124 0.778332 0.206124 0.780747 0.202090 0.780747
2 0.274123 0.709232 0.280114 0.709232 0.280114 0.714492 0.274123 0.714492
10 0.279489 0.715199 0.283935 0.715199 0.283935 0.718710 0.279489 0.718710
2 0.319825 0.690375 0.325780 0.690375 0.325780 0.695587 0.319825 0.695587
10 0.358149 0.725402 0.361887 0.725402 0.361887 0.728353 0.358149 0.728353
1 0.212849 0.490866 0.218954 0.490866 0.218954 0.495691 0.212849 0.495691
4 0.853131 0.524000 0.865662 0.524000 0.865662 0.532930 0.853131 0.532930
4 0.974578 0.591726 0.985997 0.591726 0.985997 0.600656 0.974578 0.600656
4 0.705732 0.583541 0.724062 0.583541 0.724062 0.589197 0.705732 0.589197
4 0.744281 0.504434 0.759809 0.504434 0.759809 0.510992 0.744281 0.510992
4 0.688541 0.503938 0.698367 0.503938 0.698367 0.510695 0.688541 0.510695
4 0.433897 0.531376 0.448556 0.531376 0.448556 0.538404 0.433897 0.538404
1 0.503663 0.529897 0.510053 0.529897 0.510053 0.535811 0.503663 0.535811
1 0.497680 0.521955 0.502222 0.521955 0.502222 0.526541 0.497680 0.526541
1 0.383874 0.569296 0.388952 0.569296 0.388952 0.573483 0.383874 0.573483
4 0.307509 0.536104 0.318825 0.536104 0.318825 0.543109 0.307509 0.543109
4 0.177654 0.494077 0.188650 0.494077 0.188650 0.501857 0.177654 0.501857
4 0.154514 0.584693 0.166765 0.584693 0.166765 0.591152 0.154514 0.591152
4 0.344069 0.569541 0.351013 0.569541 0.351013 0.576412 0.344069 0.576412
4 0.971770 0.284877 0.986685 0.284877 0.986685 0.291178 0.971770 0.291178
4 0.815262 0.266637 0.829517 0.266637 0.829517 0.277682 0.815262 0.277682
4 0.786619 0.067128 0.801831 0.067128 0.801831 0.074847 0.786619 0.074847
4 0.613521 0.114218 0.625055 0.114218 0.625055 0.121330 0.613521 0.121330
4 0.585387 0.106200 0.599571 0.106200 0.599571 0.114054 0.585387 0.114054
4 0.811561 0.102330 0.822549 0.102330 0.822549 0.111589 0.811561 0.111589
4 0.841272 0.291948 0.851747 0.291948 0.851747 0.298297 0.841272 0.298297
4 0.975412 0.359429 0.985004 0.359429 0.985004 0.365052 0.975412 0.365052
1 0.962318 0.319246 0.969340 0.319246 0.969340 0.324703 0.962318 0.324703
4 0.917283 0.412470 0.928850 0.412470 0.928850 0.421152 0.917283 0.421152
1 0.075172 0.836599 0.080043 0.836599 0.080043 0.842197 0.075172 0.842197
1 0.030836 0.714558 0.036568 0.714558 0.036568 0.719876 0.030836 0.719876
1 0.039776 0.656293 0.045976 0.656293 0.045976 0.661078 0.039776 0.661078
1 0.048626 0.482752 0.051493 0.482752 0.051493 0.490215 0.048626 0.490215
1 0.097250 0.317726 0.100361 0.317726 0.100361 0.324903 0.097250 0.324903
1 0.130634 0.306251 0.134286 0.306251 0.134286 0.313189 0.130634 0.313189
1 0.143928 0.215272 0.151600 0.215272 0.151600 0.217952 0.143928 0.217952
1 0.144083 0.169151 0.151607 0.169151 0.151607 0.172079 0.144083 0.172079
1 0.130959 0.124759 0.137284 0.124759 0.137284 0.128783 0.130959 0.128783
1 0.471308 0.078694 0.476991 0.078694 0.476991 0.084320 0.471308 0.084320
1 0.572344 0.117943 0.578975 0.117943 0.578975 0.122872 0.572344 0.122872
1 0.563239 0.196389 0.568596 0.196389 0.568596 0.202079 0.563239 0.202079
1 0.597095 0.249111 0.604953 0.249111 0.604953 0.252011 0.597095 0.252011
1 0.584235 0.209706 0.591119 0.209706 0.591119 0.215011 0.584235 0.215011
1 0.623433 0.598859 0.628360 0.598859 0.628360 0.604920 0.623433 0.604920
10 0.490965 0.480296 0.495164 0.480296 0.495164 0.482741 0.490965 0.482741
10 0.495474 0.468477 0.499538 0.468477 0.499538 0.470970 0.495474 0.470970
1 0.496855 0.977619 0.502539 0.977619 0.502539 0.983170 0.496855 0.983170
1 0.539804 0.915207 0.547624 0.915207 0.547624 0.918159 0.539804 0.918159
1 0.603384 0.972274 0.609505 0.972274 0.609505 0.975661 0.603384 0.975661
1 0.634666 0.930186 0.640403 0.930186 0.640403 0.933401 0.634666 0.933401
1 0.604435 0.899400 0.612422 0.899400 0.612422 0.903454 0.604435 0.903454
1 0.636235 0.859074 0.643250 0.859074 0.643250 0.861299 0.636235 0.861299
1 0.680053 0.852673 0.688170 0.852673 0.688170 0.856595 0.680053 0.856595
1 0.696542 0.830800 0.703871 0.830800 0.703871 0.834189 0.696542 0.834189
1 0.722754 0.873788 0.729614 0.873788 0.729614 0.879674 0.722754 0.879674
1 0.728193 0.958012 0.734364 0.958012 0.734364 0.963466 0.728193 0.963466
1 0.833707 0.974906 0.841374 0.974906 0.841374 0.977537 0.833707 0.977537
1 0.837537 0.955815 0.844306 0.955815 0.844306 0.959403 0.837537 0.959403
1 0.824585 0.925022 0.832008 0.925022 0.832008 0.928477 0.824585 0.928477
1 0.155351 0.522557 0.163306 0.522557 0.163306 0.524854 0.155351 0.524854
1 0.138843 0.511075 0.146421 0.511075 0.146421 0.515265 0.138843 0.515265
1 0.128464 0.496534 0.135672 0.496534 0.135672 0.499979 0.128464 0.499979
1 0.134113 0.488267 0.139828 0.488267 0.139828 0.492057 0.134113 0.492057
1 0.123839 0.464612 0.131835 0.464612 0.131835 0.469022 0.123839 0.469022
1 0.103589 0.342715 0.111826 0.342715 0.111826 0.348407 0.103589 0.348407
1 0.082282 0.291390 0.090482 0.291390 0.090482 0.296662 0.082282 0.296662
1 0.118786 0.265004 0.126550 0.265004 0.126550 0.268496 0.118786 0.268496
1 0.121275 0.245859 0.130290 0.245859 0.130290 0.249473 0.121275 0.249473
1 0.062201 0.189685 0.070276 0.189685 0.070276 0.192979 0.062201 0.192979
1 0.087020 0.225405 0.096240 0.225405 0.096240 0.230292 0.087020 0.230292
1 0.036403 0.229578 0.043651 0.229578 0.043651 0.234136 0.036403 0.234136
1 0.160511 0.132409 0.168792 0.132409 0.168792 0.136581 0.160511 0.136581
1 0.091322 0.810945 0.098890 0.810945 0.098890 0.814169 0.091322 0.814169
1 0.100051 0.799039 0.108164 0.799039 0.108164 0.802097 0.100051 0.802097
1 0.123275 0.769025 0.129673 0.769025 0.129673 0.773903 0.123275 0.773903
1 0.160997 0.748272 0.167939 0.748272 0.167939 0.753067 0.160997 0.753067
1 0.129484 0.713961 0.137076 0.713961 0.137076 0.715999 0.129484 0.715999
1 0.147449 0.700205 0.154778 0.700205 0.154778 0.705034 0.147449 0.705034
1 0.129297 0.688881 0.135912 0.688881 0.135912 0.692872 0.129297 0.692872
1 0.152663 0.621159 0.158601 0.621159 0.158601 0.624628 0.152663 0.624628
1 0.038530 0.640327 0.046481 0.640327 0.046481 0.643403 0.038530 0.643403
1 0.032452 0.616613 0.040026 0.616613 0.040026 0.619888 0.032452 0.619888
1 0.115324 0.644915 0.121501 0.644915 0.121501 0.648773 0.115324 0.648773
1 0.118761 0.612655 0.127146 0.612655 0.127146 0.617065 0.118761 0.617065
1 0.126969 0.586492 0.133009 0.586492 0.133009 0.593107 0.126969 0.593107
1 0.021152 0.559515 0.027240 0.559515 0.027240 0.562195 0.021152 0.562195
1 0.014549 0.407670 0.020168 0.407670 0.020168 0.410648 0.014549 0.410648
1 0.017512 0.432620 0.023379 0.432620 0.023379 0.436305 0.017512 0.436305
1 0.068075 0.012065 0.075405 0.012065 0.075405 0.014975 0.068075 0.014975
1 0.099490 0.019174 0.107319 0.019174 0.107319 0.021434 0.099490 0.021434
1 0.093037 0.035386 0.099959 0.035386 0.099959 0.039244 0.093037 0.039244
1 0.106626 0.074579 0.113993 0.074579 0.113993 0.077689 0.106626 0.077689
1 0.112414 0.059825 0.118578 0.059825 0.118578 0.063454 0.112414 0.063454
1 0.049741 0.120716 0.055248 0.120716 0.055248 0.124544 0.049741 0.124544
1 0.123856 0.353030 0.127149 0.353030 0.127149 0.360924 0.123856 0.360924
1 0.095532 0.361308 0.101846 0.361308 0.101846 0.367672 0.095532 0.367672
1 0.149109 0.382508 0.157033 0.382508 0.157033 0.384920 0.149109 0.384920
1 0.167929 0.403795 0.172800 0.403795 0.172800 0.410224 0.167929 0.410224
1 0.111995 0.435024 0.115728 0.435024 0.115728 0.442379 0.111995 0.442379
1 0.406392 0.492001 0.411759 0.492001 0.411759 0.495542 0.406392 0.495542
1 0.370205 0.495214 0.373790 0.495214 0.373790 0.502251 0.370205 0.502251
1 0.331848 0.461498 0.338017 0.461498 0.338017 0.465426 0.331848 0.465426
1 0.286152 0.482655 0.293633 0.482655 0.293633 0.486872 0.286152 0.486872
1 0.271033 0.462969 0.278825 0.462969 0.278825 0.466450 0.271033 0.466450
1 0.248977 0.503979 0.255212 0.503979 0.255212 0.509197 0.248977 0.509197
1 0.269835 0.536739 0.277141 0.536739 0.277141 0.540040 0.269835 0.540040
1 0.294773 0.699552 0.300676 0.699552 0.300676 0.705057 0.294773 0.705057
1 0.217817 0.744231 0.224839 0.744231 0.224839 0.747773 0.217817 0.747773
1 0.218695 0.818925 0.226453 0.818925 0.226453 0.820982 0.218695 0.820982
1 0.197139 0.845353 0.203943 0.845353 0.203943 0.847467 0.197139 0.847467
1 0.440195 0.766315 0.447957 0.766315 0.447957 0.768948 0.440195 0.768948
1 0.418984 0.738645 0.425298 0.738645 0.425298 0.744626 0.418984 0.744626
1 0.496049 0.745579 0.501647 0.745579 0.501647 0.748976 0.496049 0.748976
1 0.492206 0.715584 0.499124 0.715584 0.499124 0.718519 0.492206 0.718519
1 0.483506 0.665036 0.488431 0.665036 0.488431 0.669571 0.483506 0.669571
2 0.514635 0.655680 0.520368 0.655680 0.520368 0.660565 0.514635 0.660565
1 0.428700 0.624206 0.436255 0.624206 0.436255 0.628512 0.428700 0.628512
1 0.432719 0.656508 0.435537 0.656508 0.435537 0.664217 0.432719 0.664217
2 0.398974 0.639169 0.405306 0.639169 0.405306 0.644451 0.398974 0.644451
2 0.415864 0.646391 0.421873 0.646391 0.421873 0.652535 0.415864 0.652535
1 0.347548 0.527376 0.355709 0.527376 0.355709 0.530009 0.347548 0.530009
1 0.293894 0.584089 0.300770 0.584089 0.300770 0.587555 0.293894 0.587555
1 0.851878 0.119464 0.855557 0.119464 0.855557 0.126701 0.851878 0.126701
1 0.907339 0.266963 0.915306 0.266963 0.915306 0.270417 0.907339 0.270417
2 0.818061 0.207350 0.824151 0.207350 0.824151 0.213091 0.818061 0.213091
2 0.681548 0.433387 0.688561 0.433387 0.688561 0.440208 0.681548 0.440208
2 0.628857 0.418169 0.636298 0.418169 0.636298 0.424499 0.628857 0.424499
2 0.495347 0.284089 0.501582 0.284089 0.501582 0.290567 0.495347 0.290567
2 0.572503 0.295768 0.579165 0.295768 0.579165 0.301796 0.572503 0.301796
2 0.532453 0.286925 0.540089 0.286925 0.540089 0.293356 0.532453 0.293356
2 0.522283 0.293242 0.528886 0.293242 0.528886 0.299041 0.522283 0.299041
2 0.480652 0.463028 0.487416 0.463028 0.487416 0.469774 0.480652 0.469774
2 0.527175 0.475608 0.533569 0.475608 0.533569 0.481514 0.527175 0.481514
2 0.623975 0.356615 0.629870 0.356615 0.629870 0.362316 0.623975 0.362316
2 0.280228 0.673585 0.288152 0.673585 0.288152 0.680338 0.280228 0.680338
2 0.465229 0.611533 0.471129 0.611533 0.471129 0.616764 0.465229 0.616764
2 0.405478 0.608031 0.412785 0.608031 0.412785 0.614117 0.405478 0.614117
10 0.045156 0.776673 0.048725 0.776673 0.048725 0.778726 0.045156 0.778726
10 0.275824 0.845115 0.279551 0.845115 0.279551 0.847278 0.275824 0.847278
10 0.301538 0.858474 0.305390 0.858474 0.305390 0.860802 0.301538 0.860802
10 0.201086 0.684236 0.205725 0.684236 0.205725 0.687520 0.201086 0.687520
2 0.202184 0.687632 0.207769 0.687632 0.207769 0.692610 0.202184 0.692610
10 0.471727 0.610555 0.475756 0.610555 0.475756 0.613054 0.471727 0.613054
1 0.908761 0.216002 0.916807 0.216002 0.916807 0.219911 0.908761 0.219911
1 0.953758 0.214581 0.959358 0.214581 0.959358 0.220177 0.953758 0.220177
1 0.912785 0.231414 0.918876 0.231414 0.918876 0.236163 0.912785 0.236163
1 0.940866 0.148204 0.948332 0.148204 0.948332 0.151027 0.940866 0.151027
1 0.932377 0.110098 0.940144 0.110098 0.940144 0.113555 0.932377 0.113555
1 0.931249 0.102321 0.937200 0.102321 0.937200 0.107740 0.931249 0.107740
1 0.904933 0.108304 0.911856 0.108304 0.911856 0.113854 0.904933 0.113854
1 0.546616 0.070987 0.550906 0.070987 0.550906 0.079218 0.546616 0.079218
1 0.395973 0.012484 0.402590 0.012484 0.402590 0.016391 0.395973 0.016391
1 0.413678 0.034808 0.418076 0.034808 0.418076 0.041710 0.413678 0.041710
1 0.354765 0.043963 0.362793 0.043963 0.362793 0.047598 0.354765 0.047598
1 0.280790 0.017229 0.287415 0.017229 0.287415 0.019876 0.280790 0.019876
1 0.281008 0.100212 0.284450 0.100212 0.284450 0.107584 0.281008 0.107584
1 0.245040 0.151791 0.252183 0.151791 0.252183 0.155260 0.245040 0.155260
1 0.252272 0.168262 0.258586 0.168262 0.258586 0.173928 0.252272 0.173928
1 0.294521 0.156848 0.301853 0.156848 0.301853 0.159307 0.294521 0.159307
1 0.344153 0.116874 0.349018 0.116874 0.349018 0.123000 0.344153 0.123000
1 0.394092 0.116685 0.401170 0.116685 0.401170 0.119674 0.394092 0.119674
1 0.408061 0.394059 0.415593 0.394059 0.415593 0.396548 0.408061 0.396548
2 0.539804 0.031633 0.545811 0.031633 0.545811 0.036286 0.539804 0.036286
1 0.396017 0.164938 0.404227 0.164938 0.404227 0.168262 0.396017 0.168262
1 0.392792 0.204616 0.400856 0.204616 0.400856 0.208521 0.392792 0.208521
1 0.350328 0.215652 0.355092 0.215652 0.355092 0.221509 0.350328 0.221509
1 0.443280 0.195752 0.446347 0.195752 0.446347 0.202881 0.443280 0.202881
1 0.379180 0.243021 0.386547 0.243021 0.386547 0.245095 0.379180 0.245095
1 0.907316 0.079023 0.912417 0.079023 0.912417 0.085484 0.907316 0.085484
1 0.926182 0.038712 0.933308 0.038712 0.933308 0.041539 0.926182 0.041539
1 0.848550 0.033270 0.853747 0.033270 0.853747 0.039030 0.848550 0.039030
1 0.774945 0.049874 0.782206 0.049874 0.782206 0.052697 0.774945 0.052697
1 0.952052 0.268428 0.959132 0.268428 0.959132 0.272016 0.952052 0.272016
1 0.949010 0.301413 0.955558 0.301413 0.955558 0.306184 0.949010 0.306184
1 0.815707 0.419867 0.821033 0.419867 0.821033 0.427093 0.815707 0.427093
1 0.885163 0.543805 0.891477 0.543805 0.891477 0.547775 0.885163 0.547775
1 0.894182 0.562580 0.899832 0.562580 0.899832 0.568299 0.894182 0.568299
1 0.916963 0.623560 0.924484 0.623560 0.924484 0.625997 0.916963 0.625997
1 0.959114 0.689954 0.966519 0.689954 0.966519 0.692107 0.959114 0.692107
1 0.815879 0.894110 0.819195 0.894110 0.819195 0.899667 0.815879 0.899667
1 0.709322 0.983580 0.716812 0.983580 0.716812 0.986163 0.709322 0.986163
1 0.497604 0.863823 0.504953 0.863823 0.504953 0.866006 0.497604 0.866006
1 0.490371 0.871770 0.497967 0.871770 0.497967 0.873949 0.490371 0.873949
1 0.468494 0.902850 0.473739 0.902850 0.473739 0.906266 0.468494 0.906266
1 0.473910 0.914434 0.481665 0.914434 0.481665 0.918094 0.473910 0.918094
1 0.491087 0.932214 0.498513 0.932214 0.498513 0.935113 0.491087 0.935113
1 0.286710 0.808948 0.292252 0.808948 0.292252 0.811822 0.286710 0.811822
1 0.258769 0.802293 0.263833 0.802293 0.263833 0.808680 0.258769 0.808680
1 0.289378 0.771343 0.296735 0.771343 0.296735 0.773303 0.289378 0.773303
1 0.268738 0.743508 0.272462 0.743508 0.272462 0.749153 0.268738 0.749153
1 0.218020 0.642746 0.221325 0.642746 0.221325 0.650221 0.218020 0.650221
1 0.430124 0.509001 0.436593 0.509001 0.436593 0.514990 0.430124 0.514990
1 0.198994 0.395815 0.202841 0.395815 0.202841 0.402452 0.198994 0.402452
1 0.211166 0.360908 0.218487 0.360908 0.218487 0.363342 0.211166 0.363342
1 0.167184 0.329086 0.173988 0.329086 0.173988 0.332473 0.167184 0.332473
1 0.194626 0.257579 0.197109 0.257579 0.197109 0.265426 0.194626 0.265426
1 0.221493 0.207241 0.228340 0.207241 0.228340 0.211057 0.221493 0.211057
1 0.387515 0.152899 0.394207 0.152899 0.394207 0.156732 0.387515 0.156732
1 0.565248 0.335122 0.572988 0.335122 0.572988 0.338624 0.565248 0.338624
1 0.497764 0.385344 0.503526 0.385344 0.503526 0.390033 0.497764 0.390033
1 0.493433 0.368787 0.497741 0.368787 0.497741 0.376107 0.493433 0.376107
1 0.465202 0.348111 0.472698 0.348111 0.472698 0.350942 0.465202 0.350942
4 0.441595 0.332036 0.452407 0.332036 0.452407 0.340345 0.441595 0.340345
1 0.398933 0.335461 0.401807 0.335461 0.401807 0.342692 0.398933 0.342692
1 0.274570 0.365214 0.280939 0.365214 0.280939 0.368306 0.274570 0.368306
1 0.232313 0.402969 0.239394 0.402969 0.239394 0.405836 0.232313 0.405836
4 0.211137 0.194066 0.225392 0.194066 0.225392 0.201680 0.211137 0.201680
4 0.025656 0.933940 0.037255 0.933940 0.037255 0.945353 0.025656 0.945353
4 0.194225 0.808664 0.206600 0.808664 0.206600 0.821215 0.194225 0.821215
4 0.189583 0.637264 0.203267 0.637264 0.203267 0.644372 0.189583 0.644372
4 0.104522 0.734036 0.116522 0.734036 0.116522 0.741910 0.104522 0.741910
4 0.020757 0.642755 0.035314 0.642755 0.035314 0.649184 0.020757 0.649184
2 0.020614 0.597802 0.026481 0.597802 0.026481 0.602634 0.020614 0.602634
4 0.012016 0.510924 0.023463 0.510924 0.023463 0.523655 0.012016 0.523655
4 0.090445 0.430593 0.101668 0.430593 0.101668 0.438698 0.090445 0.438698
1 0.091619 0.143606 0.099574 0.143606 0.099574 0.147395 0.091619 0.147395
1 0.160770 0.103604 0.162912 0.103604 0.162912 0.111938 0.160770 0.111938
4 0.344209 0.148482 0.354575 0.148482 0.354575 0.156751 0.344209 0.156751
4 0.355509 0.137073 0.364316 0.137073 0.364316 0.143686 0.355509 0.143686
1 0.465902 0.153602 0.472991 0.153602 0.472991 0.156760 0.465902 0.156760
1 0.499236 0.130303 0.506453 0.130303 0.506453 0.133366 0.499236 0.133366
4 0.286654 0.056214 0.296012 0.056214 0.296012 0.061449 0.286654 0.061449
2 0.652902 0.060334 0.658700 0.060334 0.658700 0.065069 0.652902 0.065069
4 0.682397 0.908173 0.695730 0.908173 0.695730 0.916317 0.682397 0.916317
4 0.572015 0.813867 0.581741 0.813867 0.581741 0.819622 0.572015 0.819622
1 0.506944 0.802300 0.515205 0.802300 0.515205 0.805607 0.506944 0.805607
1 0.511543 0.778321 0.516141 0.778321 0.516141 0.784689 0.511543 0.784689
4 0.708640 0.676869 0.719985 0.676869 0.719985 0.686511 0.708640 0.686511
4 0.654547 0.662389 0.664872 0.662389 0.664872 0.668699 0.654547 0.668699
1 0.607088 0.601133 0.613552 0.601133 0.613552 0.605199 0.607088 0.605199
4 0.622452 0.548276 0.631336 0.548276 0.631336 0.553567 0.622452 0.553567
4 0.344989 0.894521 0.359401 0.894521 0.359401 0.901577 0.344989 0.901577
4 0.473433 0.203226 0.493259 0.203226 0.493259 0.208386 0.473433 0.208386
4 0.458687 0.616356 0.474041 0.616356 0.474041 0.623384 0.458687 0.623384
4 0.322604 0.674761 0.335623 0.674761 0.335623 0.683690 0.322604 0.683690
1 0.007284 0.747478 0.012226 0.747478 0.012226 0.752163 0.007284 0.752163
2 0.229398 0.849382 0.235070 0.849382 0.235070 0.853737 0.229398 0.853737
1 0.298957 0.899004 0.306849 0.899004 0.306849 0.902395 0.298957 0.902395
1 0.334366 0.924372 0.340754 0.924372 0.340754 0.928479 0.334366 0.928479
1 0.129338 0.925286 0.136189 0.925286 0.136189 0.928195 0.129338 0.928195
10 0.533499 0.477003 0.537024 0.477003 0.537024 0.480903 0.533499 0.480903
10 0.687048 0.439792 0.690894 0.439792 0.690894 0.442375 0.687048 0.442375
10 0.815940 0.095309 0.820459 0.095309 0.820459 0.099519 0.815940 0.099519
10 0.826491 0.179762 0.830738 0.179762 0.830738 0.182473 0.826491 0.182473
10 0.972067 0.359760 0.975497 0.359760 0.975497 0.363233 0.972067 0.363233
10 0.763358 0.405092 0.768228 0.405092 0.768228 0.408059 0.763358 0.408059
10 0.765026 0.388584 0.769357 0.388584 0.769357 0.391264 0.765026 0.391264
1 0.816185 0.919659 0.823483 0.919659 0.823483 0.924609 0.816185 0.924609
1 0.796156 0.879387 0.802138 0.879387 0.802138 0.882802 0.796156 0.882802
1 0.944598 0.569970 0.951409 0.569970 0.951409 0.574516 0.944598 0.574516
1 0.930827 0.518612 0.937532 0.518612 0.937532 0.523595 0.930827 0.523595
1 0.979858 0.508426 0.982519 0.508426 0.982519 0.516135 0.979858 0.516135
1 0.969980 0.493742 0.976565 0.493742 0.976565 0.498001 0.969980 0.498001
1 0.981661 0.486757 0.986263 0.486757 0.986263 0.493408 0.981661 0.493408
1 0.976413 0.445018 0.979513 0.445018 0.979513 0.452262 0.976413 0.452262
1 0.945286 0.440527 0.952689 0.440527 0.952689 0.442879 0.945286 0.442879
1 0.955768 0.427528 0.962759 0.427528 0.962759 0.431756 0.955768 0.431756
1 0.932353 0.397816 0.938937 0.397816 0.938937 0.401840 0.932353 0.401840
1 0.912237 0.372934 0.919589 0.372934 0.919589 0.376863 0.912237 0.376863
1 0.868829 0.365234 0.876608 0.365234 0.876608 0.368983 0.868829 0.368983
1 0.830264 0.344460 0.837311 0.344460 0.837311 0.347716 0.830264 0.347716
1 0.832580 0.331633 0.839784 0.331633 0.839784 0.337250 0.832580 0.337250
1 0.782793 0.349426 0.788746 0.349426 0.788746 0.352680 0.782793 0.352680
1 0.696902 0.352685 0.703673 0.352685 0.703673 0.356891 0.696902 0.356891
1 0.665415 0.403945 0.672622 0.403945 0.672622 0.406569 0.665415 0.406569
1 0.695580 0.309715 0.702344 0.309715 0.702344 0.313343 0.695580 0.313343
1 0.760752 0.247432 0.766525 0.247432 0.766525 0.254414 0.760752 0.254414
1 0.805956 0.187465 0.811764 0.187465 0.811764 0.194523 0.805956 0.194523
10 0.618645 0.185587 0.622298 0.185587 0.622298 0.187931 0.618645 0.187931
10 0.621627 0.196655 0.625295 0.196655 0.625295 0.199281 0.621627 0.199281
10 0.557372 0.488188 0.561351 0.488188 0.561351 0.490747 0.557372 0.490747
10 0.328838 0.364495 0.333118 0.364495 0.333118 0.366926 0.328838 0.366926
10 0.838743 0.312991 0.842595 0.312991 0.842595 0.315743 0.838743 0.315743
10 0.768428 0.047124 0.772222 0.047124 0.772222 0.049333 0.768428 0.049333
10 0.240619 0.384287 0.244400 0.384287 0.244400 0.386904 0.240619 0.386904
10 0.283765 0.406848 0.287344 0.406848 0.287344 0.409162 0.283765 0.409162
10 0.016870 0.594835 0.020302 0.594835 0.020302 0.597371 0.016870 0.597371
10 0.013193 0.459692 0.017142 0.459692 0.017142 0.462048 0.013193 0.462048
10 0.661150 0.068752 0.664285 0.068752 0.664285 0.070912 0.661150 0.070912
10 0.654861 0.056680 0.658777 0.056680 0.658777 0.059116 0.654861 0.059116
10 0.658228 0.053135 0.662142 0.053135 0.662142 0.055489 0.658228 0.055489
10 0.661463 0.045022 0.665459 0.045022 0.665459 0.047404 0.661463 0.047404
10 0.457387 0.801890 0.461039 0.801890 0.461039 0.804239 0.457387 0.804239
10 0.451163 0.818493 0.454681 0.818493 0.454681 0.820747 0.451163 0.820747
10 0.433257 0.813804 0.437858 0.813804 0.437858 0.816296 0.433257 0.816296
10 0.615128 0.647306 0.619327 0.647306 0.619327 0.650273 0.615128 0.650273
10 0.359289 0.720585 0.363084 0.720585 0.363084 0.723217 0.359289 0.723217
10 0.296659 0.766294 0.300574 0.766294 0.300574 0.769370 0.296659 0.769370
2 0.300647 0.810142 0.307619 0.810142 0.307619 0.815353 0.300647 0.815353
10 0.297342 0.807299 0.301369 0.807299 0.301369 0.809984 0.297342 0.809984
1 0.626644 0.781673 0.633461 0.781673 0.633461 0.784304 0.626644 0.784304
1 0.623938 0.764322 0.630290 0.764322 0.630290 0.766678 0.623938 0.766678
1 0.661838 0.790462 0.667984 0.790462 0.667984 0.796160 0.661838 0.796160
1 0.679243 0.798845 0.684201 0.798845 0.684201 0.804763 0.679243 0.804763
2 0.677878 0.895487 0.684592 0.895487 0.684592 0.900966 0.677878 0.900966
1 0.740142 0.874309 0.747172 0.874309 0.747172 0.878232 0.740142 0.878232
1 0.754631 0.884814 0.760477 0.884814 0.760477 0.887553 0.754631 0.887553
1 0.765240 0.866620 0.771049 0.866620 0.771049 0.870488 0.765240 0.870488
1 0.714724 0.863690 0.721465 0.863690 0.721465 0.867266 0.714724 0.867266
1 0.834677 0.581180 0.839696 0.581180 0.839696 0.588346 0.834677 0.588346
10 0.523593 0.146888 0.527215 0.146888 0.527215 0.149209 0.523593 0.149209
10 0.384773 0.819771 0.388467 0.819771 0.388467 0.822363 0.384773 0.822363
10 0.422717 0.768068 0.426939 0.768068 0.426939 0.770583 0.422717 0.770583
10 0.403653 0.750992 0.408175 0.750992 0.408175 0.753828 0.403653 0.753828
10 0.388632 0.744737 0.392467 0.744737 0.392467 0.747299 0.388632 0.747299
10 0.423871 0.467387 0.428131 0.467387 0.428131 0.470217 0.423871 0.470217
2 0.307309 0.441803 0.314229 0.441803 0.314229 0.447768 0.307309 0.447768
3 0.918325 0.079541 0.923585 0.079541 0.923585 0.086224 0.918325 0.086224
3 0.136288 0.154243 0.141521 0.154243 0.141521 0.159592 0.136288 0.159592
1 0.114948 0.883853 0.120274 0.883853 0.120274 0.889639 0.114948 0.889639
1 0.126677 0.954201 0.134666 0.954201 0.134666 0.957646 0.126677 0.957646
1 0.148109 0.958810 0.152851 0.958810 0.152851 0.964744 0.148109 0.964744
1 0.202453 0.968323 0.209814 0.968323 0.209814 0.973152 0.202453 0.973152
1 0.201478 0.931117 0.207703 0.931117 0.207703 0.937381 0.201478 0.937381
1 0.181986 0.946839 0.189248 0.946839 0.189248 0.948945 0.181986 0.948945
1 0.225994 0.905587 0.232382 0.905587 0.232382 0.909095 0.225994 0.909095
1 0.243742 0.927058 0.250129 0.927058 0.250129 0.932857 0.243742 0.932857
1 0.269536 0.969104 0.274407 0.969104 0.274407 0.975477 0.269536 0.975477
1 0.095205 0.856361 0.101505 0.856361 0.101505 0.861460 0.095205 0.861460
1 0.372841 0.917936 0.380234 0.917936 0.380234 0.921593 0.372841 0.921593
1 0.378127 0.875477 0.385344 0.875477 0.385344 0.879401 0.378127 0.879401
1 0.417608 0.965326 0.423940 0.965326 0.423940 0.970380 0.417608 0.970380
1 0.475118 0.933839 0.482109 0.933839 0.482109 0.937905 0.475118 0.937905
1 0.493384 0.958432 0.500690 0.958432 0.500690 0.963217 0.493384 0.963217
1 0.483280 0.967619 0.490000 0.967619 0.490000 0.972165 0.483280 0.972165
1 0.239391 0.437479 0.242679 0.437479 0.242679 0.444738 0.239391 0.444738
1 0.182485 0.443025 0.189588 0.443025 0.189588 0.446907 0.182485 0.446907
1 0.557999 0.440508 0.560370 0.440508 0.560370 0.448724 0.557999 0.448724
1 0.610716 0.467205 0.617766 0.467205 0.617766 0.471960 0.610716 0.471960
2 0.561628 0.484952 0.568446 0.484952 0.568446 0.490070 0.561628 0.490070
1 0.737560 0.279354 0.742638 0.279354 0.742638 0.285365 0.737560 0.285365
1 0.755349 0.302346 0.763034 0.302346 0.763034 0.304756 0.755349 0.304756
1 0.828345 0.254357 0.835814 0.254357 0.835814 0.256748 0.828345 0.256748
1 0.426624 0.062988 0.433603 0.062988 0.433603 0.065692 0.426624 0.065692
1 0.422595 0.242820 0.426930 0.242820 0.426930 0.249981 0.422595 0.249981
3 0.052308 0.358568 0.058126 0.358568 0.058126 0.363954 0.052308 0.363954
3 0.072242 0.313005 0.077132 0.313005 0.077132 0.318201 0.072242 0.318201
3 0.192006 0.216191 0.197690 0.216191 0.197690 0.221397 0.192006 0.221397
3 0.419185 0.913007 0.424913 0.913007 0.424913 0.918309 0.419185 0.918309
1 0.648231 0.214246 0.653697 0.214246 0.653697 0.220219 0.648231 0.220219
1 0.675153 0.193047 0.682008 0.193047 0.682008 0.196636 0.675153 0.196636
1 0.688819 0.179219 0.695583 0.179219 0.695583 0.183382 0.688819 0.183382
1 0.695042 0.219316 0.701312 0.219316 0.701312 0.224052 0.695042 0.224052
1 0.731262 0.226382 0.738629 0.226382 0.738629 0.228456 0.731262 0.228456
