4 0.430775 0.274932 0.426726 0.274931 0.426727 0.271708 0.430776 0.271709
4 0.732088 0.196232 0.736634 0.196232 0.736634 0.202596 0.732088 0.202596
2 0.675302 0.392947 0.681534 0.392947 0.681534 0.398456 0.675302 0.398456
2 0.277897 0.796439 0.284874 0.796439 0.284874 0.802421 0.277897 0.802421
2 0.711060 0.659158 0.718912 0.659158 0.718912 0.664807 0.711060 0.664807
2 0.736634 0.665632 0.743329 0.665632 0.743329 0.671491 0.736634 0.671491
4 0.131774 0.420860 0.136948 0.420860 0.136948 0.427491 0.131774 0.427491
4 0.031741 0.550702 0.036039 0.550702 0.036039 0.557035 0.031741 0.557035
4 0.085518 0.599842 0.090478 0.599842 0.090478 0.606368 0.085518 0.606368
4 0.204483 0.580270 0.208067 0.580270 0.208067 0.585737 0.204483 0.585737
4 0.190775 0.451916 0.195570 0.451916 0.195570 0.457600 0.190775 0.457600
4 0.284989 0.747632 0.292114 0.747632 0.292114 0.754491 0.284989 0.754491
4 0.300413 0.786982 0.305356 0.786982 0.305356 0.792825 0.300413 0.792825
2 0.862357 0.854193 0.869499 0.854193 0.869499 0.860018 0.862357 0.860018
2 0.876856 0.848333 0.885105 0.848333 0.885105 0.854018 0.876856 0.854018
4 0.681980 0.403526 0.686411 0.403526 0.686411 0.409772 0.681980 0.409772
4 0.538122 0.188018 0.542718 0.188018 0.542718 0.194632 0.538122 0.194632
4 0.341924 0.635105 0.345991 0.635105 0.345991 0.640895 0.341924 0.640895
4 0.828798 0.479877 0.833973 0.479877 0.833973 0.486007 0.828798 0.486007
2 0.233675 0.381351 0.240651 0.381351 0.240651 0.386860 0.233675 0.386860
2 0.181647 0.395772 0.188276 0.395772 0.188276 0.401340 0.181647 0.401340
4 0.099967 0.449158 0.103769 0.449158 0.103769 0.455474 0.099967 0.455474
4 0.058010 0.575474 0.061977 0.575474 0.061977 0.581825 0.058010 0.581825
2 0.029426 0.521456 0.034650 0.521456 0.034650 0.526088 0.029426 0.526088
2 0.060341 0.513491 0.067623 0.513491 0.067623 0.519605 0.060341 0.519605
2 0.075155 0.515105 0.082708 0.515105 0.082708 0.520719 0.075155 0.520719
4 0.210810 0.409314 0.214383 0.409314 0.214383 0.415772 0.210810 0.415772
4 0.251080 0.338144 0.254968 0.338144 0.254968 0.344526 0.251080 0.344526
4 0.068706 0.399137 0.073268 0.399137 0.073268 0.405860 0.068706 0.405860
4 0.614416 0.257439 0.617904 0.257439 0.617904 0.262921 0.614416 0.262921
4 0.245379 0.670509 0.248835 0.670509 0.248835 0.676211 0.245379 0.676211
4 0.228385 0.710639 0.231876 0.710639 0.231876 0.716088 0.228385 0.716088
4 0.265416 0.780070 0.269441 0.780070 0.269441 0.786432 0.265416 0.786432
4 0.311258 0.557439 0.314877 0.557439 0.314877 0.563419 0.311258 0.563419
4 0.611347 0.522319 0.615077 0.522319 0.615077 0.528228 0.611347 0.528228
4 0.460489 0.569895 0.464202 0.569895 0.464202 0.575965 0.460489 0.575965
2 0.492605 0.425675 0.500496 0.425675 0.500496 0.431544 0.492605 0.431544
4 0.028266 0.000432 0.031691 0.000432 0.031691 0.006070 0.028266 0.006070
4 0.629735 0.134346 0.632667 0.134346 0.632667 0.139667 0.629735 0.139667
4 0.929595 0.314026 0.932518 0.314026 0.932518 0.319226 0.929595 0.319226
4 0.495310 0.020047 0.498463 0.020047 0.498463 0.025105 0.495310 0.025105
4 0.718229 0.032316 0.721557 0.032316 0.721557 0.037351 0.718229 0.037351
4 0.854697 0.025067 0.858373 0.025067 0.858373 0.030000 0.854697 0.030000
2 0.091499 0.220305 0.099615 0.220305 0.099615 0.226956 0.091499 0.226956
2 0.982670 0.153935 0.989650 0.153935 0.989650 0.160423 0.982670 0.160423
2 0.936188 0.193640 0.943267 0.193640 0.943267 0.199191 0.936188 0.199191
2 0.372159 0.237988 0.378631 0.237988 0.378631 0.243281 0.372159 0.243281
4 0.152967 0.051316 0.157051 0.051316 0.157051 0.057263 0.152967 0.057263
4 0.377304 0.101693 0.381038 0.101693 0.381038 0.106719 0.377304 0.106719
4 0.418699 0.105732 0.422103 0.105732 0.422103 0.111000 0.418699 0.111000
2 0.040309 0.022019 0.047611 0.022019 0.047611 0.027298 0.040309 0.027298
4 0.338608 0.194691 0.342271 0.194691 0.342271 0.200561 0.338608 0.200561
4 0.492346 0.163818 0.495447 0.163818 0.495447 0.169772 0.492346 0.169772
2 0.026878 0.046814 0.034015 0.046849 0.033986 0.053379 0.026850 0.053344
2 0.668905 0.746878 0.663287 0.746841 0.663315 0.742122 0.668933 0.742159
2 0.955267 0.444009 0.949396 0.443976 0.949421 0.438896 0.955293 0.438929
2 0.631889 0.530274 0.631871 0.524085 0.638639 0.524063 0.638657 0.530252
2 0.904305 0.239758 0.897143 0.239719 0.897173 0.233481 0.904335 0.233520
2 0.210039 0.449342 0.215873 0.449535 0.215716 0.454892 0.209881 0.454699
2 0.830014 0.330110 0.823276 0.330072 0.823310 0.323265 0.830048 0.323303
4 0.348193 0.697781 0.355627 0.697816 0.355598 0.704689 0.348164 0.704654
4 0.843461 0.604323 0.839580 0.604312 0.839594 0.598603 0.843475 0.598614
1 0.903780 0.487825 0.905853 0.490498 0.902358 0.493550 0.900285 0.490877
4 0.671694 0.173431 0.671740 0.178789 0.667860 0.178827 0.667814 0.173469
1 0.925118 0.573377 0.926438 0.576659 0.922096 0.578626 0.920776 0.575344
4 0.085853 0.490280 0.085836 0.484461 0.090402 0.484446 0.090419 0.490265
4 0.720510 0.595146 0.724940 0.595212 0.724860 0.601254 0.720430 0.601188
4 0.008252 0.688921 0.013438 0.689013 0.013330 0.695854 0.008144 0.695762
1 0.497937 0.367780 0.495699 0.364167 0.501456 0.360150 0.503695 0.363763
4 0.365418 0.448255 0.365539 0.453360 0.362049 0.453454 0.361928 0.448348
1 0.505934 0.145200 0.503719 0.142220 0.508569 0.138160 0.510784 0.141139
2 0.199215 0.465122 0.191625 0.465092 0.191645 0.459704 0.199234 0.459735
4 0.956186 0.051665 0.962390 0.051742 0.962317 0.058321 0.956114 0.058243
1 0.049787 0.693715 0.051424 0.696320 0.047328 0.699219 0.045691 0.696613
1 0.170622 0.501854 0.175981 0.498596 0.177621 0.501634 0.172262 0.504892
1 0.154528 0.459358 0.151945 0.455633 0.156539 0.452046 0.159121 0.455770
1 0.165465 0.105807 0.163610 0.102471 0.168193 0.099601 0.170048 0.102937
1 0.223747 0.509261 0.218165 0.506499 0.219781 0.502821 0.225363 0.505584
1 0.583553 0.385548 0.582088 0.382086 0.586827 0.379826 0.588293 0.383287
1 0.921082 0.419494 0.922403 0.422253 0.918048 0.424602 0.916727 0.421843
1 0.887160 0.503686 0.886199 0.500577 0.891119 0.498865 0.892080 0.501973
1 0.562953 0.131808 0.565472 0.134387 0.561453 0.138809 0.558934 0.136231
1 0.074871 0.031440 0.072654 0.034105 0.066967 0.028775 0.069185 0.026111
1 0.948612 0.229810 0.950968 0.232255 0.947346 0.236184 0.944990 0.233739
4 0.373186 0.142474 0.377517 0.142474 0.377517 0.148404 0.373186 0.148404
1 0.724030 0.411274 0.726030 0.413780 0.722103 0.417310 0.720103 0.414804
2 0.893162 0.426031 0.893034 0.421675 0.898159 0.421506 0.898287 0.425861
1 0.111814 0.483093 0.109974 0.480159 0.114364 0.477060 0.116203 0.479994
1 0.889808 0.854982 0.895340 0.853011 0.896210 0.855762 0.890678 0.857733
1 0.854462 0.369952 0.852580 0.366948 0.856680 0.364055 0.858562 0.367059
1 0.957570 0.340942 0.959292 0.344681 0.954984 0.346914 0.953263 0.343176
1 0.668104 0.775167 0.672610 0.772387 0.673796 0.774551 0.669289 0.777331
4 0.452583 0.250378 0.456184 0.250416 0.456152 0.253828 0.452551 0.253790
1 0.098508 0.054715 0.098575 0.058772 0.095059 0.058838 0.094992 0.054780
1 0.823681 0.399742 0.830090 0.394569 0.832529 0.397972 0.826119 0.403145
4 0.160088 0.553842 0.163444 0.553842 0.163444 0.559947 0.160088 0.559947
3 0.774495 0.456781 0.779822 0.456801 0.779805 0.461985 0.774478 0.461965
1 0.045732 0.682257 0.044302 0.678954 0.049011 0.676657 0.050441 0.679960
1 0.883710 0.450836 0.887538 0.446864 0.889723 0.449236 0.885896 0.453208
4 0.292267 0.448931 0.292382 0.442755 0.296262 0.442836 0.296146 0.449012
4 0.762745 0.518074 0.758989 0.518045 0.759027 0.512557 0.762783 0.512587
4 0.559321 0.470420 0.563085 0.470444 0.563052 0.476275 0.559288 0.476251
4 0.035475 0.632687 0.040241 0.632737 0.040189 0.638339 0.035423 0.638289
4 0.248076 0.758598 0.252572 0.758598 0.252572 0.764791 0.248076 0.764791
4 0.164209 0.708263 0.168937 0.708263 0.168937 0.714140 0.164209 0.714140
4 0.770640 0.021023 0.773516 0.021023 0.773516 0.026246 0.770640 0.026246
4 0.327507 0.643470 0.332169 0.643470 0.332169 0.649365 0.327507 0.649365
4 0.057672 0.022856 0.062440 0.022856 0.062440 0.029930 0.057672 0.029930
4 0.145968 0.433754 0.150322 0.433754 0.150322 0.440684 0.145968 0.440684
4 0.539135 0.116602 0.543611 0.116602 0.543611 0.122193 0.539135 0.122193
4 0.445431 0.168404 0.450174 0.168404 0.450174 0.173754 0.445431 0.173754
11 0.858687 0.216795 0.864759 0.216795 0.864759 0.221319 0.858687 0.221319
11 0.854931 0.227558 0.859626 0.227558 0.859626 0.236002 0.854931 0.236002
2 0.041190 0.241804 0.048140 0.241804 0.048140 0.247786 0.041190 0.247786
2 0.352521 0.456796 0.357404 0.456867 0.357349 0.461113 0.352466 0.461041
11 0.737656 0.246538 0.737634 0.253509 0.724472 0.253462 0.724494 0.246491
1 0.108316 0.479927 0.106001 0.476858 0.110780 0.472798 0.113095 0.475867
1 0.889604 0.454614 0.888307 0.458135 0.882981 0.455925 0.884279 0.452404
2 0.051711 0.062714 0.059393 0.062714 0.059393 0.069260 0.051711 0.069260
2 0.065870 0.082909 0.073936 0.082909 0.073936 0.089632 0.065870 0.089632
2 0.048725 0.100714 0.056082 0.100714 0.056082 0.106742 0.048725 0.106742
2 0.096360 0.516067 0.103172 0.516067 0.103172 0.521570 0.096360 0.521570
4 0.388339 0.359947 0.391496 0.359947 0.391496 0.365291 0.388339 0.365291
2 0.338724 0.535696 0.346304 0.535696 0.346304 0.542070 0.338724 0.542070
4 0.345809 0.527772 0.350008 0.527772 0.350008 0.532667 0.345809 0.532667
4 0.310944 0.521491 0.315540 0.521491 0.315540 0.528070 0.310944 0.528070
4 0.326633 0.125667 0.331228 0.125667 0.331228 0.131684 0.326633 0.131684
