1 0.761372 0.289300 0.765992 0.284006 0.767081 0.285077 0.762461 0.290371
1 0.683664 0.270596 0.678774 0.276180 0.677608 0.275030 0.682498 0.269446
1 0.721767 0.248938 0.715264 0.252171 0.714570 0.250598 0.721073 0.247365
1 0.687309 0.232530 0.681566 0.237107 0.680584 0.235718 0.686326 0.231142
1 0.656703 0.350062 0.650333 0.353581 0.649578 0.352041 0.655948 0.348522
1 0.647607 0.349893 0.653826 0.346082 0.654644 0.347586 0.648425 0.351397
1 0.643320 0.351305 0.637787 0.356163 0.636744 0.354825 0.642277 0.349967
1 0.612568 0.340373 0.615857 0.332493 0.618558 0.333763 0.615269 0.341643
1 0.588361 0.331861 0.591008 0.323885 0.593652 0.324874 0.591005 0.332849
1 0.582060 0.318535 0.577162 0.324109 0.576044 0.323002 0.580942 0.317428
1 0.561554 0.312529 0.555003 0.315653 0.554331 0.314066 0.560881 0.310942
1 0.546354 0.305698 0.543594 0.312734 0.542232 0.312132 0.544992 0.305095
1 0.534216 0.316279 0.531091 0.323141 0.529618 0.322385 0.532743 0.315523
1 0.394274 0.526110 0.390629 0.532677 0.389219 0.531795 0.392864 0.525228
1 0.058286 0.367679 0.065966 0.367693 0.065961 0.370636 0.058281 0.370621
1 0.058658 0.352736 0.065972 0.351687 0.066379 0.354882 0.059065 0.355931
1 0.095951 0.323471 0.103243 0.322245 0.103567 0.324417 0.096275 0.325643
1 0.099836 0.313826 0.093113 0.317063 0.092526 0.315689 0.099249 0.312452
1 0.099744 0.308009 0.094450 0.313473 0.093456 0.312387 0.098749 0.306924
1 0.096580 0.300649 0.090517 0.305121 0.089705 0.303881 0.095768 0.299409
1 0.063568 0.312508 0.058560 0.318267 0.057513 0.317241 0.062521 0.311482
1 0.066452 0.294343 0.060794 0.297271 0.060170 0.295914 0.065829 0.292985
1 0.067376 0.272454 0.061654 0.277407 0.060755 0.276236 0.066477 0.271283
1 0.062472 0.249341 0.055700 0.252466 0.055131 0.251078 0.061903 0.247953
1 0.060942 0.236305 0.053659 0.237585 0.053426 0.236094 0.060709 0.234814
1 0.052747 0.228296 0.046591 0.232620 0.045807 0.231363 0.051963 0.227038
1 0.033443 0.221010 0.039744 0.216927 0.040484 0.218215 0.034183 0.222297
1 0.028267 0.214727 0.034756 0.210987 0.035435 0.212314 0.028946 0.216054
1 0.642813 0.133748 0.642391 0.136220 0.637857 0.135347 0.638280 0.132875
1 0.389633 0.156624 0.393208 0.150738 0.395172 0.152082 0.391597 0.157967
1 0.120936 0.023822 0.114199 0.026467 0.113670 0.024950 0.120407 0.022305
1 0.928210 0.072168 0.934724 0.068960 0.935269 0.070206 0.928755 0.073415
1 0.834214 0.195462 0.827542 0.198824 0.826930 0.197454 0.833601 0.194093
1 0.780585 0.343542 0.774106 0.346925 0.773458 0.345526 0.779936 0.342143
1 0.378408 0.515826 0.384834 0.513316 0.385448 0.515088 0.379022 0.517597
1 0.190622 0.030869 0.197740 0.028461 0.198211 0.030029 0.191093 0.032437
1 0.411951 0.122696 0.416445 0.116480 0.417576 0.117400 0.413082 0.123616
1 0.218624 0.113567 0.211594 0.116268 0.211097 0.114813 0.218127 0.112112
1 0.939118 0.080060 0.945808 0.077291 0.946324 0.078694 0.939633 0.081463
1 0.865380 0.036841 0.870657 0.031672 0.871767 0.032948 0.866490 0.038117
1 0.830386 0.039704 0.834974 0.033841 0.836233 0.034950 0.831645 0.040814
1 0.820378 0.041191 0.825891 0.035561 0.827159 0.036959 0.821646 0.042589
1 0.804021 0.037216 0.810071 0.033110 0.810953 0.034573 0.804903 0.038679
1 0.811864 0.054891 0.813951 0.047598 0.815517 0.048103 0.813429 0.055395
1 0.809367 0.065171 0.804865 0.071114 0.803587 0.070023 0.808089 0.064081
1 0.792745 0.086330 0.787468 0.091499 0.786358 0.090223 0.791636 0.085054
1 0.808053 0.095133 0.802774 0.100303 0.801663 0.099025 0.806942 0.093855
1 0.790254 0.025893 0.785524 0.031627 0.784293 0.030483 0.789023 0.024749
1 0.774214 0.030242 0.770678 0.036876 0.769254 0.036021 0.772790 0.029387
1 0.815197 0.118553 0.809410 0.123065 0.808441 0.121666 0.814229 0.117154
1 0.818095 0.122258 0.812227 0.126651 0.811284 0.125232 0.817152 0.120839
1 0.819518 0.127309 0.815318 0.133491 0.813991 0.132476 0.818191 0.126294
1 0.809850 0.134973 0.804770 0.140366 0.803613 0.139138 0.808693 0.133745
1 0.828889 0.148349 0.822062 0.151758 0.821366 0.150187 0.828192 0.146778
1 0.787023 0.160566 0.781506 0.165445 0.780457 0.164108 0.785974 0.159229
1 0.782094 0.171902 0.787484 0.165894 0.789659 0.168092 0.784270 0.174100
1 0.851809 0.202311 0.845876 0.206606 0.844954 0.205171 0.850887 0.200876
1 0.805081 0.220512 0.799084 0.226045 0.798010 0.224735 0.804007 0.219202
1 0.858950 0.243983 0.853664 0.249142 0.852556 0.247863 0.857842 0.242704
1 0.852330 0.260907 0.858155 0.256450 0.859112 0.257858 0.853287 0.262316
1 0.858048 0.273690 0.852769 0.278860 0.851525 0.277430 0.856804 0.272260
1 0.706235 0.288032 0.710803 0.282151 0.712005 0.283203 0.707437 0.289084
1 0.402624 0.526794 0.398692 0.533172 0.397323 0.532221 0.401255 0.525843
1 0.365093 0.491775 0.358937 0.495701 0.358094 0.494212 0.364250 0.490287
1 0.358770 0.476855 0.352761 0.481029 0.351929 0.479680 0.357938 0.475506
1 0.354899 0.469333 0.348116 0.470956 0.347822 0.469572 0.354605 0.467949
1 0.338586 0.436803 0.331439 0.437546 0.331292 0.435953 0.338439 0.435210
1 0.326119 0.429194 0.319837 0.434612 0.318747 0.433188 0.325029 0.427770
1 0.298721 0.397432 0.291599 0.398401 0.291391 0.396679 0.298513 0.395710
1 0.286437 0.388507 0.280555 0.392878 0.279616 0.391456 0.285499 0.387084
1 0.259646 0.375344 0.254786 0.380954 0.253581 0.379779 0.258442 0.374168
1 0.257680 0.365434 0.253036 0.371246 0.251788 0.370123 0.256433 0.364310
1 0.249542 0.366267 0.244049 0.371177 0.242995 0.369848 0.248489 0.364939
1 0.228547 0.333670 0.224808 0.341393 0.223457 0.340656 0.227196 0.332933
1 0.225409 0.336347 0.221258 0.342571 0.220079 0.341686 0.224230 0.335462
1 0.203814 0.321150 0.196306 0.324715 0.195053 0.321743 0.202561 0.318178
1 0.213430 0.301516 0.208204 0.306743 0.207082 0.305479 0.212308 0.300252
1 0.260516 0.298251 0.255510 0.303715 0.254337 0.302504 0.259343 0.297040
1 0.265191 0.292195 0.259913 0.297364 0.258804 0.296087 0.264081 0.290919
1 0.259306 0.297106 0.253037 0.300824 0.251788 0.298451 0.258057 0.294733
1 0.253668 0.291669 0.247474 0.295525 0.246645 0.294024 0.252839 0.290168
1 0.208429 0.240101 0.205225 0.246922 0.203760 0.246147 0.206964 0.239326
1 0.186407 0.252483 0.193037 0.249555 0.193622 0.251046 0.186992 0.253975
1 0.190892 0.248870 0.186004 0.254454 0.184865 0.253331 0.189753 0.247747
1 0.162979 0.290446 0.169645 0.287616 0.170211 0.289118 0.163545 0.291948
1 0.161566 0.282980 0.168132 0.279892 0.168734 0.281335 0.162169 0.284423
1 0.154109 0.286812 0.161204 0.285606 0.161445 0.287205 0.154350 0.288411
1 0.148749 0.279286 0.154594 0.274861 0.155478 0.276176 0.149633 0.280601
1 0.152145 0.269880 0.146705 0.274862 0.145711 0.273639 0.151150 0.268657
1 0.149871 0.258266 0.143689 0.262146 0.142913 0.260752 0.149094 0.256872
1 0.145476 0.253586 0.139311 0.257502 0.138529 0.256114 0.144694 0.252198
1 0.138920 0.248022 0.146083 0.247504 0.146186 0.249116 0.139023 0.249634
1 0.139909 0.231267 0.134664 0.236477 0.133623 0.235296 0.138867 0.230086
1 0.137314 0.213772 0.132941 0.219820 0.131732 0.218835 0.136105 0.212787
1 0.139040 0.210457 0.131367 0.212367 0.130752 0.209585 0.138425 0.207674
1 0.133230 0.205369 0.127221 0.209542 0.126386 0.208187 0.132395 0.204014
1 0.106516 0.185810 0.113599 0.184552 0.113850 0.186145 0.106767 0.187404
1 0.110935 0.181745 0.104253 0.184538 0.103694 0.183031 0.110376 0.180238
1 0.097887 0.174807 0.104555 0.171977 0.105054 0.173302 0.098386 0.176132
1 0.096342 0.163313 0.089764 0.166377 0.089152 0.164896 0.095729 0.161832
1 0.087124 0.156827 0.082341 0.162506 0.081206 0.161429 0.085989 0.155750
1 0.076990 0.153251 0.071902 0.158633 0.070826 0.157487 0.075914 0.152105
1 0.066793 0.143584 0.061904 0.149168 0.060787 0.148065 0.065675 0.142482
1 0.054683 0.133032 0.050802 0.139448 0.049520 0.138574 0.053400 0.132159
1 0.062415 0.121379 0.058652 0.127870 0.057354 0.127023 0.061117 0.120531
1 0.065663 0.104114 0.060530 0.109448 0.059464 0.108292 0.064597 0.102959
1 0.078323 0.097046 0.071586 0.099690 0.071058 0.098173 0.077795 0.095529
1 0.065178 0.046783 0.059112 0.050869 0.058293 0.049500 0.064360 0.045414
1 0.053988 0.038632 0.047878 0.042637 0.047076 0.041259 0.053186 0.037254
1 0.081331 0.031160 0.074645 0.033941 0.074088 0.032434 0.080774 0.029652
1 0.099241 0.031294 0.092415 0.033662 0.091941 0.032122 0.098767 0.029755
1 0.119333 0.032854 0.112179 0.033531 0.112043 0.031920 0.119198 0.031243
1 0.212860 0.034340 0.219530 0.031510 0.220096 0.033012 0.213426 0.035842
1 0.226608 0.035005 0.220279 0.038607 0.219414 0.036894 0.225742 0.033292
1 0.235461 0.030386 0.229117 0.033952 0.228403 0.032523 0.234748 0.028957
1 0.282522 0.050684 0.287195 0.044897 0.288351 0.045948 0.283678 0.051736
1 0.289457 0.035730 0.283300 0.039656 0.282513 0.038266 0.288670 0.034340
1 0.265615 0.082050 0.258661 0.087009 0.257164 0.084645 0.264119 0.079686
1 0.264085 0.099241 0.260825 0.106032 0.259465 0.105297 0.262725 0.098506
1 0.244769 0.090203 0.239854 0.095760 0.238741 0.094651 0.243657 0.089095
1 0.224892 0.084900 0.231479 0.081859 0.232087 0.083343 0.225500 0.086383
1 0.197901 0.080848 0.204735 0.078506 0.205204 0.080047 0.198370 0.082389
1 0.194354 0.079410 0.188701 0.084114 0.187761 0.082842 0.193413 0.078137
1 0.206607 0.091585 0.200826 0.096110 0.199921 0.094808 0.205703 0.090283
1 0.207734 0.106065 0.214713 0.104260 0.215074 0.105832 0.208095 0.107637
1 0.230433 0.099238 0.237389 0.097343 0.237769 0.098914 0.230813 0.100809
1 0.237873 0.100773 0.230995 0.102964 0.230556 0.101412 0.237435 0.099222
1 0.245067 0.101373 0.238753 0.105011 0.238027 0.103591 0.244341 0.099953
1 0.250154 0.104788 0.244775 0.109838 0.243764 0.108625 0.249143 0.103575
1 0.243695 0.105859 0.249244 0.101021 0.250212 0.102272 0.244663 0.107110
1 0.240669 0.103470 0.246515 0.102060 0.246863 0.103685 0.241017 0.105095
1 0.358851 0.154096 0.362937 0.147568 0.364122 0.148403 0.360036 0.154931
1 0.339069 0.209423 0.341363 0.201974 0.342717 0.202444 0.340423 0.209893
1 0.342594 0.225650 0.346094 0.218752 0.347345 0.219467 0.343845 0.226365
1 0.298679 0.287291 0.292887 0.292146 0.292005 0.290961 0.297797 0.286106
1 0.450189 0.068369 0.455222 0.062971 0.456500 0.064313 0.451467 0.069711
1 0.212851 0.165576 0.208018 0.171498 0.206944 0.170511 0.211777 0.164589
1 0.205232 0.176293 0.199305 0.180964 0.198458 0.179753 0.204385 0.175082
1 0.208329 0.185727 0.201891 0.189561 0.201194 0.188243 0.207632 0.184408
1 0.175189 0.121813 0.182396 0.120118 0.182704 0.121594 0.175497 0.123289
1 0.464266 0.043478 0.468761 0.037263 0.469888 0.038181 0.465394 0.044396
1 0.489505 0.044635 0.483883 0.049712 0.482960 0.048561 0.488582 0.043483
1 0.492449 0.028068 0.486777 0.033085 0.485868 0.031928 0.491541 0.026911
1 0.491335 0.054703 0.485737 0.059813 0.484809 0.058668 0.490407 0.053558
1 0.523077 0.069966 0.516493 0.073510 0.515851 0.072165 0.522434 0.068621
1 0.541544 0.077211 0.539166 0.084627 0.537819 0.084140 0.540197 0.076725
1 0.540292 0.025356 0.535768 0.031546 0.534645 0.030622 0.539169 0.024431
1 0.616953 0.076835 0.610833 0.081216 0.610038 0.079966 0.616158 0.075585
1 0.304930 0.316374 0.300758 0.322841 0.299584 0.321987 0.303756 0.315521
1 0.956465 0.109113 0.949325 0.111102 0.948964 0.109643 0.956105 0.107654
1 0.351750 0.550237 0.345989 0.555136 0.345100 0.553959 0.350862 0.549060
1 0.346383 0.543952 0.341909 0.550184 0.340779 0.549270 0.345253 0.543038
1 0.321273 0.528348 0.317471 0.535065 0.316251 0.534287 0.320054 0.527570
1 0.311602 0.526582 0.305287 0.530641 0.304551 0.529351 0.310866 0.525292
1 0.195339 0.531929 0.188414 0.534648 0.187919 0.533230 0.194844 0.530511
1 0.193568 0.540176 0.188610 0.545980 0.187557 0.544968 0.192516 0.539163
1 0.176069 0.523268 0.169669 0.527173 0.168959 0.525862 0.175359 0.521957
1 0.186153 0.514783 0.178980 0.516625 0.178645 0.515157 0.185819 0.513315
1 0.171856 0.472856 0.165122 0.476068 0.164540 0.474692 0.171273 0.471480
1 0.135438 0.432624 0.128056 0.432706 0.128039 0.430990 0.135421 0.430908
1 0.080867 0.487087 0.085473 0.480963 0.086585 0.481905 0.081978 0.488029
1 0.068344 0.493564 0.065305 0.500706 0.064005 0.500083 0.067044 0.492941
1 0.051762 0.503343 0.044631 0.505371 0.044263 0.503914 0.051394 0.501886
1 0.051712 0.434490 0.044677 0.436873 0.044244 0.435433 0.051279 0.433050
1 0.039345 0.435140 0.033893 0.440423 0.032935 0.439309 0.038387 0.434026
1 0.036006 0.431839 0.028931 0.434078 0.028524 0.432629 0.035598 0.430390
