6 0.375139 0.341789 0.386355 0.341789 0.386355 0.349591 0.375139 0.349591
4 0.937752 0.681353 0.943367 0.681353 0.943367 0.687440 0.937752 0.687440
4 0.977606 0.892806 0.985776 0.892806 0.985776 0.902073 0.977606 0.902073
4 0.802328 0.920842 0.812124 0.920842 0.812124 0.929374 0.802328 0.929374
4 0.900982 0.626240 0.908054 0.626240 0.908054 0.633441 0.900982 0.633441
4 0.836107 0.643921 0.845330 0.643921 0.845330 0.651293 0.836107 0.651293
4 0.009000 0.914641 0.018720 0.914641 0.018720 0.924059 0.009000 0.924059
4 0.363087 0.604618 0.378322 0.604618 0.378322 0.621899 0.363087 0.621899
4 0.814142 0.889086 0.822266 0.889086 0.822266 0.896038 0.814142 0.896038
4 0.812638 0.937981 0.820628 0.937981 0.820628 0.945620 0.812638 0.945620
4 0.821642 0.945045 0.830843 0.945045 0.830843 0.953182 0.821642 0.953182
4 0.837397 0.947664 0.845896 0.947664 0.845896 0.955726 0.837397 0.955726
4 0.903886 0.710288 0.912109 0.710288 0.912109 0.717632 0.903886 0.717632
4 0.957806 0.706773 0.965432 0.706773 0.965432 0.715229 0.957806 0.715229
6 0.550474 0.400448 0.562977 0.400448 0.562977 0.408814 0.550474 0.408814
4 0.923305 0.743621 0.934590 0.743621 0.934590 0.753513 0.923305 0.753513
4 0.186467 0.631749 0.197496 0.631749 0.197496 0.641969 0.186467 0.641969
4 0.235432 0.573633 0.245198 0.573633 0.245198 0.583100 0.235432 0.583100
6 0.242881 0.556990 0.256516 0.556990 0.256516 0.566633 0.242881 0.566633
4 0.065879 0.724210 0.074504 0.724210 0.074504 0.732049 0.065879 0.732049
6 0.497074 0.377233 0.509891 0.377233 0.509891 0.386564 0.497074 0.386564
4 0.204762 0.815977 0.214179 0.815977 0.214179 0.826510 0.204762 0.826510
