1 0.206751 0.968677 0.213938 0.961368 0.216215 0.963868 0.209027 0.971177
1 0.853953 0.640569 0.863661 0.634234 0.866176 0.638536 0.856468 0.644872
1 0.204887 0.880436 0.193351 0.884302 0.192086 0.880088 0.203622 0.876222
3 0.931373 0.931789 0.935265 0.931800 0.935255 0.935787 0.931363 0.935776
3 0.932346 0.963002 0.928550 0.962949 0.928598 0.959093 0.932394 0.959146
3 0.927947 0.947367 0.931655 0.947438 0.931589 0.951302 0.927880 0.951231
1 0.108273 0.747617 0.111411 0.751801 0.104610 0.757498 0.101472 0.753315
3 0.911023 0.975186 0.907265 0.975119 0.907325 0.971416 0.911082 0.971483
4 0.193568 0.591115 0.193616 0.597872 0.187128 0.597924 0.187079 0.591167
1 0.150438 0.950233 0.160366 0.938938 0.163479 0.941994 0.153552 0.953288
4 0.916089 0.631179 0.916201 0.638606 0.909023 0.638727 0.908911 0.631300
4 0.017691 0.579606 0.017628 0.572557 0.024428 0.572489 0.024491 0.579538
4 0.847172 0.587924 0.854903 0.588100 0.854747 0.595739 0.847017 0.595563
4 0.230146 0.435043 0.230042 0.427277 0.237965 0.427159 0.238069 0.434924
1 0.808794 0.718986 0.817069 0.712203 0.820100 0.716331 0.811825 0.723114
4 0.590361 0.958492 0.582718 0.958443 0.582760 0.951024 0.590403 0.951073
3 0.934086 0.940941 0.930193 0.940876 0.930250 0.937022 0.934144 0.937087
4 0.260904 0.588290 0.252909 0.588019 0.253149 0.580100 0.261144 0.580371
1 0.285334 0.795933 0.293911 0.792023 0.295278 0.795372 0.286701 0.799282
1 0.232895 0.813837 0.231799 0.817078 0.224512 0.814326 0.225608 0.811085
4 0.058318 0.508362 0.051170 0.508237 0.051284 0.500955 0.058432 0.501080
3 0.937863 0.951365 0.941487 0.951377 0.941476 0.955234 0.937852 0.955223
