2 0.684387 0.186102 0.690812 0.186102 0.690812 0.190753 0.684387 0.190753
1 0.004548 0.816287 0.012465 0.816287 0.012465 0.822246 0.004548 0.822246
1 0.252635 0.346771 0.258176 0.346771 0.258176 0.350714 0.252635 0.350714
1 0.208004 0.363784 0.214006 0.363784 0.214006 0.367728 0.208004 0.367728
1 0.286032 0.354623 0.291265 0.354623 0.291265 0.358894 0.286032 0.358894
1 0.355287 0.350550 0.360519 0.350550 0.360519 0.354803 0.355287 0.354803
1 0.349605 0.317065 0.355376 0.317065 0.355376 0.319804 0.349605 0.319804
1 0.276618 0.322396 0.282389 0.322396 0.282389 0.326450 0.276618 0.326450
1 0.262982 0.273335 0.267930 0.273335 0.267930 0.277805 0.262982 0.277805
1 0.359371 0.266718 0.364701 0.266718 0.364701 0.270508 0.359371 0.270508
1 0.273053 0.471428 0.278637 0.471428 0.278637 0.474532 0.273053 0.474532
1 0.752384 0.268724 0.758686 0.268724 0.758686 0.271801 0.752384 0.271801
1 0.447988 0.274304 0.453334 0.274304 0.453334 0.278005 0.447988 0.278005
1 0.495903 0.286147 0.498396 0.286147 0.498396 0.292491 0.495903 0.292491
1 0.524839 0.262762 0.529213 0.262762 0.529213 0.267686 0.524839 0.267686
1 0.520023 0.313130 0.524938 0.313130 0.524938 0.317674 0.520023 0.317674
1 0.545948 0.312752 0.550766 0.312752 0.550766 0.316916 0.545948 0.316916
1 0.455192 0.328372 0.460100 0.328372 0.460100 0.333201 0.455192 0.333201
1 0.462674 0.304796 0.468204 0.304796 0.468204 0.310480 0.462674 0.310480
1 0.411650 0.310478 0.414322 0.310478 0.414322 0.316821 0.411650 0.316821
1 0.382259 0.293144 0.387603 0.293144 0.387603 0.296088 0.382259 0.296088
1 0.411018 0.346266 0.416460 0.346266 0.416460 0.350709 0.411018 0.350709
1 0.586916 0.339639 0.590398 0.339639 0.590398 0.344845 0.586916 0.344845
1 0.566554 0.344906 0.572910 0.344906 0.572910 0.350989 0.566554 0.350989
1 0.549546 0.352673 0.555816 0.352673 0.555816 0.357329 0.549546 0.357329
1 0.530132 0.358745 0.536186 0.358745 0.536186 0.363357 0.530132 0.363357
1 0.534255 0.367147 0.539452 0.367147 0.539452 0.372626 0.534255 0.372626
1 0.553496 0.370611 0.559080 0.370611 0.559080 0.374588 0.553496 0.374588
1 0.493567 0.365211 0.498434 0.365211 0.498434 0.369701 0.493567 0.369701
1 0.483274 0.390641 0.487675 0.390641 0.487675 0.395477 0.483274 0.395477
3 0.457479 0.377661 0.462325 0.377661 0.462325 0.383907 0.457479 0.383907
1 0.450897 0.398327 0.455330 0.398327 0.455330 0.404579 0.450897 0.404579
1 0.496195 0.414903 0.501436 0.414903 0.501436 0.418922 0.496195 0.418922
1 0.524370 0.402165 0.528623 0.402165 0.528623 0.407051 0.524370 0.407051
1 0.508123 0.434602 0.513743 0.434602 0.513743 0.439358 0.508123 0.439358
1 0.495371 0.471012 0.498533 0.471012 0.498533 0.476753 0.495371 0.476753
1 0.462895 0.490184 0.468536 0.490184 0.468536 0.495193 0.462895 0.495193
1 0.463611 0.498174 0.469368 0.498174 0.469368 0.502549 0.463611 0.502549
1 0.478528 0.496905 0.482491 0.496905 0.482491 0.501946 0.478528 0.501946
3 0.425068 0.498575 0.430738 0.498575 0.430738 0.504569 0.425068 0.504569
3 0.419442 0.534189 0.424858 0.534189 0.424858 0.540403 0.419442 0.540403
1 0.431683 0.543457 0.436794 0.543457 0.436794 0.548118 0.431683 0.548118
1 0.508124 0.509991 0.513651 0.509991 0.513651 0.513795 0.508124 0.513795
1 0.516081 0.494092 0.520892 0.494092 0.520892 0.498479 0.516081 0.498479
1 0.406435 0.457593 0.411655 0.457593 0.411655 0.461778 0.406435 0.461778
1 0.401309 0.416247 0.406104 0.416247 0.406104 0.420243 0.401309 0.420243
1 0.235264 0.500296 0.238992 0.500296 0.238992 0.505752 0.235264 0.505752
1 0.266315 0.529022 0.271087 0.529022 0.271087 0.533685 0.266315 0.533685
1 0.283654 0.566779 0.289661 0.566779 0.289661 0.569531 0.283654 0.569531
1 0.319522 0.572121 0.325360 0.572121 0.325360 0.576345 0.319522 0.576345
1 0.350193 0.563536 0.353203 0.563536 0.353203 0.569428 0.350193 0.569428
1 0.294611 0.623492 0.300639 0.623492 0.300639 0.625936 0.294611 0.625936
1 0.350972 0.624203 0.356460 0.624203 0.356460 0.627682 0.350972 0.627682
1 0.384555 0.628139 0.389267 0.628139 0.389267 0.633021 0.384555 0.633021
1 0.394367 0.644213 0.398872 0.644213 0.398872 0.648780 0.394367 0.648780
1 0.435725 0.642449 0.438562 0.642449 0.438562 0.648729 0.435725 0.648729
1 0.488510 0.653310 0.494327 0.653310 0.494327 0.657021 0.488510 0.657021
1 0.527859 0.632892 0.530973 0.632892 0.530973 0.638337 0.527859 0.638337
1 0.531617 0.603291 0.535233 0.603291 0.535233 0.608582 0.531617 0.608582
1 0.571237 0.593893 0.574031 0.593893 0.574031 0.600212 0.571237 0.600212
3 0.554306 0.588908 0.559499 0.588908 0.559499 0.595151 0.554306 0.595151
1 0.487703 0.584983 0.492445 0.584983 0.492445 0.589708 0.487703 0.589708
1 0.493903 0.571572 0.500081 0.571572 0.500081 0.574234 0.493903 0.574234
1 0.488240 0.545477 0.493012 0.545477 0.493012 0.550074 0.488240 0.550074
1 0.520064 0.549694 0.522570 0.549694 0.522570 0.556004 0.520064 0.556004
1 0.555967 0.523914 0.562202 0.523914 0.562202 0.527940 0.555967 0.527940
1 0.571265 0.483086 0.574701 0.483086 0.574701 0.489025 0.571265 0.489025
1 0.599269 0.545820 0.602669 0.545820 0.602669 0.551644 0.599269 0.551644
3 0.612508 0.558185 0.617237 0.558185 0.617237 0.564353 0.612508 0.564353
1 0.614816 0.503560 0.619812 0.503560 0.619812 0.507788 0.614816 0.507788
1 0.666769 0.580998 0.672496 0.580998 0.672496 0.584157 0.666769 0.584157
1 0.689602 0.530999 0.692111 0.530999 0.692111 0.537129 0.689602 0.537129
1 0.660398 0.527161 0.666340 0.527161 0.666340 0.530238 0.660398 0.530238
1 0.729692 0.517208 0.734131 0.517208 0.734131 0.521738 0.729692 0.521738
1 0.762607 0.467108 0.767547 0.467108 0.767547 0.471537 0.762607 0.471537
1 0.671724 0.454471 0.674588 0.454471 0.674588 0.460368 0.671724 0.460368
1 0.687945 0.417388 0.691021 0.417388 0.691021 0.423445 0.687945 0.423445
1 0.723023 0.415027 0.728666 0.415027 0.728666 0.419492 0.723023 0.419492
1 0.786720 0.378843 0.792565 0.378843 0.792565 0.382085 0.786720 0.382085
1 0.728530 0.344087 0.733748 0.344087 0.733748 0.348026 0.728530 0.348026
1 0.796807 0.323494 0.802465 0.323494 0.802465 0.326501 0.796807 0.326501
1 0.818462 0.302188 0.824189 0.302188 0.824189 0.305498 0.818462 0.305498
1 0.681938 0.334353 0.686628 0.334353 0.686628 0.339071 0.681938 0.339071
1 0.656778 0.354414 0.660785 0.354414 0.660785 0.359708 0.656778 0.359708
1 0.631395 0.379109 0.635477 0.379109 0.635477 0.385586 0.631395 0.385586
1 0.604008 0.362461 0.608460 0.362461 0.608460 0.367362 0.604008 0.367362
3 0.616914 0.371693 0.622860 0.371693 0.622860 0.377933 0.616914 0.377933
3 0.640813 0.367668 0.646165 0.367668 0.646165 0.373989 0.640813 0.373989
1 0.683348 0.257577 0.689285 0.257577 0.689285 0.263496 0.683348 0.263496
1 0.718454 0.245113 0.723130 0.245113 0.723130 0.250397 0.718454 0.250397
1 0.635329 0.231542 0.640894 0.231542 0.640894 0.236354 0.635329 0.236354
1 0.696857 0.221602 0.702274 0.221602 0.702274 0.225862 0.696857 0.225862
1 0.726247 0.197537 0.732185 0.197537 0.732185 0.202587 0.726247 0.202587
1 0.663754 0.162666 0.667614 0.162666 0.667614 0.168267 0.663754 0.168267
1 0.606903 0.164639 0.612172 0.164639 0.612172 0.169135 0.606903 0.169135
1 0.576399 0.167716 0.581520 0.167716 0.581520 0.174028 0.576399 0.174028
1 0.603786 0.182864 0.609129 0.182864 0.609129 0.186650 0.603786 0.186650
1 0.610390 0.213632 0.615809 0.213632 0.615809 0.218288 0.610390 0.218288
1 0.586863 0.210714 0.592875 0.210714 0.592875 0.215053 0.586863 0.215053
1 0.534538 0.228544 0.537879 0.228544 0.537879 0.235328 0.534538 0.235328
1 0.487336 0.229884 0.492309 0.229884 0.492309 0.234934 0.487336 0.234934
1 0.513313 0.202981 0.517914 0.202981 0.517914 0.209135 0.513313 0.209135
1 0.490897 0.208741 0.496613 0.208741 0.496613 0.213475 0.490897 0.213475
1 0.469004 0.171344 0.471675 0.171344 0.471675 0.177577 0.469004 0.177577
1 0.441765 0.136725 0.447257 0.136725 0.447257 0.140749 0.441765 0.140749
1 0.510128 0.087044 0.512964 0.087044 0.512964 0.094028 0.510128 0.094028
1 0.498861 0.110810 0.504301 0.110810 0.504301 0.114350 0.498861 0.114350
1 0.535062 0.125829 0.540046 0.125829 0.540046 0.130362 0.535062 0.130362
1 0.624313 0.123762 0.629755 0.123762 0.629755 0.127705 0.624313 0.127705
1 0.586583 0.098974 0.590481 0.098974 0.590481 0.104497 0.586583 0.104497
1 0.605880 0.089573 0.611571 0.089573 0.611571 0.094241 0.605880 0.094241
1 0.604520 0.073268 0.609962 0.073268 0.609962 0.077147 0.604520 0.077147
1 0.901601 0.755631 0.908004 0.755631 0.908004 0.760653 0.901601 0.760653
1 0.607407 0.037879 0.612689 0.037879 0.612689 0.042762 0.607407 0.042762
1 0.596025 0.018635 0.599305 0.018635 0.599305 0.024437 0.596025 0.024437
1 0.559246 0.031588 0.564793 0.031588 0.564793 0.034917 0.559246 0.034917
1 0.478436 0.058033 0.483718 0.058033 0.483718 0.062416 0.478436 0.062416
1 0.517435 0.024199 0.520183 0.024199 0.520183 0.030319 0.517435 0.030319
1 0.499924 0.023898 0.505850 0.023898 0.505850 0.026729 0.499924 0.026729
1 0.416628 0.037823 0.422040 0.037823 0.422040 0.041822 0.416628 0.041822
1 0.424462 0.071950 0.430235 0.071950 0.430235 0.074805 0.424462 0.074805
1 0.334176 0.034597 0.338561 0.034597 0.338561 0.039344 0.334176 0.039344
1 0.296802 0.009897 0.302067 0.009897 0.302067 0.015109 0.296802 0.015109
1 0.364214 0.097332 0.366662 0.097332 0.366662 0.103802 0.364214 0.103802
1 0.295190 0.096070 0.301424 0.096070 0.301424 0.099305 0.295190 0.099305
1 0.308674 0.141355 0.314044 0.141355 0.314044 0.146111 0.308674 0.146111
1 0.409361 0.119897 0.414861 0.119897 0.414861 0.124000 0.409361 0.124000
1 0.329797 0.143487 0.334630 0.143487 0.334630 0.148062 0.329797 0.148062
1 0.377818 0.156030 0.383540 0.156030 0.383540 0.158871 0.377818 0.158871
1 0.409959 0.182064 0.415368 0.182064 0.415368 0.187352 0.409959 0.187352
1 0.429073 0.188722 0.434480 0.188722 0.434480 0.192526 0.429073 0.192526
1 0.421281 0.223422 0.426972 0.223422 0.426972 0.226123 0.421281 0.226123
1 0.352895 0.242540 0.358653 0.242540 0.358653 0.246650 0.352895 0.246650
1 0.372500 0.198020 0.378011 0.198020 0.378011 0.200912 0.372500 0.200912
1 0.354102 0.212288 0.358648 0.212288 0.358648 0.216170 0.354102 0.216170
1 0.339620 0.179368 0.345049 0.179368 0.345049 0.184504 0.339620 0.184504
1 0.318143 0.167052 0.323774 0.167052 0.323774 0.170660 0.318143 0.170660
1 0.295554 0.185311 0.300795 0.185311 0.300795 0.188740 0.295554 0.188740
1 0.291642 0.205360 0.297402 0.205360 0.297402 0.208692 0.291642 0.208692
1 0.268711 0.198734 0.274294 0.198734 0.274294 0.202848 0.268711 0.202848
1 0.261060 0.225813 0.266735 0.225813 0.266735 0.229100 0.261060 0.229100
1 0.220950 0.214894 0.226610 0.214894 0.226610 0.217633 0.220950 0.217633
1 0.217784 0.183049 0.223305 0.183049 0.223305 0.186273 0.217784 0.186273
1 0.278362 0.159092 0.281792 0.159092 0.281792 0.164197 0.278362 0.164197
1 0.224008 0.139013 0.228780 0.139013 0.228780 0.143800 0.224008 0.143800
1 0.245361 0.087616 0.249745 0.087616 0.249745 0.091992 0.245361 0.091992
1 0.194138 0.012020 0.199901 0.012020 0.199901 0.014836 0.194138 0.014836
1 0.196430 0.021840 0.202407 0.021840 0.202407 0.025983 0.196430 0.025983
1 0.189737 0.031500 0.195714 0.031500 0.195714 0.034663 0.189737 0.034663
1 0.180613 0.055668 0.187020 0.055668 0.187020 0.059093 0.180613 0.059093
1 0.130952 0.012100 0.133977 0.012100 0.133977 0.017999 0.130952 0.017999
2 0.088375 0.016979 0.094380 0.016979 0.094380 0.022631 0.088375 0.022631
1 0.069685 0.090107 0.075534 0.090107 0.075534 0.092997 0.069685 0.092997
1 0.030079 0.111742 0.035559 0.111742 0.035559 0.115171 0.030079 0.115171
1 0.026069 0.165207 0.031678 0.165207 0.031678 0.167919 0.026069 0.167919
1 0.073603 0.221129 0.078531 0.221129 0.078531 0.224892 0.073603 0.224892
1 0.039957 0.228076 0.045080 0.228076 0.045080 0.231169 0.039957 0.231169
1 0.023234 0.269009 0.028678 0.269009 0.028678 0.272416 0.023234 0.272416
1 0.060973 0.257009 0.066628 0.257009 0.066628 0.260249 0.060973 0.260249
1 0.073945 0.277444 0.079783 0.277444 0.079783 0.279963 0.073945 0.279963
1 0.220329 0.261836 0.225928 0.261836 0.225928 0.265125 0.220329 0.265125
1 0.202159 0.264441 0.207785 0.264441 0.207785 0.267166 0.202159 0.267166
1 0.206774 0.282993 0.212714 0.282993 0.212714 0.287479 0.206774 0.287479
1 0.187761 0.328790 0.193165 0.328790 0.193165 0.331980 0.187761 0.331980
1 0.030199 0.306835 0.036275 0.306835 0.036275 0.309508 0.030199 0.309508
1 0.082327 0.368533 0.087772 0.368533 0.087772 0.371995 0.082327 0.371995
1 0.018874 0.444329 0.025958 0.444329 0.025958 0.450560 0.018874 0.450560
1 0.028875 0.437905 0.036560 0.437905 0.036560 0.443665 0.028875 0.443665
1 0.039765 0.432837 0.047787 0.432837 0.047787 0.438376 0.039765 0.438376
1 0.051538 0.431731 0.060109 0.431731 0.060109 0.436133 0.051538 0.436133
1 0.063117 0.436060 0.071930 0.436060 0.071930 0.440490 0.063117 0.440490
1 0.075403 0.439057 0.081610 0.439057 0.081610 0.446074 0.075403 0.446074
1 0.081568 0.448794 0.085627 0.448794 0.085627 0.457381 0.081568 0.457381
1 0.081350 0.466077 0.085279 0.466077 0.085279 0.475148 0.081350 0.475148
1 0.080482 0.479069 0.084324 0.479069 0.084324 0.488164 0.080482 0.488164
1 0.078281 0.492104 0.082462 0.492104 0.082462 0.501057 0.078281 0.501057
1 0.076056 0.505167 0.080413 0.505167 0.080413 0.514304 0.076056 0.514304
1 0.071622 0.517689 0.077426 0.517689 0.077426 0.524437 0.071622 0.524437
1 0.061805 0.526007 0.068974 0.526007 0.068974 0.531516 0.061805 0.531516
1 0.051589 0.533417 0.058646 0.533417 0.058646 0.538896 0.051589 0.538896
1 0.040805 0.539648 0.048602 0.539648 0.048602 0.544642 0.040805 0.544642
1 0.029055 0.540287 0.036936 0.540287 0.036936 0.544915 0.029055 0.544915
1 0.018867 0.531908 0.026379 0.531908 0.026379 0.540317 0.018867 0.540317
1 0.011983 0.520627 0.017245 0.520627 0.017245 0.529036 0.011983 0.529036
1 0.117553 0.485316 0.123250 0.485316 0.123250 0.488110 0.117553 0.488110
1 0.141456 0.569529 0.146947 0.569529 0.146947 0.572433 0.141456 0.572433
1 0.108340 0.618768 0.113690 0.618768 0.113690 0.622610 0.108340 0.622610
1 0.102562 0.665109 0.107910 0.665109 0.107910 0.669102 0.102562 0.669102
1 0.014089 0.657605 0.017780 0.657605 0.017780 0.663054 0.014089 0.663054
1 0.104271 0.725568 0.110179 0.725568 0.110179 0.728194 0.104271 0.728194
1 0.008133 0.736039 0.013873 0.736039 0.013873 0.738533 0.008133 0.738533
1 0.084294 0.757852 0.089748 0.757852 0.089748 0.761255 0.084294 0.761255
1 0.017135 0.834476 0.021363 0.834476 0.021363 0.843623 0.017135 0.843623
1 0.011727 0.826741 0.015659 0.826741 0.015659 0.831759 0.011727 0.831759
1 0.008284 0.806665 0.012712 0.806665 0.012712 0.815451 0.008284 0.815451
1 0.011775 0.795276 0.016890 0.795276 0.016890 0.803065 0.011775 0.803065
1 0.031247 0.795799 0.037048 0.795799 0.037048 0.798831 0.031247 0.798831
1 0.039015 0.792030 0.047374 0.792030 0.047374 0.797210 0.039015 0.797210
1 0.050716 0.795951 0.057945 0.795951 0.057945 0.801183 0.050716 0.801183
1 0.058732 0.803947 0.063993 0.803947 0.063993 0.812419 0.058732 0.812419
1 0.061584 0.816069 0.066598 0.816069 0.066598 0.825330 0.061584 0.825330
1 0.061930 0.829296 0.065959 0.829296 0.065959 0.837926 0.061930 0.837926
1 0.055241 0.841110 0.061584 0.841110 0.061584 0.847805 0.055241 0.847805
1 0.045161 0.848792 0.052733 0.848792 0.052733 0.854129 0.045161 0.854129
1 0.032722 0.852711 0.041670 0.852711 0.041670 0.857474 0.032722 0.857474
1 0.016988 0.847439 0.021363 0.847439 0.021363 0.856219 0.016988 0.856219
1 0.020529 0.853758 0.029476 0.853758 0.029476 0.857893 0.020529 0.857893
1 0.013250 0.859664 0.018414 0.859664 0.018414 0.868241 0.013250 0.868241
1 0.008283 0.871423 0.013349 0.871423 0.013349 0.879216 0.008283 0.879216
1 0.002631 0.882505 0.007155 0.882505 0.007155 0.888519 0.002631 0.888519
1 0.088635 0.876615 0.093914 0.876615 0.093914 0.880291 0.088635 0.880291
1 0.065908 0.914413 0.071521 0.914413 0.071521 0.918250 0.065908 0.918250
1 0.026368 0.919207 0.031940 0.919207 0.031940 0.922648 0.026368 0.922648
1 0.042032 0.926723 0.045335 0.926723 0.045335 0.932953 0.042032 0.932953
1 0.095142 0.944056 0.099333 0.944056 0.099333 0.948845 0.095142 0.948845
1 0.173847 0.924147 0.178826 0.924147 0.178826 0.928502 0.173847 0.928502
1 0.189313 0.962783 0.194978 0.962783 0.194978 0.965794 0.189313 0.965794
1 0.232537 0.939797 0.237362 0.939797 0.237362 0.943753 0.232537 0.943753
1 0.292859 0.976412 0.297459 0.976412 0.297459 0.980772 0.292859 0.980772
1 0.301615 0.933525 0.307235 0.933525 0.307235 0.936902 0.301615 0.936902
1 0.320728 0.861535 0.324212 0.861535 0.324212 0.867451 0.320728 0.867451
1 0.335758 0.880634 0.341591 0.880634 0.341591 0.884625 0.335758 0.884625
1 0.411630 0.874220 0.414561 0.874220 0.414561 0.880481 0.411630 0.880481
1 0.433652 0.886004 0.439462 0.886004 0.439462 0.889029 0.433652 0.889029
1 0.464899 0.914917 0.468398 0.914917 0.468398 0.920665 0.464899 0.920665
1 0.456832 0.972577 0.461885 0.972577 0.461885 0.976678 0.456832 0.976678
1 0.505650 0.963662 0.511013 0.963662 0.511013 0.967182 0.505650 0.967182
1 0.532419 0.960467 0.537509 0.960467 0.537509 0.964351 0.532419 0.964351
1 0.679554 0.977189 0.683367 0.977189 0.683367 0.982515 0.679554 0.982515
1 0.710479 0.969813 0.715123 0.969813 0.715123 0.974122 0.710479 0.974122
1 0.795635 0.946504 0.798981 0.946504 0.798981 0.952312 0.795635 0.952312
1 0.807596 0.912440 0.811097 0.912440 0.811097 0.918036 0.807596 0.918036
1 0.842635 0.902808 0.847347 0.902808 0.847347 0.907091 0.842635 0.907091
1 0.870525 0.905489 0.873632 0.905489 0.873632 0.910898 0.870525 0.910898
1 0.836496 0.962969 0.839603 0.962969 0.839603 0.968780 0.836496 0.968780
1 0.842370 0.989646 0.845579 0.989646 0.845579 0.995094 0.842370 0.995094
1 0.920805 0.988271 0.924670 0.988271 0.924670 0.993665 0.920805 0.993665
1 0.903891 0.990618 0.908337 0.990618 0.908337 0.995046 0.903891 0.995046
1 0.888991 0.939365 0.893201 0.939365 0.893201 0.944259 0.888991 0.944259
1 0.917843 0.965150 0.922733 0.965150 0.922733 0.968983 0.917843 0.968983
1 0.937138 0.948762 0.942256 0.948762 0.942256 0.952627 0.937138 0.952627
1 0.964800 0.969888 0.969791 0.969888 0.969791 0.974019 0.964800 0.974019
1 0.975273 0.948409 0.978582 0.948409 0.978582 0.952139 0.975273 0.952139
1 0.920723 0.883706 0.924507 0.883706 0.924507 0.889181 0.920723 0.889181
1 0.954611 0.858894 0.958910 0.858894 0.958910 0.864066 0.954611 0.864066
1 0.946405 0.829246 0.950081 0.829246 0.950081 0.834581 0.946405 0.834581
1 0.920884 0.792491 0.924108 0.792491 0.924108 0.798339 0.920884 0.798339
1 0.875436 0.778183 0.879988 0.778183 0.879988 0.782811 0.875436 0.782811
1 0.887614 0.773616 0.892508 0.773616 0.892508 0.777579 0.887614 0.777579
1 0.911502 0.712060 0.916260 0.712060 0.916260 0.716821 0.911502 0.716821
1 0.936364 0.698512 0.939659 0.698512 0.939659 0.704166 0.936364 0.704166
1 0.881584 0.665391 0.884145 0.665391 0.884145 0.671595 0.881584 0.671595
1 0.962911 0.620747 0.968609 0.620747 0.968609 0.623566 0.962911 0.623566
1 0.973292 0.592304 0.978031 0.592304 0.978031 0.596245 0.973292 0.596245
1 0.948082 0.586723 0.953399 0.586723 0.953399 0.592079 0.948082 0.592079
1 0.936853 0.564183 0.941648 0.564183 0.941648 0.568808 0.936853 0.568808
1 0.974607 0.543117 0.979037 0.543117 0.979037 0.547686 0.974607 0.547686
1 0.979891 0.517982 0.985699 0.517982 0.985699 0.521278 0.979891 0.521278
1 0.945202 0.510025 0.950072 0.510025 0.950072 0.514371 0.945202 0.514371
1 0.928951 0.451087 0.932514 0.451087 0.932514 0.456510 0.928951 0.456510
1 0.956858 0.452522 0.960909 0.452522 0.960909 0.457745 0.956858 0.457745
1 0.864612 0.380215 0.870242 0.380215 0.870242 0.383278 0.864612 0.383278
1 0.968189 0.386977 0.974135 0.386977 0.974135 0.390375 0.968189 0.390375
1 0.926012 0.368890 0.930158 0.368890 0.930158 0.374201 0.926012 0.374201
1 0.889486 0.317240 0.894851 0.317240 0.894851 0.322104 0.889486 0.322104
1 0.886598 0.337894 0.892488 0.337894 0.892488 0.341761 0.886598 0.341761
1 0.965361 0.322850 0.969076 0.322850 0.969076 0.328432 0.965361 0.328432
1 0.877110 0.263839 0.882728 0.263839 0.882728 0.267404 0.877110 0.267404
3 0.843455 0.248572 0.848263 0.248572 0.848263 0.254141 0.843455 0.254141
1 0.806699 0.233287 0.812735 0.233287 0.812735 0.237163 0.806699 0.237163
1 0.833629 0.216182 0.839351 0.216182 0.839351 0.218813 0.833629 0.218813
1 0.884517 0.231661 0.887757 0.231661 0.887757 0.237633 0.884517 0.237633
1 0.963501 0.256909 0.967719 0.256909 0.967719 0.261904 0.963501 0.261904
1 0.936511 0.193231 0.940836 0.193231 0.940836 0.198398 0.936511 0.198398
1 0.957090 0.195241 0.962875 0.195241 0.962875 0.199720 0.957090 0.199720
1 0.949840 0.167231 0.954117 0.167231 0.954117 0.171974 0.949840 0.171974
1 0.806443 0.129699 0.812439 0.129699 0.812439 0.132914 0.806443 0.132914
1 0.820568 0.100107 0.826600 0.100107 0.826600 0.104173 0.820568 0.104173
1 0.819185 0.087000 0.822202 0.087000 0.822202 0.093221 0.819185 0.093221
1 0.753175 0.061236 0.760563 0.061236 0.760563 0.067100 0.753175 0.067100
1 0.756992 0.052424 0.762183 0.052424 0.762183 0.055318 0.756992 0.055318
1 0.761925 0.051589 0.765684 0.051589 0.765684 0.058418 0.761925 0.058418
1 0.762048 0.036776 0.766333 0.036776 0.766333 0.045878 0.762048 0.045878
1 0.757453 0.025691 0.762962 0.025691 0.762962 0.033821 0.757453 0.033821
1 0.777668 0.034096 0.783445 0.034096 0.783445 0.036776 0.777668 0.036776
1 0.818057 0.048710 0.823631 0.048710 0.823631 0.053119 0.818057 0.053119
1 0.877578 0.125976 0.882641 0.125976 0.882641 0.130317 0.877578 0.130317
1 0.883672 0.123152 0.889317 0.123152 0.889317 0.128043 0.883672 0.128043
1 0.969340 0.131530 0.972388 0.131530 0.972388 0.137042 0.969340 0.137042
1 0.929218 0.123606 0.934663 0.123606 0.934663 0.127947 0.929218 0.127947
1 0.867772 0.063042 0.873216 0.063042 0.873216 0.066419 0.867772 0.066419
1 0.727978 0.077455 0.737192 0.077455 0.737192 0.082524 0.727978 0.082524
1 0.716473 0.079823 0.725193 0.079823 0.725193 0.084432 0.716473 0.084432
1 0.704413 0.081341 0.713010 0.081341 0.713010 0.085417 0.704413 0.085417
1 0.692162 0.080684 0.701011 0.080684 0.701011 0.085943 0.692162 0.085943
1 0.682085 0.076147 0.689075 0.076147 0.689075 0.082459 0.682085 0.082459
1 0.674168 0.066088 0.680044 0.066088 0.680044 0.073517 0.674168 0.073517
1 0.667303 0.055699 0.672561 0.055699 0.672561 0.063919 0.667303 0.063919
1 0.661614 0.044721 0.666932 0.044721 0.666932 0.053004 0.661614 0.053004
1 0.659881 0.031761 0.663840 0.031761 0.663840 0.041236 0.659881 0.041236
1 0.661242 0.019802 0.666437 0.019802 0.666437 0.028349 0.661242 0.028349
1 0.669715 0.018159 0.672870 0.018159 0.672870 0.023944 0.669715 0.023944
1 0.647723 0.053042 0.652258 0.053042 0.652258 0.058029 0.647723 0.058029
1 0.665493 0.087346 0.671680 0.087346 0.671680 0.090145 0.665493 0.090145
1 0.703392 0.094934 0.707670 0.094934 0.707670 0.100310 0.703392 0.100310
1 0.758747 0.089620 0.763954 0.089620 0.763954 0.093461 0.758747 0.093461
1 0.847754 0.162127 0.852085 0.162127 0.852085 0.166730 0.847754 0.166730
1 0.710319 0.147949 0.715824 0.147949 0.715824 0.151770 0.710319 0.151770
3 0.900897 0.539545 0.906132 0.539545 0.906132 0.545164 0.900897 0.545164
4 0.976855 0.315925 0.989643 0.315925 0.989643 0.322585 0.976855 0.322585
4 0.976419 0.422167 0.988846 0.422167 0.988846 0.429487 0.976419 0.429487
0 0.813618 0.445477 0.818019 0.445477 0.818019 0.456210 0.813618 0.456210
0 0.823652 0.448118 0.827431 0.448118 0.827431 0.458356 0.823652 0.458356
4 0.869211 0.872144 0.881520 0.872144 0.881520 0.882507 0.869211 0.882507
4 0.878041 0.952265 0.888913 0.952265 0.888913 0.963889 0.878041 0.963889
4 0.958141 0.984192 0.969580 0.984192 0.969580 0.991789 0.958141 0.991789
4 0.924456 0.923163 0.937660 0.923163 0.937660 0.933786 0.924456 0.933786
4 0.929229 0.860859 0.940420 0.860859 0.940420 0.868999 0.929229 0.868999
4 0.901625 0.783814 0.915715 0.783814 0.915715 0.791659 0.901625 0.791659
4 0.881102 0.706016 0.893359 0.706016 0.893359 0.716487 0.881102 0.716487
4 0.927357 0.672633 0.939625 0.672633 0.939625 0.681488 0.927357 0.681488
4 0.905045 0.661936 0.915406 0.661936 0.915406 0.670306 0.905045 0.670306
4 0.850270 0.652914 0.860418 0.652914 0.860418 0.661336 0.850270 0.661336
1 0.891319 0.563245 0.896712 0.563245 0.896712 0.566494 0.891319 0.566494
3 0.905903 0.533326 0.910795 0.533326 0.910795 0.538218 0.905903 0.538218
4 0.977328 0.485204 0.988332 0.485204 0.988332 0.493678 0.977328 0.493678
4 0.830512 0.529846 0.843514 0.529846 0.843514 0.537721 0.830512 0.537721
9 0.896483 0.667549 0.902244 0.667549 0.902244 0.672449 0.896483 0.672449
9 0.578897 0.400030 0.583998 0.400030 0.583998 0.404257 0.578897 0.404257
9 0.558088 0.346287 0.564322 0.346287 0.564322 0.351259 0.558088 0.351259
9 0.568004 0.395431 0.574196 0.395431 0.574196 0.400492 0.568004 0.400492
2 0.573687 0.399613 0.579302 0.399613 0.579302 0.404982 0.573687 0.404982
9 0.453094 0.568003 0.459485 0.568003 0.459485 0.573926 0.453094 0.573926
9 0.558712 0.494092 0.565105 0.494092 0.565105 0.500016 0.558712 0.500016
9 0.568292 0.460562 0.574993 0.460562 0.574993 0.466102 0.568292 0.466102
9 0.605557 0.462424 0.612154 0.462424 0.612154 0.467910 0.605557 0.467910
9 0.595352 0.483518 0.601640 0.483518 0.601640 0.488290 0.595352 0.488290
1 0.361289 0.671917 0.367183 0.671917 0.367183 0.674712 0.361289 0.674712
1 0.736127 0.743809 0.740741 0.743809 0.740741 0.748076 0.736127 0.748076
1 0.889040 0.863919 0.892174 0.863919 0.892174 0.869660 0.889040 0.869660
1 0.858674 0.527963 0.864207 0.527963 0.864207 0.531052 0.858674 0.531052
9 0.981398 0.529669 0.987090 0.529669 0.987090 0.533294 0.981398 0.533294
1 0.941660 0.485172 0.946690 0.485172 0.946690 0.490117 0.941660 0.490117
9 0.897561 0.860478 0.903567 0.860478 0.903567 0.865607 0.897561 0.865607
9 0.800415 0.596196 0.805982 0.596196 0.805982 0.601325 0.800415 0.601325
9 0.806043 0.596587 0.812414 0.596587 0.812414 0.601325 0.806043 0.601325
9 0.786499 0.511455 0.792505 0.511455 0.792505 0.516657 0.786499 0.516657
9 0.916619 0.454005 0.923158 0.454005 0.923158 0.458896 0.916619 0.458896
9 0.860435 0.433965 0.868161 0.433965 0.868161 0.439883 0.860435 0.439883
9 0.781482 0.448349 0.787724 0.448349 0.787724 0.453116 0.781482 0.453116
9 0.695475 0.482538 0.701660 0.482538 0.701660 0.487415 0.695475 0.487415
9 0.719185 0.508398 0.725116 0.508398 0.725116 0.513384 0.719185 0.513384
9 0.697863 0.545008 0.704253 0.545008 0.704253 0.549779 0.697863 0.549779
9 0.691986 0.560623 0.698790 0.560623 0.698790 0.565122 0.691986 0.565122
9 0.900853 0.942580 0.906794 0.942580 0.906794 0.947766 0.900853 0.947766
9 0.938367 0.895780 0.944191 0.895780 0.944191 0.900711 0.938367 0.900711
9 0.933441 0.890361 0.938991 0.890361 0.938991 0.894957 0.933441 0.894957
9 0.950385 0.780156 0.956361 0.780156 0.956361 0.785087 0.950385 0.785087
9 0.896160 0.689582 0.902989 0.689582 0.902989 0.695027 0.896160 0.695027
9 0.973437 0.655155 0.980163 0.655155 0.980163 0.661434 0.973437 0.661434
3 0.927342 0.481127 0.931764 0.481127 0.931764 0.486949 0.927342 0.486949
3 0.953106 0.420361 0.957780 0.420361 0.957780 0.426203 0.953106 0.426203
3 0.956437 0.405193 0.960925 0.405193 0.960925 0.410712 0.956437 0.410712
0 0.950914 0.128741 0.960450 0.128741 0.960450 0.135080 0.950914 0.135080
0 0.962971 0.120266 0.973153 0.120266 0.973153 0.127226 0.962971 0.127226
9 0.922182 0.275878 0.927523 0.275878 0.927523 0.279293 0.922182 0.279293
9 0.318090 0.733210 0.323234 0.733210 0.323234 0.736919 0.318090 0.736919
1 0.442946 0.940618 0.448350 0.940618 0.448350 0.944765 0.442946 0.944765
1 0.221054 0.842459 0.226117 0.842459 0.226117 0.846680 0.221054 0.846680
1 0.170193 0.900644 0.173069 0.900644 0.173069 0.906394 0.170193 0.906394
1 0.153331 0.648591 0.156410 0.648591 0.156410 0.654492 0.153331 0.654492
1 0.217046 0.664609 0.222939 0.664609 0.222939 0.667192 0.217046 0.667192
1 0.060239 0.560712 0.064928 0.560712 0.064928 0.564997 0.060239 0.564997
1 0.163904 0.428418 0.169972 0.428418 0.169972 0.431441 0.163904 0.431441
9 0.386992 0.235904 0.392368 0.235904 0.392368 0.240061 0.386992 0.240061
9 0.687469 0.183336 0.693068 0.183336 0.693068 0.186680 0.687469 0.186680
9 0.578772 0.081208 0.584123 0.081208 0.584123 0.086179 0.578772 0.086179
10 0.987244 0.226923 0.994336 0.226923 0.994336 0.231904 0.987244 0.231904
9 0.923954 0.223229 0.930267 0.223229 0.930267 0.228299 0.923954 0.228299
9 0.962947 0.109816 0.969648 0.109816 0.969648 0.115067 0.962947 0.115067
10 0.863725 0.158463 0.870385 0.158463 0.870385 0.164336 0.863725 0.164336
9 0.748184 0.865659 0.754189 0.865659 0.754189 0.870268 0.748184 0.870268
9 0.752434 0.777555 0.758263 0.777555 0.758263 0.781554 0.752434 0.781554
9 0.776348 0.791525 0.781971 0.791525 0.781971 0.795470 0.776348 0.795470
9 0.761135 0.642100 0.766949 0.642100 0.766949 0.646776 0.761135 0.646776
9 0.750682 0.687556 0.757115 0.687556 0.757115 0.692165 0.750682 0.692165
9 0.563033 0.668292 0.569117 0.668292 0.569117 0.673527 0.563033 0.673527
9 0.479682 0.679428 0.486073 0.679428 0.486073 0.684001 0.479682 0.684001
9 0.605386 0.732468 0.611365 0.732468 0.611365 0.737563 0.605386 0.737563
9 0.484563 0.798498 0.491373 0.798498 0.491373 0.803825 0.484563 0.803825
9 0.432032 0.826620 0.437831 0.826620 0.437831 0.831759 0.432032 0.831759
9 0.366127 0.839477 0.373171 0.839477 0.373171 0.844411 0.366127 0.844411
9 0.348646 0.818610 0.354746 0.818610 0.354746 0.822953 0.348646 0.822953
9 0.304459 0.801224 0.310283 0.801224 0.310283 0.806597 0.304459 0.806597
9 0.226985 0.668129 0.233213 0.668129 0.233213 0.672832 0.226985 0.672832
9 0.306959 0.685614 0.313814 0.685614 0.313814 0.690872 0.306959 0.690872
9 0.374428 0.674435 0.380250 0.674435 0.380250 0.679202 0.374428 0.679202
9 0.355055 0.601392 0.361368 0.601392 0.361368 0.606140 0.355055 0.606140
9 0.267556 0.331423 0.273853 0.331423 0.273853 0.336602 0.267556 0.336602
9 0.305613 0.396704 0.311670 0.396704 0.311670 0.402046 0.305613 0.402046
9 0.298232 0.456737 0.304469 0.456737 0.304469 0.462099 0.298232 0.462099
9 0.295548 0.470688 0.301396 0.470688 0.301396 0.475447 0.295548 0.475447
9 0.327225 0.531437 0.333529 0.531437 0.333529 0.536464 0.327225 0.536464
9 0.394122 0.477992 0.400209 0.477992 0.400209 0.483851 0.394122 0.483851
9 0.399590 0.511532 0.405605 0.511532 0.405605 0.516925 0.399590 0.516925
3 0.696644 0.244681 0.701956 0.244681 0.701956 0.250026 0.696644 0.250026
1 0.698266 0.187833 0.704462 0.187833 0.704462 0.190390 0.698266 0.190390
9 0.518152 0.102361 0.524345 0.102361 0.524345 0.107044 0.518152 0.107044
3 0.552233 0.019571 0.557089 0.019571 0.557089 0.025328 0.552233 0.025328
9 0.445646 0.025764 0.451933 0.025764 0.451933 0.030425 0.445646 0.030425
9 0.307634 0.042057 0.313721 0.042057 0.313721 0.045831 0.307634 0.045831
9 0.305575 0.045038 0.310530 0.045038 0.310530 0.049001 0.305575 0.049001
9 0.301513 0.045776 0.306972 0.045776 0.306972 0.049739 0.301513 0.049739
9 0.372325 0.122965 0.379384 0.122965 0.379384 0.128180 0.372325 0.128180
9 0.374849 0.130539 0.381388 0.130539 0.381388 0.136228 0.374849 0.136228
3 0.271493 0.151504 0.276102 0.151504 0.276102 0.157028 0.271493 0.157028
9 0.096565 0.048313 0.103413 0.048313 0.103413 0.053433 0.096565 0.053433
9 0.097533 0.042962 0.103726 0.042962 0.103726 0.048383 0.097533 0.048383
9 0.027141 0.043921 0.033255 0.043921 0.033255 0.048910 0.027141 0.048910
9 0.058401 0.068309 0.065157 0.068309 0.065157 0.072895 0.058401 0.072895
9 0.041482 0.094875 0.047487 0.094875 0.047487 0.099142 0.041482 0.099142
9 0.022052 0.098703 0.027645 0.098703 0.027645 0.103289 0.022052 0.103289
9 0.067930 0.149765 0.073820 0.149765 0.073820 0.153637 0.067930 0.153637
9 0.025147 0.156900 0.031551 0.156900 0.031551 0.161362 0.025147 0.161362
9 0.019127 0.240077 0.024709 0.240077 0.024709 0.244962 0.019127 0.244962
3 0.178044 0.299543 0.182644 0.299543 0.182644 0.305601 0.178044 0.305601
9 0.147894 0.332360 0.154084 0.332360 0.154084 0.337044 0.147894 0.337044
9 0.173703 0.324961 0.180175 0.324961 0.180175 0.329344 0.173703 0.329344
9 0.048045 0.343205 0.054299 0.343205 0.054299 0.347639 0.048045 0.347639
9 0.071668 0.433973 0.078452 0.433973 0.078452 0.438157 0.071668 0.438157
9 0.149028 0.531612 0.155503 0.531612 0.155503 0.536480 0.149028 0.536480
9 0.156356 0.545300 0.162616 0.545300 0.162616 0.550040 0.156356 0.550040
9 0.018505 0.515552 0.024825 0.515552 0.024825 0.520238 0.018505 0.520238
9 0.021714 0.525136 0.027352 0.525136 0.027352 0.529821 0.021714 0.529821
9 0.034280 0.533809 0.040497 0.533809 0.040497 0.539366 0.034280 0.539366
9 0.064403 0.576179 0.070550 0.576179 0.070550 0.580970 0.064403 0.580970
9 0.145745 0.591024 0.152062 0.591024 0.152062 0.595565 0.145745 0.595565
9 0.013433 0.651115 0.019625 0.651115 0.019625 0.655214 0.013433 0.655214
9 0.008352 0.667143 0.013996 0.667143 0.013996 0.672027 0.008352 0.672027
9 0.047645 0.676727 0.053960 0.676727 0.053960 0.681827 0.047645 0.681827
9 0.132625 0.688626 0.139241 0.688626 0.139241 0.692965 0.132625 0.692965
9 0.029659 0.686496 0.034909 0.686496 0.034909 0.691187 0.029659 0.691187
9 0.034003 0.685804 0.039355 0.685804 0.039355 0.690443 0.034003 0.690443
9 0.059891 0.714481 0.065918 0.714481 0.065918 0.718594 0.059891 0.718594
9 0.102829 0.721407 0.109211 0.721407 0.109211 0.725715 0.102829 0.725715
9 0.040608 0.770688 0.047132 0.770688 0.047132 0.775859 0.040608 0.775859
9 0.096050 0.809184 0.102712 0.809184 0.102712 0.814775 0.096050 0.814775
9 0.015592 0.908320 0.021778 0.908320 0.021778 0.912806 0.015592 0.912806
9 0.035342 0.910796 0.041324 0.910796 0.041324 0.915375 0.035342 0.915375
9 0.024807 0.942255 0.030440 0.942255 0.030440 0.946615 0.024807 0.946615
9 0.066937 0.970807 0.072557 0.970807 0.072557 0.974840 0.066937 0.974840
9 0.067604 0.938479 0.073921 0.938479 0.073921 0.942944 0.067604 0.942944
9 0.154158 0.936396 0.161242 0.936396 0.161242 0.941024 0.154158 0.941024
9 0.213782 0.897471 0.219547 0.897471 0.219547 0.901708 0.213782 0.901708
9 0.284275 0.975631 0.290061 0.975631 0.290061 0.979916 0.284275 0.979916
9 0.293812 0.937810 0.299648 0.937810 0.299648 0.942144 0.293812 0.942144
9 0.458111 0.887016 0.463921 0.887016 0.463921 0.891278 0.458111 0.891278
9 0.627835 0.969890 0.634186 0.969890 0.634186 0.974462 0.627835 0.974462
9 0.662009 0.981957 0.668042 0.981957 0.668042 0.986042 0.662009 0.986042
1 0.667242 0.296947 0.673180 0.296947 0.673180 0.301917 0.667242 0.301917
1 0.781317 0.253475 0.787626 0.253475 0.787626 0.256237 0.781317 0.256237
1 0.782709 0.196377 0.788363 0.196377 0.788363 0.199498 0.782709 0.199498
1 0.760170 0.174471 0.766045 0.174471 0.766045 0.177824 0.760170 0.177824
1 0.746130 0.147949 0.752253 0.147949 0.752253 0.150914 0.746130 0.150914
1 0.604882 0.406842 0.610293 0.406842 0.610293 0.411827 0.604882 0.411827
1 0.615454 0.463903 0.619369 0.463903 0.619369 0.469279 0.615454 0.469279
1 0.226168 0.698220 0.230601 0.698220 0.230601 0.703210 0.226168 0.703210
1 0.193074 0.702328 0.195760 0.702328 0.195760 0.708964 0.193074 0.708964
1 0.217955 0.746692 0.223754 0.746692 0.223754 0.750845 0.217955 0.750845
1 0.228307 0.771210 0.232602 0.771210 0.232602 0.776231 0.228307 0.776231
1 0.263381 0.772792 0.269308 0.772792 0.269308 0.776244 0.263381 0.776244
1 0.263794 0.816564 0.268483 0.816564 0.268483 0.820569 0.263794 0.820569
1 0.306982 0.797772 0.312654 0.797772 0.312654 0.801502 0.306982 0.801502
1 0.330049 0.768575 0.335804 0.768575 0.335804 0.771726 0.330049 0.771726
1 0.353371 0.815050 0.357194 0.815050 0.357194 0.819300 0.353371 0.819300
1 0.413046 0.800669 0.416603 0.800669 0.416603 0.806258 0.413046 0.806258
1 0.514411 0.809617 0.516787 0.809617 0.516787 0.815808 0.514411 0.815808
1 0.566010 0.786385 0.570443 0.786385 0.570443 0.791262 0.566010 0.791262
1 0.588213 0.886699 0.592542 0.886699 0.592542 0.890971 0.588213 0.890971
1 0.602335 0.906587 0.607283 0.906587 0.607283 0.910203 0.602335 0.910203
1 0.720530 0.840511 0.725375 0.840511 0.725375 0.844731 0.720530 0.844731
1 0.679863 0.797612 0.684400 0.797612 0.684400 0.802325 0.679863 0.802325
1 0.631054 0.744467 0.634250 0.744467 0.634250 0.750275 0.631054 0.750275
1 0.592090 0.710607 0.596883 0.710607 0.596883 0.716469 0.592090 0.716469
1 0.587418 0.704126 0.592035 0.704126 0.592035 0.708614 0.587418 0.708614
1 0.561966 0.736743 0.565874 0.736743 0.565874 0.742006 0.561966 0.742006
1 0.519494 0.734022 0.522144 0.734022 0.522144 0.739883 0.519494 0.739883
1 0.483792 0.718750 0.488879 0.718750 0.488879 0.722974 0.483792 0.722974
1 0.450064 0.742312 0.454833 0.742312 0.454833 0.746848 0.450064 0.746848
1 0.416610 0.758019 0.419825 0.758019 0.419825 0.764402 0.416610 0.764402
1 0.425757 0.763482 0.430957 0.763482 0.430957 0.768675 0.425757 0.768675
1 0.428423 0.710023 0.432814 0.710023 0.432814 0.714829 0.428423 0.714829
1 0.712211 0.685032 0.716109 0.685032 0.716109 0.690299 0.712211 0.690299
1 0.745549 0.666427 0.750002 0.666427 0.750002 0.670970 0.745549 0.670970
1 0.772514 0.668071 0.777402 0.668071 0.777402 0.673007 0.772514 0.673007
1 0.799170 0.616459 0.802526 0.616459 0.802526 0.622869 0.799170 0.622869
1 0.759954 0.607961 0.763664 0.607961 0.763664 0.612897 0.759954 0.612897
1 0.736600 0.602816 0.740575 0.602816 0.740575 0.609445 0.736600 0.609445
1 0.708149 0.591090 0.711401 0.591090 0.711401 0.596953 0.708149 0.596953
1 0.690677 0.640620 0.695528 0.640620 0.695528 0.645059 0.690677 0.645059
1 0.819251 0.446116 0.824446 0.446116 0.824446 0.449666 0.819251 0.449666
1 0.840848 0.424971 0.845154 0.424971 0.845154 0.428995 0.840848 0.428995
1 0.889906 0.433098 0.895251 0.433098 0.895251 0.436884 0.889906 0.436884
1 0.843810 0.485011 0.848642 0.485011 0.848642 0.489902 0.843810 0.489902
1 0.874759 0.485563 0.879368 0.485563 0.879368 0.490613 0.874759 0.490613
1 0.893017 0.507891 0.898590 0.507891 0.898590 0.511677 0.893017 0.511677
1 0.790767 0.497458 0.795844 0.497458 0.795844 0.501929 0.790767 0.501929
1 0.780995 0.520140 0.785330 0.520140 0.785330 0.525663 0.780995 0.525663
1 0.798003 0.531843 0.804133 0.531843 0.804133 0.536182 0.798003 0.536182
1 0.829669 0.545505 0.833504 0.545505 0.833504 0.550569 0.829669 0.550569
1 0.792561 0.559379 0.796766 0.559379 0.796766 0.564243 0.792561 0.564243
1 0.806476 0.586664 0.810249 0.586664 0.810249 0.592647 0.806476 0.592647
1 0.839812 0.602508 0.845999 0.602508 0.845999 0.607768 0.839812 0.607768
1 0.832887 0.613159 0.837710 0.613159 0.837710 0.618090 0.832887 0.618090
1 0.875569 0.606532 0.880150 0.606532 0.880150 0.610908 0.875569 0.610908
1 0.907892 0.641558 0.910525 0.641558 0.910525 0.647528 0.907892 0.647528
1 0.801418 0.711470 0.805444 0.711470 0.805444 0.716926 0.801418 0.716926
1 0.822926 0.774052 0.827565 0.774052 0.827565 0.778381 0.822926 0.778381
1 0.819496 0.822339 0.824079 0.822339 0.824079 0.827138 0.819496 0.827138
1 0.762037 0.845941 0.767234 0.845941 0.767234 0.850215 0.762037 0.850215
1 0.799093 0.891512 0.801584 0.891512 0.801584 0.897219 0.799093 0.897219
1 0.678227 0.904714 0.683356 0.904714 0.683356 0.909604 0.678227 0.909604
1 0.255867 0.408939 0.261408 0.408939 0.261408 0.412881 0.255867 0.412881
