4 0.944283 0.752318 0.948814 0.752318 0.948814 0.760070 0.944283 0.760070
2 0.247005 0.304437 0.253717 0.304437 0.253717 0.311693 0.247005 0.311693
4 0.178838 0.325225 0.186075 0.325225 0.186075 0.331425 0.178838 0.331425
4 0.669249 0.755560 0.674562 0.755560 0.674562 0.772160 0.669249 0.772160
4 0.052637 0.696460 0.064329 0.696460 0.064329 0.706126 0.052637 0.706126
4 0.007903 0.677684 0.016684 0.677684 0.016684 0.684928 0.007903 0.684928
4 0.889718 0.674619 0.905862 0.674619 0.905862 0.682982 0.889718 0.682982
4 0.869845 0.784821 0.879365 0.784821 0.879365 0.794140 0.869845 0.794140
4 0.368999 0.865596 0.377545 0.865596 0.377545 0.877000 0.368999 0.877000
2 0.248502 0.541535 0.255090 0.541535 0.255090 0.547909 0.248502 0.547909
4 0.697558 0.727195 0.710543 0.727195 0.710543 0.734865 0.697558 0.734865
4 0.763407 0.705905 0.775161 0.705905 0.775161 0.724182 0.763407 0.724182
4 0.386692 0.913986 0.402274 0.913986 0.402274 0.928739 0.386692 0.928739
4 0.307571 0.913730 0.318855 0.913730 0.318855 0.923954 0.307571 0.923954
4 0.233024 0.955393 0.245514 0.955393 0.245514 0.964005 0.233024 0.964005
4 0.238518 0.888205 0.253049 0.888205 0.253049 0.899567 0.238518 0.899567
4 0.922307 0.982832 0.939733 0.982832 0.939733 0.994546 0.922307 0.994546
4 0.030784 0.194275 0.046393 0.194275 0.046393 0.202228 0.030784 0.202228
4 0.157269 0.070293 0.171298 0.070293 0.171298 0.077656 0.157269 0.077656
2 0.329172 0.606719 0.336430 0.606719 0.336430 0.613747 0.329172 0.613747
2 0.136628 0.487465 0.143918 0.487465 0.143918 0.493723 0.136628 0.493723
2 0.067408 0.525119 0.075346 0.525119 0.075346 0.531263 0.067408 0.531263
2 0.290107 0.919135 0.297182 0.919135 0.297182 0.925565 0.290107 0.925565
2 0.265755 0.928437 0.272505 0.928437 0.272505 0.934811 0.265755 0.934811
2 0.240538 0.939633 0.247557 0.939633 0.247557 0.946179 0.240538 0.946179
4 0.912262 0.723358 0.917509 0.723358 0.917509 0.733468 0.912262 0.733468
2 0.222909 0.910709 0.229658 0.910709 0.229658 0.916849 0.222909 0.916849
4 0.397307 0.014223 0.410602 0.014223 0.410602 0.021126 0.397307 0.021126
4 0.401330 0.062288 0.409649 0.062288 0.409649 0.074675 0.401330 0.074675
4 0.469609 0.340386 0.475252 0.340386 0.475252 0.348965 0.469609 0.348965
4 0.424933 0.309404 0.435077 0.309404 0.435077 0.320814 0.424933 0.320814
4 0.436463 0.373965 0.444903 0.373965 0.444903 0.383807 0.436463 0.383807
4 0.682057 0.635596 0.697632 0.635596 0.697632 0.647158 0.682057 0.647158
4 0.557482 0.560421 0.565776 0.560421 0.565776 0.572456 0.557482 0.572456
4 0.401411 0.821333 0.411830 0.821333 0.411830 0.829246 0.401411 0.829246
4 0.430754 0.828070 0.441445 0.828070 0.441445 0.837298 0.430754 0.837298
4 0.161384 0.200833 0.168706 0.200833 0.168706 0.208619 0.161384 0.208619
4 0.447959 0.241347 0.455281 0.241347 0.455281 0.249891 0.447959 0.249891
4 0.225514 0.791868 0.237644 0.791868 0.237644 0.807346 0.225514 0.807346
2 0.717791 0.868937 0.724879 0.868937 0.724879 0.874996 0.717791 0.874996
2 0.468769 0.020298 0.475367 0.020298 0.475367 0.027105 0.468769 0.027105
2 0.090667 0.061398 0.098053 0.061398 0.098053 0.068660 0.090667 0.068660
4 0.066586 0.236879 0.074707 0.236879 0.074707 0.249149 0.066586 0.249149
2 0.132622 0.263747 0.141124 0.263747 0.141124 0.269561 0.132622 0.269561
4 0.158457 0.282854 0.171686 0.282854 0.171686 0.292174 0.158457 0.292174
2 0.137124 0.380261 0.144544 0.380261 0.144544 0.387428 0.137124 0.387428
2 0.166926 0.355870 0.173666 0.355870 0.173666 0.362970 0.166926 0.362970
4 0.127967 0.368033 0.140959 0.368033 0.140959 0.378618 0.127967 0.378618
3 0.105097 0.384404 0.111650 0.384404 0.111650 0.390716 0.105097 0.390716
4 0.034323 0.461218 0.039442 0.461218 0.039442 0.472421 0.034323 0.472421
4 0.054653 0.445772 0.063483 0.445772 0.063483 0.454118 0.054653 0.454118
4 0.073999 0.460767 0.086408 0.460767 0.086408 0.470588 0.073999 0.470588
4 0.099743 0.459565 0.111508 0.459565 0.111508 0.470093 0.099743 0.470093
4 0.077535 0.501147 0.085009 0.501147 0.085009 0.511565 0.077535 0.511565
4 0.177936 0.535279 0.188022 0.535279 0.188022 0.544407 0.177936 0.544407
4 0.021067 0.865954 0.027169 0.865954 0.027169 0.880137 0.021067 0.880137
4 0.044100 0.921614 0.050386 0.921614 0.050386 0.934225 0.044100 0.934225
4 0.237217 0.680658 0.250513 0.680658 0.250513 0.689918 0.237217 0.689918
4 0.374316 0.665246 0.385009 0.665246 0.385009 0.676614 0.374316 0.676614
4 0.333999 0.729744 0.347154 0.729744 0.347154 0.742560 0.333999 0.742560
4 0.412701 0.740509 0.428386 0.740509 0.428386 0.749453 0.412701 0.749453
4 0.523564 0.511621 0.536105 0.511621 0.536105 0.521504 0.523564 0.521504
2 0.563882 0.331126 0.572592 0.331126 0.572592 0.337989 0.563882 0.337989
2 0.498005 0.424312 0.505839 0.424312 0.505839 0.431016 0.498005 0.431016
2 0.494405 0.442926 0.502420 0.442926 0.502420 0.449868 0.494405 0.449868
2 0.522409 0.639560 0.530670 0.639560 0.530670 0.647661 0.522409 0.647661
4 0.324356 0.540498 0.339378 0.540498 0.339378 0.552205 0.324356 0.552205
4 0.486476 0.803546 0.493092 0.803546 0.493092 0.813535 0.486476 0.813535
4 0.463377 0.467467 0.473691 0.467467 0.473691 0.476882 0.463377 0.476882
4 0.350559 0.431465 0.364064 0.431465 0.364064 0.440882 0.350559 0.440882
4 0.277354 0.470012 0.288822 0.470012 0.288822 0.481449 0.277354 0.481449
2 0.395827 0.214540 0.402671 0.214540 0.402671 0.221814 0.395827 0.221814
2 0.395377 0.223726 0.402897 0.223726 0.402897 0.232149 0.395377 0.232149
2 0.397880 0.207372 0.404630 0.207372 0.404630 0.213737 0.397880 0.213737
2 0.332744 0.175037 0.339988 0.175037 0.339988 0.181400 0.332744 0.181400
4 0.320954 0.169533 0.329234 0.169533 0.329234 0.176328 0.320954 0.176328
4 0.345316 0.135647 0.357627 0.135647 0.357627 0.143858 0.345316 0.143858
4 0.560221 0.425742 0.572001 0.425742 0.572001 0.437614 0.560221 0.437614
4 0.290810 0.767405 0.299208 0.767405 0.299208 0.774661 0.290810 0.774661
4 0.165588 0.793509 0.175367 0.793509 0.175367 0.801042 0.165588 0.801042
4 0.354824 0.798479 0.363075 0.798479 0.363075 0.811684 0.354824 0.811684
4 0.284565 0.838509 0.299835 0.838509 0.299835 0.847561 0.284565 0.847561
4 0.605494 0.826667 0.614305 0.826667 0.614305 0.836807 0.605494 0.836807
4 0.630803 0.780351 0.638558 0.780351 0.638558 0.791140 0.630803 0.791140
4 0.605393 0.928474 0.612473 0.928474 0.612473 0.936346 0.605393 0.936346
4 0.392739 0.963860 0.409041 0.963860 0.409041 0.972649 0.392739 0.972649
4 0.313310 0.860912 0.325590 0.860912 0.325590 0.872868 0.313310 0.872868
