2 0.446539 0.113206 0.454120 0.113206 0.454120 0.120371 0.446539 0.120371
4 0.409405 0.889573 0.424496 0.889573 0.424496 0.896181 0.409405 0.896181
4 0.415071 0.842318 0.430362 0.842318 0.430362 0.852653 0.415071 0.852653
2 0.759329 0.415467 0.765015 0.415467 0.765015 0.420684 0.759329 0.420684
2 0.839907 0.718792 0.846544 0.718792 0.846544 0.724415 0.839907 0.724415
2 0.214940 0.524139 0.222553 0.524139 0.222553 0.531143 0.214940 0.531143
2 0.168662 0.581894 0.175561 0.581894 0.175561 0.588075 0.168662 0.588075
2 0.778156 0.153638 0.786126 0.153638 0.786126 0.160872 0.778156 0.160872
2 0.858456 0.293148 0.866774 0.293148 0.866774 0.300176 0.858456 0.300176
4 0.478671 0.874257 0.493204 0.874257 0.493204 0.882434 0.478671 0.882434
4 0.526802 0.963918 0.539945 0.963918 0.539945 0.974853 0.526802 0.974853
4 0.796495 0.975400 0.806802 0.975400 0.806802 0.987318 0.796495 0.987318
4 0.948132 0.753281 0.961040 0.753281 0.961040 0.763513 0.948132 0.763513
4 0.939352 0.619504 0.947503 0.619504 0.947503 0.635678 0.939352 0.635678
4 0.939897 0.683543 0.955286 0.683543 0.955286 0.690434 0.939897 0.690434
4 0.211872 0.660700 0.219577 0.660700 0.219577 0.670090 0.211872 0.670090
4 0.609602 0.834725 0.624567 0.834725 0.624567 0.842173 0.609602 0.842173
2 0.975990 0.172490 0.984931 0.172490 0.984931 0.180345 0.975990 0.180345
2 0.709659 0.748474 0.716820 0.748474 0.716820 0.755412 0.709659 0.755412
4 0.853323 0.823337 0.869815 0.823337 0.869815 0.834665 0.853323 0.834665
2 0.789051 0.019842 0.797059 0.019842 0.797059 0.027531 0.789051 0.027531
2 0.875812 0.132040 0.884630 0.132040 0.884630 0.139696 0.875812 0.139696
