1 0.418792 0.624938 0.422874 0.624938 0.422874 0.629963 0.418792 0.629963
1 0.367517 0.663763 0.371572 0.663763 0.371572 0.669112 0.367517 0.669112
1 0.356647 0.754514 0.361678 0.754514 0.361678 0.758511 0.356647 0.758511
1 0.293043 0.768435 0.297863 0.768435 0.297863 0.773232 0.293043 0.773232
1 0.310812 0.775671 0.314490 0.775671 0.314490 0.780271 0.310812 0.780271
1 0.292372 0.927737 0.297841 0.927737 0.297841 0.931459 0.292372 0.931459
1 0.211998 0.967277 0.216133 0.967277 0.216133 0.972480 0.211998 0.972480
1 0.168507 0.970051 0.173065 0.970051 0.173065 0.975481 0.168507 0.975481
1 0.181032 0.968299 0.185471 0.968299 0.185471 0.973045 0.181032 0.973045
1 0.189311 0.964900 0.193844 0.964900 0.193844 0.969898 0.189311 0.969898
1 0.197101 0.968551 0.200654 0.968551 0.200654 0.973957 0.197101 0.973957
1 0.205219 0.969998 0.209006 0.969998 0.209006 0.975582 0.205219 0.975582
1 0.221435 0.971292 0.225466 0.971292 0.225466 0.976824 0.221435 0.976824
1 0.285031 0.830374 0.289268 0.830374 0.289268 0.835153 0.285031 0.835153
2 0.264347 0.889341 0.270388 0.889341 0.270388 0.894702 0.264347 0.894702
1 0.238507 0.922749 0.244041 0.922749 0.244041 0.926112 0.238507 0.926112
1 0.233663 0.936089 0.237548 0.936089 0.237548 0.941611 0.233663 0.941611
1 0.185639 0.893791 0.190162 0.893791 0.190162 0.897263 0.185639 0.897263
2 0.165818 0.906671 0.172344 0.906671 0.172344 0.912335 0.165818 0.912335
1 0.120050 0.971170 0.123946 0.971170 0.123946 0.975587 0.120050 0.975587
1 0.103502 0.973486 0.107661 0.973486 0.107661 0.980102 0.103502 0.980102
1 0.031884 0.903583 0.036556 0.903583 0.036556 0.907778 0.031884 0.907778
1 0.027735 0.937651 0.032821 0.937651 0.032821 0.941651 0.027735 0.941651
1 0.096768 0.903604 0.100527 0.903604 0.100527 0.908003 0.096768 0.908003
1 0.064067 0.917637 0.068045 0.917637 0.068045 0.921866 0.064067 0.921866
1 0.095949 0.922161 0.099964 0.922161 0.099964 0.927526 0.095949 0.927526
1 0.110396 0.907644 0.113966 0.907644 0.113966 0.911798 0.110396 0.911798
1 0.125931 0.910448 0.130360 0.910448 0.130360 0.915180 0.125931 0.915180
1 0.179143 0.845717 0.182917 0.845717 0.182917 0.851140 0.179143 0.851140
1 0.182835 0.834265 0.186796 0.834265 0.186796 0.839284 0.182835 0.839284
1 0.250527 0.806246 0.254125 0.806246 0.254125 0.811992 0.250527 0.811992
1 0.251112 0.798562 0.256146 0.798562 0.256146 0.801884 0.251112 0.801884
1 0.207296 0.823900 0.211861 0.823900 0.211861 0.828354 0.207296 0.828354
1 0.223196 0.811706 0.227318 0.811706 0.227318 0.817355 0.223196 0.817355
1 0.280384 0.528061 0.284288 0.528061 0.284288 0.533609 0.280384 0.533609
1 0.059008 0.803100 0.063193 0.803100 0.063193 0.808682 0.059008 0.808682
2 0.867096 0.635758 0.873936 0.635758 0.873936 0.641958 0.867096 0.641958
2 0.080300 0.410989 0.088082 0.410989 0.088082 0.417400 0.080300 0.417400
2 0.911314 0.568190 0.918022 0.568190 0.918022 0.574529 0.911314 0.574529
2 0.912157 0.581475 0.918686 0.581475 0.918686 0.588520 0.912157 0.588520
2 0.977406 0.558209 0.984011 0.558209 0.984011 0.564892 0.977406 0.564892
2 0.931930 0.557117 0.939019 0.557117 0.939019 0.563467 0.931930 0.563467
1 0.935835 0.729841 0.938395 0.729841 0.938395 0.737122 0.935835 0.737122
1 0.950222 0.731119 0.954036 0.731119 0.954036 0.736223 0.950222 0.736223
1 0.940480 0.731276 0.943350 0.731276 0.943350 0.737540 0.940480 0.737540
1 0.367416 0.966355 0.369977 0.966355 0.369977 0.972845 0.367416 0.972845
2 0.447058 0.889995 0.453365 0.889995 0.453365 0.895083 0.447058 0.895083
1 0.877367 0.973518 0.880633 0.973518 0.880633 0.978992 0.877367 0.978992
1 0.006577 0.820419 0.011352 0.820419 0.011352 0.824528 0.006577 0.824528
1 0.035855 0.833710 0.039604 0.833710 0.039604 0.839059 0.035855 0.839059
1 0.047288 0.837665 0.051161 0.837665 0.051161 0.842815 0.047288 0.842815
1 0.062343 0.820187 0.065436 0.820187 0.065436 0.826234 0.062343 0.826234
1 0.066935 0.820552 0.071587 0.820552 0.071587 0.826565 0.066935 0.826565
1 0.258000 0.727998 0.262311 0.727998 0.262311 0.732617 0.258000 0.732617
1 0.223736 0.728231 0.229014 0.728231 0.229014 0.733514 0.223736 0.733514
1 0.176769 0.747637 0.179425 0.747637 0.179425 0.753451 0.176769 0.753451
1 0.169246 0.749602 0.171304 0.749602 0.171304 0.756553 0.169246 0.756553
1 0.152465 0.756928 0.156786 0.756928 0.156786 0.761944 0.152465 0.761944
1 0.134245 0.767778 0.138468 0.767778 0.138468 0.773095 0.134245 0.773095
1 0.087990 0.740108 0.092025 0.740108 0.092025 0.744422 0.087990 0.744422
1 0.081940 0.773795 0.085804 0.773795 0.085804 0.778687 0.081940 0.778687
1 0.077276 0.787393 0.081272 0.787393 0.081272 0.792201 0.077276 0.792201
1 0.085789 0.791699 0.089513 0.791699 0.089513 0.797071 0.085789 0.797071
1 0.083855 0.803194 0.088164 0.803194 0.088164 0.808144 0.083855 0.808144
1 0.085673 0.810208 0.089546 0.810208 0.089546 0.815924 0.085673 0.815924
1 0.078052 0.817783 0.081736 0.817783 0.081736 0.823865 0.078052 0.823865
2 0.181219 0.615056 0.187425 0.615056 0.187425 0.619986 0.181219 0.619986
1 0.258383 0.537903 0.262245 0.537903 0.262245 0.542776 0.258383 0.542776
1 0.263075 0.529790 0.267190 0.529790 0.267190 0.535245 0.263075 0.535245
1 0.238865 0.540395 0.243159 0.540395 0.243159 0.544355 0.238865 0.544355
1 0.203358 0.510613 0.207702 0.510613 0.207702 0.514371 0.203358 0.514371
1 0.210229 0.511547 0.212387 0.511547 0.212387 0.517827 0.210229 0.517827
1 0.215394 0.516258 0.220053 0.516258 0.220053 0.520162 0.215394 0.520162
1 0.235207 0.497212 0.239795 0.497212 0.239795 0.501087 0.235207 0.501087
1 0.233542 0.487162 0.238940 0.487162 0.238940 0.491517 0.233542 0.491517
2 0.012823 0.338121 0.019354 0.338121 0.019354 0.343520 0.012823 0.343520
1 0.972868 0.733858 0.977107 0.733858 0.977107 0.738121 0.972868 0.738121
1 0.969468 0.681775 0.972838 0.681775 0.972838 0.687258 0.969468 0.687258
1 0.964016 0.685211 0.966861 0.685211 0.966861 0.688719 0.964016 0.688719
1 0.976168 0.692009 0.979087 0.692009 0.979087 0.697600 0.976168 0.697600
1 0.837580 0.438165 0.841118 0.438165 0.841118 0.443720 0.837580 0.443720
1 0.704450 0.235793 0.708804 0.235793 0.708804 0.240178 0.704450 0.240178
2 0.198371 0.612931 0.203661 0.612931 0.203661 0.617540 0.198371 0.617540
1 0.651779 0.573407 0.655729 0.573407 0.655729 0.576606 0.651779 0.576606
1 0.697253 0.270925 0.702361 0.270925 0.702361 0.275011 0.697253 0.275011
1 0.689805 0.307626 0.693406 0.307626 0.693406 0.311814 0.689805 0.311814
1 0.861035 0.483541 0.864747 0.483541 0.864747 0.487749 0.861035 0.487749
1 0.670252 0.440238 0.675860 0.440238 0.675860 0.442957 0.670252 0.442957
1 0.932409 0.401405 0.936985 0.401405 0.936985 0.405351 0.932409 0.405351
2 0.444737 0.853810 0.450509 0.853810 0.450509 0.858890 0.444737 0.858890
1 0.540729 0.935865 0.545593 0.935865 0.545593 0.939006 0.540729 0.939006
1 0.669291 0.549180 0.674168 0.549180 0.674168 0.552580 0.669291 0.552580
1 0.710071 0.555698 0.714652 0.555698 0.714652 0.559032 0.710071 0.559032
1 0.736443 0.562829 0.740689 0.562829 0.740689 0.566951 0.736443 0.566951
1 0.755658 0.111230 0.760472 0.111230 0.760472 0.117481 0.755658 0.117481
1 0.921834 0.883107 0.925341 0.883107 0.925341 0.887904 0.921834 0.887904
1 0.937258 0.866956 0.941140 0.866956 0.941140 0.872110 0.937258 0.872110
1 0.918126 0.939672 0.921562 0.939672 0.921562 0.945002 0.918126 0.945002
1 0.930426 0.988417 0.934066 0.988417 0.934066 0.993502 0.930426 0.993502
1 0.895295 0.979880 0.897961 0.979880 0.897961 0.985908 0.895295 0.985908
1 0.819213 0.917309 0.824916 0.917309 0.824916 0.919339 0.819213 0.919339
1 0.675578 0.928005 0.680631 0.928005 0.680631 0.931660 0.675578 0.931660
1 0.746277 0.850679 0.753091 0.850679 0.753091 0.853134 0.746277 0.853134
1 0.890535 0.121080 0.895760 0.121080 0.895760 0.124760 0.890535 0.124760
1 0.944115 0.071590 0.948767 0.071590 0.948767 0.075587 0.944115 0.075587
1 0.868691 0.080559 0.872611 0.080559 0.872611 0.086565 0.868691 0.086565
1 0.827054 0.060081 0.830832 0.060081 0.830832 0.064892 0.827054 0.064892
1 0.781693 0.015532 0.785583 0.015532 0.785583 0.019669 0.781693 0.019669
1 0.782364 0.032034 0.787712 0.032034 0.787712 0.035904 0.782364 0.035904
1 0.721474 0.084304 0.725244 0.084304 0.725244 0.089353 0.721474 0.089353
1 0.722078 0.098379 0.725683 0.098379 0.725683 0.101881 0.722078 0.101881
1 0.725459 0.118844 0.729707 0.118844 0.729707 0.123082 0.725459 0.123082
1 0.734309 0.120315 0.737649 0.120315 0.737649 0.125367 0.734309 0.125367
1 0.769796 0.123872 0.774150 0.123872 0.774150 0.128195 0.769796 0.128195
1 0.787654 0.183049 0.791796 0.183049 0.791796 0.187598 0.787654 0.187598
1 0.905842 0.192626 0.910282 0.192626 0.910282 0.197702 0.905842 0.197702
1 0.916461 0.191343 0.920996 0.191343 0.920996 0.195488 0.916461 0.195488
1 0.930855 0.183391 0.934853 0.183391 0.934853 0.187938 0.930855 0.187938
1 0.953640 0.178572 0.957974 0.178572 0.957974 0.182041 0.953640 0.182041
1 0.945449 0.173306 0.949226 0.173306 0.949226 0.177621 0.945449 0.177621
1 0.986958 0.186251 0.991713 0.186251 0.991713 0.190481 0.986958 0.190481
1 0.980374 0.185122 0.984470 0.185122 0.984470 0.189034 0.980374 0.189034
1 0.967710 0.181805 0.971846 0.181805 0.971846 0.187152 0.967710 0.187152
1 0.985336 0.245661 0.989703 0.245661 0.989703 0.250888 0.985336 0.250888
1 0.791750 0.410222 0.795229 0.410222 0.795229 0.415033 0.791750 0.415033
1 0.828348 0.411722 0.831907 0.411722 0.831907 0.416607 0.828348 0.416607
1 0.854819 0.416637 0.860381 0.416637 0.860381 0.420441 0.854819 0.420441
1 0.864771 0.455347 0.866918 0.455347 0.866918 0.461523 0.864771 0.461523
1 0.837228 0.429662 0.841662 0.429662 0.841662 0.434251 0.837228 0.434251
1 0.902452 0.428631 0.905593 0.428631 0.905593 0.434595 0.902452 0.434595
1 0.895195 0.428906 0.898438 0.428906 0.898438 0.434700 0.895195 0.434700
2 0.907435 0.474292 0.913522 0.474292 0.913522 0.479494 0.907435 0.479494
2 0.919082 0.552989 0.925368 0.552989 0.925368 0.558142 0.919082 0.558142
2 0.973782 0.612192 0.980172 0.612192 0.980172 0.617162 0.973782 0.617162
1 0.818840 0.809114 0.822916 0.809114 0.822916 0.813731 0.818840 0.813731
1 0.835808 0.820842 0.839578 0.820842 0.839578 0.825488 0.835808 0.825488
1 0.830583 0.836024 0.835239 0.836024 0.835239 0.839919 0.830583 0.839919
1 0.851011 0.865035 0.857379 0.865035 0.857379 0.867192 0.851011 0.867192
2 0.811711 0.898188 0.817808 0.898188 0.817808 0.903488 0.811711 0.903488
1 0.822326 0.926167 0.827686 0.926167 0.827686 0.930032 0.822326 0.930032
1 0.345320 0.770307 0.349786 0.770307 0.349786 0.774656 0.345320 0.774656
2 0.426002 0.850397 0.432109 0.850397 0.432109 0.855472 0.426002 0.855472
1 0.424962 0.866956 0.430600 0.866956 0.430600 0.870710 0.424962 0.870710
2 0.454013 0.914193 0.460156 0.914193 0.460156 0.919311 0.454013 0.919311
2 0.478530 0.980116 0.484685 0.980116 0.484685 0.984938 0.478530 0.984938
1 0.551680 0.959223 0.557323 0.959223 0.557323 0.962330 0.551680 0.962330
1 0.521841 0.870853 0.525704 0.870853 0.525704 0.875724 0.521841 0.875724
1 0.506062 0.821928 0.511546 0.821928 0.511546 0.825576 0.506062 0.825576
1 0.503650 0.793523 0.507230 0.793523 0.507230 0.798904 0.503650 0.798904
1 0.511602 0.787511 0.516093 0.787511 0.516093 0.792570 0.511602 0.792570
1 0.497606 0.689826 0.502048 0.689826 0.502048 0.694388 0.497606 0.694388
1 0.467730 0.672529 0.471524 0.672529 0.471524 0.677351 0.467730 0.677351
1 0.432565 0.681530 0.436918 0.681530 0.436918 0.685169 0.432565 0.685169
1 0.419761 0.695174 0.423801 0.695174 0.423801 0.700442 0.419761 0.700442
1 0.424170 0.701570 0.428754 0.701570 0.428754 0.707205 0.424170 0.707205
1 0.491238 0.599288 0.494906 0.599288 0.494906 0.604496 0.491238 0.604496
1 0.858328 0.947217 0.861625 0.947217 0.861625 0.953005 0.858328 0.953005
