1 0.029549 0.299312 0.019969 0.306801 0.017805 0.303643 0.027385 0.296154
1 0.258126 0.047165 0.266931 0.040585 0.268504 0.042986 0.259699 0.049566
1 0.104534 0.945277 0.101685 0.949828 0.090762 0.942024 0.093612 0.937474
1 0.874341 0.259317 0.885057 0.254870 0.886114 0.257777 0.875398 0.262224
1 0.759667 0.917217 0.753573 0.924443 0.750960 0.921928 0.757053 0.914702
1 0.738081 0.571567 0.730148 0.578958 0.727546 0.575772 0.735479 0.568381
1 0.073502 0.300416 0.064112 0.305199 0.062711 0.302061 0.072101 0.297277
4 0.726972 0.817225 0.732795 0.817225 0.732795 0.823612 0.726972 0.823612
4 0.585906 0.806409 0.592825 0.806409 0.592825 0.813163 0.585906 0.813163
1 0.463084 0.032433 0.472772 0.026768 0.475186 0.031479 0.465498 0.037143
4 0.273621 0.647848 0.281331 0.647867 0.281316 0.654755 0.273607 0.654736
1 0.547196 0.783401 0.553958 0.778273 0.555622 0.780777 0.548860 0.785905
1 0.808340 0.539366 0.823220 0.521838 0.829295 0.527721 0.814415 0.545249
1 0.643432 0.958359 0.648755 0.950388 0.651252 0.952291 0.645929 0.960261
1 0.724641 0.946720 0.723593 0.949884 0.714289 0.946369 0.715337 0.943204
1 0.326069 0.466401 0.332296 0.460739 0.334738 0.463803 0.328511 0.469465
1 0.480437 0.338262 0.488344 0.331300 0.490611 0.334237 0.482704 0.341200
1 0.728643 0.951453 0.721517 0.956080 0.720155 0.953686 0.727281 0.949059
1 0.737907 0.338575 0.729918 0.342410 0.728517 0.339080 0.736506 0.335245
1 0.547711 0.269224 0.536467 0.268574 0.536650 0.264971 0.547894 0.265621
1 0.665364 0.420797 0.676450 0.422335 0.676039 0.425715 0.664953 0.424177
4 0.189194 0.666369 0.196941 0.666369 0.196941 0.672879 0.189194 0.672879
1 0.385251 0.462530 0.384439 0.473081 0.380807 0.472762 0.381620 0.462211
1 0.380222 0.475999 0.381844 0.479632 0.379003 0.481079 0.377381 0.477446
1 0.264137 0.472164 0.256808 0.475865 0.255506 0.472922 0.262835 0.469221
4 0.968510 0.885914 0.974755 0.885914 0.974755 0.892249 0.968510 0.892249
1 0.239096 0.621113 0.242086 0.614872 0.245232 0.616592 0.242242 0.622833
1 0.904287 0.937077 0.896492 0.936859 0.896565 0.933863 0.904360 0.934081
1 0.929296 0.916772 0.925282 0.922442 0.923169 0.920735 0.927183 0.915066
1 0.874468 0.861463 0.865290 0.866181 0.864029 0.863382 0.873207 0.858664
1 0.800501 0.777241 0.790885 0.781664 0.789315 0.777770 0.798931 0.773347
1 0.826157 0.785761 0.818619 0.792095 0.816784 0.789604 0.824322 0.783269
1 0.242613 0.602282 0.247686 0.601732 0.248020 0.605251 0.242947 0.605801
1 0.598736 0.773676 0.589445 0.777171 0.588205 0.773411 0.597496 0.769916
1 0.604728 0.731296 0.598126 0.738805 0.595838 0.736510 0.602440 0.729000
1 0.518977 0.228868 0.512886 0.233770 0.510560 0.230474 0.516651 0.225571
1 0.573517 0.186886 0.566831 0.191418 0.565012 0.188356 0.571698 0.183824
4 0.785551 0.861135 0.791696 0.861135 0.791696 0.865585 0.785551 0.865585
1 0.114725 0.877464 0.116409 0.887560 0.112491 0.888306 0.110807 0.878209
1 0.454679 0.746592 0.461665 0.745168 0.462245 0.748413 0.455259 0.749836
1 0.249618 0.103325 0.249226 0.107696 0.238478 0.106597 0.238870 0.102226
1 0.672912 0.748422 0.679367 0.742666 0.681502 0.745397 0.675048 0.751154
1 0.579664 0.953429 0.594314 0.941204 0.598215 0.946538 0.583565 0.958762
1 0.814613 0.785454 0.821858 0.779614 0.823904 0.782509 0.816659 0.788350
1 0.260357 0.787244 0.264640 0.790494 0.262053 0.794383 0.257770 0.791133
1 0.107554 0.912403 0.113920 0.902830 0.116188 0.904551 0.109822 0.914124
1 0.398267 0.449438 0.403091 0.434919 0.406562 0.436235 0.401739 0.450754
1 0.951412 0.889654 0.958319 0.885397 0.959684 0.887925 0.952778 0.892181
1 0.330541 0.551668 0.337302 0.541098 0.340311 0.543294 0.333550 0.553864
1 0.452229 0.059277 0.461397 0.051841 0.464345 0.055988 0.455177 0.063424
1 0.175941 0.808331 0.188316 0.799107 0.191151 0.803445 0.178776 0.812669
4 0.367992 0.814986 0.362726 0.814902 0.362802 0.809435 0.368068 0.809519
1 0.322509 0.584098 0.326118 0.588085 0.323785 0.590493 0.320177 0.586506
1 0.561411 0.775993 0.568041 0.771612 0.569614 0.774328 0.562984 0.778709
1 0.191866 0.769074 0.190008 0.771958 0.182450 0.766403 0.184309 0.763518
1 0.515902 0.735957 0.524743 0.726325 0.529141 0.730930 0.520299 0.740562
1 0.444209 0.880338 0.451052 0.873361 0.453243 0.875812 0.446400 0.882789
1 0.402769 0.426723 0.409627 0.422747 0.411212 0.425865 0.404354 0.429841
1 0.404994 0.422254 0.409608 0.417439 0.411561 0.419575 0.406947 0.424390
1 0.675564 0.844230 0.674432 0.847047 0.667137 0.843703 0.668268 0.840886
1 0.918128 0.918768 0.925265 0.912587 0.927154 0.915076 0.920017 0.921257
1 0.657850 0.965959 0.666039 0.960192 0.667860 0.963142 0.659671 0.968909
1 0.669317 0.845893 0.668584 0.848638 0.661590 0.846509 0.662323 0.843764
1 0.690641 0.582312 0.697612 0.577372 0.699495 0.580402 0.692524 0.585342
4 0.111697 0.589803 0.111691 0.584061 0.118137 0.584053 0.118143 0.589796
4 0.851846 0.884418 0.859427 0.884480 0.859373 0.891989 0.851792 0.891927
1 0.056910 0.181362 0.062141 0.175702 0.064553 0.178246 0.059322 0.183906
1 0.899490 0.848837 0.906354 0.843572 0.908163 0.846263 0.901299 0.851528
1 0.361877 0.507104 0.369330 0.496054 0.372444 0.498450 0.364991 0.509500
1 0.725506 0.170147 0.732178 0.164555 0.734444 0.167639 0.727772 0.173231
1 0.597679 0.723786 0.602727 0.717856 0.605062 0.720124 0.600013 0.726054
1 0.408760 0.298950 0.406882 0.295780 0.411149 0.292896 0.413027 0.296067
1 0.957759 0.885446 0.952278 0.888252 0.951179 0.885804 0.956661 0.882999
1 0.619209 0.873688 0.611133 0.878411 0.609716 0.875647 0.617793 0.870924
1 0.114662 0.887880 0.118187 0.894072 0.115641 0.895725 0.112116 0.889533
1 0.527615 0.984606 0.517945 0.994170 0.515612 0.991479 0.525282 0.981915
1 0.491443 0.871431 0.483597 0.880019 0.481329 0.877655 0.489175 0.869067
1 0.565510 0.928026 0.563395 0.937813 0.560635 0.937133 0.562750 0.927346
