1 0.284538 0.370558 0.289220 0.370558 0.289220 0.375360 0.284538 0.375360
1 0.928123 0.394231 0.931058 0.394231 0.931058 0.400443 0.928123 0.400443
1 0.908656 0.048619 0.914372 0.048619 0.914372 0.052217 0.908656 0.052217
1 0.912787 0.060292 0.916926 0.060292 0.916926 0.065730 0.912787 0.065730
1 0.902579 0.090349 0.907160 0.090349 0.907160 0.095396 0.902579 0.095396
1 0.927742 0.088511 0.931198 0.088511 0.931198 0.094834 0.927742 0.094834
1 0.861151 0.186148 0.867536 0.186148 0.867536 0.189481 0.861151 0.189481
1 0.908350 0.195144 0.912043 0.195144 0.912043 0.201408 0.908350 0.201408
1 0.940644 0.289118 0.945518 0.289118 0.945518 0.293699 0.940644 0.293699
1 0.946179 0.325421 0.949874 0.325421 0.949874 0.331342 0.946179 0.331342
1 0.979374 0.340264 0.984450 0.340264 0.984450 0.344330 0.979374 0.344330
1 0.973961 0.385649 0.979569 0.385649 0.979569 0.388888 0.973961 0.388888
1 0.915798 0.469196 0.921020 0.469196 0.921020 0.473639 0.915798 0.473639
1 0.903697 0.456203 0.907822 0.456203 0.907822 0.462477 0.903697 0.462477
1 0.896914 0.463476 0.901459 0.463476 0.901459 0.467974 0.896914 0.467974
1 0.964741 0.521923 0.968581 0.521923 0.968581 0.527670 0.964741 0.527670
1 0.896305 0.597468 0.900652 0.597468 0.900652 0.602672 0.896305 0.602672
1 0.875195 0.618739 0.881241 0.618739 0.881241 0.622950 0.875195 0.622950
1 0.904720 0.665817 0.910371 0.665817 0.910371 0.670019 0.904720 0.670019
1 0.945339 0.678943 0.949992 0.678943 0.949992 0.683496 0.945339 0.683496
1 0.968484 0.704695 0.972124 0.704695 0.972124 0.710197 0.968484 0.710197
1 0.869889 0.817484 0.874651 0.817484 0.874651 0.823435 0.869889 0.823435
1 0.902559 0.828507 0.905779 0.828507 0.905779 0.834489 0.902559 0.834489
1 0.963339 0.834385 0.966412 0.834385 0.966412 0.840285 0.963339 0.840285
1 0.831173 0.902924 0.835630 0.902924 0.835630 0.907829 0.831173 0.907829
1 0.859005 0.911576 0.864548 0.911576 0.864548 0.915723 0.859005 0.915723
1 0.918004 0.951985 0.922274 0.951985 0.922274 0.956722 0.918004 0.956722
1 0.926410 0.959545 0.930860 0.959545 0.930860 0.965431 0.926410 0.965431
1 0.966996 0.995435 0.972765 0.995435 0.972765 0.997987 0.966996 0.997987
1 0.917179 0.982488 0.921802 0.982488 0.921802 0.987709 0.917179 0.987709
1 0.849112 0.984429 0.854483 0.984429 0.854483 0.989713 0.849112 0.989713
1 0.832099 0.965589 0.836598 0.965589 0.836598 0.971038 0.832099 0.971038
1 0.823948 0.941348 0.829436 0.941348 0.829436 0.946276 0.823948 0.946276
1 0.779729 0.923752 0.785443 0.923752 0.785443 0.928470 0.779729 0.928470
1 0.814547 0.867330 0.818230 0.867330 0.818230 0.872780 0.814547 0.872780
1 0.780096 0.849182 0.784844 0.849182 0.784844 0.854829 0.780096 0.854829
1 0.735741 0.849485 0.741414 0.849485 0.741414 0.852807 0.735741 0.852807
1 0.718962 0.855715 0.724038 0.855715 0.724038 0.861252 0.718962 0.861252
1 0.780093 0.815993 0.784154 0.815993 0.784154 0.821441 0.780093 0.821441
1 0.750063 0.821542 0.755716 0.821542 0.755716 0.825164 0.750063 0.825164
1 0.811135 0.804801 0.815754 0.804801 0.815754 0.810684 0.811135 0.810684
1 0.795959 0.688433 0.800434 0.688433 0.800434 0.693335 0.795959 0.693335
1 0.849521 0.637154 0.854751 0.637154 0.854751 0.641695 0.849521 0.641695
1 0.837144 0.459362 0.842579 0.459362 0.842579 0.463416 0.837144 0.463416
1 0.850650 0.437156 0.855769 0.437156 0.855769 0.440944 0.850650 0.440944
1 0.805408 0.443722 0.811101 0.443722 0.811101 0.448268 0.805408 0.448268
1 0.860922 0.400260 0.866388 0.400260 0.866388 0.405134 0.860922 0.405134
1 0.788905 0.408068 0.792156 0.408068 0.792156 0.413883 0.788905 0.413883
1 0.756498 0.414409 0.762090 0.414409 0.762090 0.419311 0.756498 0.419311
1 0.772362 0.356570 0.777629 0.356570 0.777629 0.360308 0.772362 0.360308
1 0.775317 0.126977 0.777752 0.126977 0.777752 0.133721 0.775317 0.133721
1 0.828549 0.057747 0.832141 0.057747 0.832141 0.063039 0.828549 0.063039
1 0.820043 0.059024 0.825716 0.059024 0.825716 0.063565 0.820043 0.063565
1 0.685039 0.115948 0.687867 0.115948 0.687867 0.121971 0.685039 0.121971
1 0.680146 0.283373 0.685695 0.283373 0.685695 0.286772 0.680146 0.286772
1 0.634184 0.283968 0.639338 0.283968 0.639338 0.289021 0.634184 0.289021
1 0.626543 0.265050 0.631216 0.265050 0.631216 0.269919 0.626543 0.269919
1 0.684300 0.335112 0.689789 0.335112 0.689789 0.339042 0.684300 0.339042
1 0.678850 0.350057 0.684407 0.350057 0.684407 0.354978 0.678850 0.354978
1 0.685816 0.365447 0.691306 0.365447 0.691306 0.368936 0.685816 0.368936
1 0.717104 0.388589 0.722798 0.388589 0.722798 0.393288 0.717104 0.393288
1 0.696681 0.491824 0.702549 0.491824 0.702549 0.496634 0.696681 0.496634
1 0.685776 0.511946 0.690438 0.511946 0.690438 0.517014 0.685776 0.517014
1 0.639895 0.473382 0.644415 0.473382 0.644415 0.477900 0.639895 0.477900
1 0.645515 0.443420 0.649521 0.443420 0.649521 0.448707 0.645515 0.448707
1 0.639547 0.426051 0.644725 0.426051 0.644725 0.431339 0.639547 0.431339
1 0.629226 0.405373 0.633369 0.405373 0.633369 0.411064 0.629226 0.411064
1 0.611194 0.437030 0.614851 0.437030 0.614851 0.443161 0.611194 0.443161
1 0.701421 0.546331 0.706979 0.546331 0.706979 0.549747 0.701421 0.549747
1 0.655633 0.589584 0.660436 0.589584 0.660436 0.594563 0.655633 0.594563
1 0.681155 0.590342 0.686663 0.590342 0.686663 0.595718 0.681155 0.595718
1 0.717901 0.607894 0.722497 0.607894 0.722497 0.613671 0.717901 0.613671
1 0.721534 0.643798 0.727297 0.643798 0.727297 0.647604 0.721534 0.647604
1 0.676926 0.644326 0.682341 0.644326 0.682341 0.648080 0.676926 0.648080
1 0.669499 0.679913 0.674024 0.679913 0.674024 0.685042 0.669499 0.685042
1 0.757847 0.739950 0.762198 0.739950 0.762198 0.744872 0.757847 0.744872
1 0.706478 0.982509 0.711296 0.982509 0.711296 0.988325 0.706478 0.988325
1 0.680895 0.983726 0.684422 0.983726 0.684422 0.988907 0.680895 0.988907
1 0.655362 0.963262 0.659137 0.963262 0.659137 0.968760 0.655362 0.968760
1 0.669767 0.953903 0.675132 0.953903 0.675132 0.959295 0.669767 0.959295
1 0.667979 0.939573 0.673494 0.939573 0.673494 0.943698 0.667979 0.943698
1 0.697734 0.938937 0.702802 0.938937 0.702802 0.944595 0.697734 0.944595
1 0.657095 0.900117 0.661339 0.900117 0.661339 0.905408 0.657095 0.905408
1 0.645057 0.907204 0.650369 0.907204 0.650369 0.912385 0.645057 0.912385
1 0.613565 0.900411 0.619426 0.900411 0.619426 0.903326 0.613565 0.903326
1 0.581639 0.926623 0.586363 0.926623 0.586363 0.932810 0.581639 0.932810
1 0.562314 0.952162 0.567784 0.952162 0.567784 0.956552 0.562314 0.956552
1 0.561966 0.962368 0.567884 0.962368 0.567884 0.967232 0.561966 0.967232
1 0.611291 0.872313 0.616776 0.872313 0.616776 0.877604 0.611291 0.877604
1 0.616432 0.861627 0.620640 0.861627 0.620640 0.866515 0.616432 0.866515
1 0.574959 0.813788 0.579030 0.813788 0.579030 0.819042 0.574959 0.819042
1 0.580115 0.741810 0.585873 0.741810 0.585873 0.746264 0.580115 0.746264
1 0.580777 0.726740 0.586120 0.726740 0.586120 0.730529 0.580777 0.730529
1 0.650682 0.721461 0.655152 0.721461 0.655152 0.726704 0.650682 0.726704
1 0.614460 0.716922 0.619386 0.716922 0.619386 0.721109 0.614460 0.721109
1 0.562214 0.707972 0.565527 0.707972 0.565527 0.713882 0.562214 0.713882
1 0.638934 0.688077 0.643703 0.688077 0.643703 0.692571 0.638934 0.692571
1 0.585942 0.668771 0.591600 0.668771 0.591600 0.673398 0.585942 0.673398
1 0.572075 0.675084 0.575457 0.675084 0.575457 0.681036 0.572075 0.681036
1 0.545754 0.667666 0.549032 0.667666 0.549032 0.673508 0.545754 0.673508
1 0.587075 0.646919 0.592465 0.646919 0.592465 0.650896 0.587075 0.650896
1 0.557145 0.621918 0.563158 0.621918 0.563158 0.626049 0.557145 0.626049
1 0.607283 0.609400 0.610101 0.609400 0.610101 0.615523 0.607283 0.615523
1 0.538920 0.605817 0.542853 0.605817 0.542853 0.611241 0.538920 0.611241
1 0.578371 0.595550 0.581973 0.595550 0.581973 0.601459 0.578371 0.601459
1 0.559371 0.580216 0.563510 0.580216 0.563510 0.585948 0.559371 0.585948
1 0.544698 0.531866 0.549286 0.531866 0.549286 0.538073 0.544698 0.538073
1 0.574156 0.511450 0.579988 0.511450 0.579988 0.516005 0.574156 0.516005
1 0.529236 0.499472 0.535167 0.499472 0.535167 0.504131 0.529236 0.504131
1 0.565976 0.484670 0.570103 0.484670 0.570103 0.491066 0.565976 0.491066
1 0.594903 0.492801 0.598687 0.492801 0.598687 0.498741 0.594903 0.498741
1 0.530095 0.450588 0.533537 0.450588 0.533537 0.456800 0.530095 0.456800
1 0.597992 0.396039 0.603582 0.396039 0.603582 0.401339 0.597992 0.401339
1 0.594131 0.402982 0.597144 0.402982 0.597144 0.409196 0.594131 0.409196
1 0.584773 0.356474 0.590018 0.356474 0.590018 0.361500 0.584773 0.361500
1 0.577907 0.348068 0.582464 0.348068 0.582464 0.353733 0.577907 0.353733
1 0.494385 0.208999 0.500316 0.208999 0.500316 0.212290 0.494385 0.212290
1 0.608559 0.101913 0.614482 0.101913 0.614482 0.105293 0.608559 0.105293
1 0.620569 0.015838 0.626929 0.015838 0.626929 0.019586 0.620569 0.019586
1 0.528471 0.036216 0.531562 0.036216 0.531562 0.042245 0.528471 0.042245
1 0.482025 0.017484 0.486841 0.017484 0.486841 0.022509 0.482025 0.022509
1 0.470522 0.019221 0.474994 0.019221 0.474994 0.025800 0.470522 0.025800
1 0.482454 0.057779 0.486412 0.057779 0.486412 0.063352 0.482454 0.063352
1 0.467603 0.086561 0.473364 0.086561 0.473364 0.091312 0.467603 0.091312
1 0.497140 0.109131 0.499973 0.109131 0.499973 0.115984 0.497140 0.115984
1 0.456625 0.116256 0.460659 0.116256 0.460659 0.121923 0.456625 0.121923
1 0.452332 0.061068 0.455595 0.061068 0.455595 0.067556 0.452332 0.067556
1 0.422976 0.098987 0.427440 0.098987 0.427440 0.104470 0.422976 0.104470
1 0.409155 0.089302 0.414563 0.089302 0.414563 0.094602 0.409155 0.094602
1 0.398255 0.088298 0.401780 0.088298 0.401780 0.094877 0.398255 0.094877
1 0.372976 0.077475 0.379772 0.077475 0.379772 0.080680 0.372976 0.080680
1 0.368970 0.065146 0.374765 0.065146 0.374765 0.069410 0.368970 0.069410
1 0.383490 0.029511 0.389213 0.029511 0.389213 0.033014 0.383490 0.033014
1 0.396367 0.022803 0.402090 0.022803 0.402090 0.027905 0.396367 0.027905
1 0.436581 0.178488 0.439965 0.178488 0.439965 0.184356 0.436581 0.184356
1 0.398381 0.187266 0.403900 0.187266 0.403900 0.191178 0.398381 0.191178
1 0.384969 0.204133 0.390140 0.204133 0.390140 0.209897 0.384969 0.209897
1 0.445438 0.234569 0.448722 0.234569 0.448722 0.240492 0.445438 0.240492
1 0.380512 0.277448 0.385480 0.277448 0.385480 0.281990 0.380512 0.281990
1 0.457059 0.348764 0.460158 0.348764 0.460158 0.354983 0.457059 0.354983
1 0.459265 0.354411 0.463675 0.354411 0.463675 0.360439 0.459265 0.360439
1 0.475240 0.386391 0.479890 0.386391 0.479890 0.391215 0.475240 0.391215
1 0.481434 0.404919 0.487400 0.404919 0.487400 0.409299 0.481434 0.409299
1 0.439825 0.412915 0.443825 0.412915 0.443825 0.418309 0.439825 0.418309
1 0.398448 0.429502 0.404206 0.429502 0.404206 0.434349 0.398448 0.434349
1 0.363791 0.418217 0.369213 0.418217 0.369213 0.422006 0.363791 0.422006
1 0.519721 0.494464 0.523655 0.494464 0.523655 0.500112 0.519721 0.500112
1 0.496951 0.483742 0.500110 0.483742 0.500110 0.490784 0.496951 0.490784
1 0.467621 0.510391 0.471795 0.510391 0.471795 0.516039 0.467621 0.516039
1 0.484612 0.518704 0.490155 0.518704 0.490155 0.523653 0.484612 0.523653
1 0.494685 0.531902 0.500765 0.531902 0.500765 0.536090 0.494685 0.536090
1 0.484252 0.563882 0.489557 0.563882 0.489557 0.567880 0.484252 0.567880
1 0.491288 0.572322 0.495996 0.572322 0.495996 0.578794 0.491288 0.578794
1 0.508157 0.581140 0.512687 0.581140 0.512687 0.586281 0.508157 0.586281
1 0.527411 0.590786 0.532477 0.590786 0.532477 0.596497 0.527411 0.596497
1 0.506047 0.666802 0.512063 0.666802 0.512063 0.671673 0.506047 0.671673
1 0.486806 0.669998 0.491391 0.669998 0.491391 0.675405 0.486806 0.675405
1 0.197290 0.190733 0.202412 0.190733 0.202412 0.196127 0.197290 0.196127
1 0.189894 0.226637 0.194811 0.226637 0.194811 0.232084 0.189894 0.232084
1 0.284046 0.227406 0.289183 0.227406 0.289183 0.231719 0.284046 0.231719
1 0.279538 0.235954 0.285042 0.235954 0.285042 0.240889 0.279538 0.240889
1 0.322312 0.214489 0.326285 0.214489 0.326285 0.220043 0.322312 0.220043
1 0.330507 0.226965 0.335931 0.226965 0.335931 0.231151 0.330507 0.231151
1 0.328479 0.239430 0.332785 0.239430 0.332785 0.245913 0.328479 0.245913
1 0.312253 0.253620 0.318049 0.253620 0.318049 0.258203 0.312253 0.258203
1 0.320614 0.290122 0.326368 0.290122 0.326368 0.294661 0.320614 0.294661
1 0.309296 0.296361 0.314720 0.296361 0.314720 0.301029 0.309296 0.301029
1 0.317907 0.332143 0.323578 0.332143 0.323578 0.335975 0.317907 0.335975
1 0.299611 0.329851 0.304785 0.329851 0.304785 0.335359 0.299611 0.335359
1 0.296298 0.324431 0.299692 0.324431 0.299692 0.330687 0.296298 0.330687
1 0.275104 0.340691 0.280195 0.340691 0.280195 0.345097 0.275104 0.345097
1 0.292362 0.398582 0.298243 0.398582 0.298243 0.401843 0.292362 0.401843
1 0.277388 0.419938 0.281214 0.419938 0.281214 0.425109 0.277388 0.425109
1 0.266611 0.414643 0.271181 0.414643 0.271181 0.420305 0.266611 0.420305
1 0.260424 0.456517 0.263534 0.456517 0.263534 0.462392 0.260424 0.462392
1 0.224269 0.435718 0.227460 0.435718 0.227460 0.441443 0.224269 0.441443
1 0.225655 0.403798 0.228586 0.403798 0.228586 0.410250 0.225655 0.410250
1 0.193758 0.400889 0.198880 0.400889 0.198880 0.405702 0.193758 0.405702
1 0.205929 0.449485 0.209511 0.449485 0.209511 0.455617 0.205929 0.455617
1 0.269463 0.499883 0.274638 0.499883 0.274638 0.505465 0.269463 0.505465
1 0.209167 0.498328 0.212510 0.498328 0.212510 0.505357 0.209167 0.505357
1 0.255849 0.510234 0.260121 0.510234 0.260121 0.515277 0.255849 0.515277
1 0.241246 0.555297 0.245207 0.555297 0.245207 0.561084 0.241246 0.561084
1 0.174753 0.616304 0.177718 0.616304 0.177718 0.622245 0.174753 0.622245
1 0.153139 0.633131 0.159175 0.633131 0.159175 0.637836 0.153139 0.637836
1 0.181832 0.667726 0.185844 0.667726 0.185844 0.673790 0.181832 0.673790
1 0.157623 0.665798 0.163254 0.665798 0.163254 0.670827 0.157623 0.670827
1 0.183256 0.701833 0.188433 0.701833 0.188433 0.706449 0.183256 0.706449
1 0.217950 0.708103 0.221575 0.708103 0.221575 0.714167 0.217950 0.714167
1 0.221963 0.725879 0.227789 0.725879 0.227789 0.731048 0.221963 0.731048
1 0.176977 0.731468 0.183450 0.731468 0.183450 0.735939 0.176977 0.735939
1 0.346132 0.778435 0.351897 0.778435 0.351897 0.782798 0.346132 0.782798
1 0.336037 0.777057 0.342241 0.777057 0.342241 0.781650 0.336037 0.781650
1 0.329186 0.772522 0.332800 0.772522 0.332800 0.778263 0.329186 0.778263
1 0.347967 0.825870 0.351699 0.825870 0.351699 0.831900 0.347967 0.831900
1 0.334257 0.825392 0.340010 0.825392 0.340010 0.829842 0.334257 0.829842
1 0.331695 0.808024 0.335425 0.808024 0.335425 0.814147 0.331695 0.814147
1 0.297456 0.811353 0.303074 0.811353 0.303074 0.816713 0.297456 0.816713
1 0.342154 0.861158 0.345563 0.861158 0.345563 0.867167 0.342154 0.867167
1 0.293059 0.801732 0.298589 0.801732 0.298589 0.805607 0.293059 0.805607
1 0.264034 0.792019 0.270288 0.792019 0.270288 0.795702 0.264034 0.795702
1 0.264528 0.763262 0.269612 0.763262 0.269612 0.768142 0.264528 0.768142
1 0.218922 0.823258 0.223329 0.823258 0.223329 0.828771 0.218922 0.828771
1 0.206105 0.803416 0.210060 0.803416 0.210060 0.809410 0.206105 0.809410
1 0.235686 0.888371 0.240418 0.888371 0.240418 0.892987 0.235686 0.892987
1 0.209147 0.889679 0.213168 0.889679 0.213168 0.895468 0.209147 0.895468
1 0.199890 0.872042 0.205335 0.872042 0.205335 0.876933 0.199890 0.876933
1 0.265776 0.949784 0.269972 0.949784 0.269972 0.954808 0.265776 0.954808
1 0.236071 0.937462 0.241165 0.937462 0.241165 0.941649 0.236071 0.941649
1 0.195129 0.954702 0.199268 0.954702 0.199268 0.959862 0.195129 0.959862
1 0.149145 0.962971 0.153464 0.962971 0.153464 0.967278 0.149145 0.967278
1 0.181076 0.923873 0.186583 0.923873 0.186583 0.927661 0.181076 0.927661
1 0.186846 0.916377 0.192128 0.916377 0.192128 0.921719 0.186846 0.921719
1 0.135999 0.913524 0.141527 0.913524 0.141527 0.917744 0.135999 0.917744
1 0.141697 0.892440 0.146079 0.892440 0.146079 0.897345 0.141697 0.897345
1 0.120012 0.902660 0.125854 0.902660 0.125854 0.907724 0.120012 0.907724
1 0.133241 0.863007 0.138037 0.863007 0.138037 0.867512 0.133241 0.867512
1 0.117591 0.851172 0.123633 0.851172 0.123633 0.855536 0.117591 0.855536
1 0.147578 0.840377 0.152600 0.840377 0.152600 0.845373 0.147578 0.845373
1 0.195340 0.830397 0.199557 0.830397 0.199557 0.835282 0.195340 0.835282
1 0.173395 0.820761 0.179298 0.820761 0.179298 0.825380 0.173395 0.825380
1 0.145841 0.817567 0.149208 0.817567 0.149208 0.823494 0.145841 0.823494
1 0.166879 0.801719 0.171086 0.801719 0.171086 0.807301 0.166879 0.807301
1 0.140922 0.795589 0.147525 0.795589 0.147525 0.799722 0.140922 0.799722
1 0.129336 0.789318 0.132377 0.789318 0.132377 0.795589 0.129336 0.795589
1 0.199709 0.761578 0.205794 0.761578 0.205794 0.765987 0.199709 0.765987
1 0.200680 0.768537 0.206506 0.768537 0.206506 0.773843 0.200680 0.773843
1 0.162166 0.760820 0.167150 0.760820 0.167150 0.765575 0.162166 0.765575
1 0.154204 0.765229 0.159125 0.765229 0.159125 0.770673 0.154204 0.770673
1 0.138799 0.732708 0.143653 0.732708 0.143653 0.738082 0.138799 0.738082
1 0.130190 0.742286 0.135368 0.742286 0.135368 0.747523 0.130190 0.747523
1 0.133924 0.653795 0.137104 0.653795 0.137104 0.659927 0.133924 0.659927
1 0.093663 0.685766 0.099107 0.685766 0.099107 0.689625 0.093663 0.689625
1 0.100784 0.703267 0.105774 0.703267 0.105774 0.708985 0.100784 0.708985
1 0.093733 0.649752 0.097385 0.649752 0.097385 0.655706 0.093733 0.655706
1 0.122550 0.620483 0.128222 0.620483 0.128222 0.626104 0.122550 0.626104
1 0.098471 0.610809 0.104452 0.610809 0.104452 0.614363 0.098471 0.614363
1 0.139484 0.601466 0.142592 0.601466 0.142592 0.607501 0.139484 0.607501
1 0.156952 0.548282 0.161497 0.548282 0.161497 0.553067 0.156952 0.553067
1 0.167202 0.533306 0.173319 0.533306 0.173319 0.537661 0.167202 0.537661
1 0.171151 0.498621 0.176077 0.498621 0.176077 0.503513 0.171151 0.503513
1 0.189794 0.470510 0.195690 0.470510 0.195690 0.475194 0.189794 0.475194
1 0.175876 0.465205 0.179248 0.465205 0.179248 0.471404 0.175876 0.471404
1 0.136721 0.444948 0.141770 0.444948 0.141770 0.449701 0.136721 0.449701
1 0.147401 0.445153 0.153487 0.445153 0.153487 0.450251 0.147401 0.450251
1 0.155493 0.434061 0.159311 0.434061 0.159311 0.438677 0.155493 0.438677
1 0.120145 0.406844 0.126300 0.406844 0.126300 0.409876 0.120145 0.409876
1 0.124229 0.369706 0.129795 0.369706 0.129795 0.373288 0.124229 0.373288
1 0.176077 0.356614 0.182161 0.356614 0.182161 0.361025 0.176077 0.361025
1 0.189794 0.356340 0.195107 0.356340 0.195107 0.361783 0.189794 0.361783
1 0.227724 0.381213 0.232455 0.381213 0.232455 0.385899 0.227724 0.385899
1 0.251615 0.369844 0.255630 0.369844 0.255630 0.376251 0.251615 0.376251
1 0.248890 0.328978 0.254405 0.328978 0.254405 0.333443 0.248890 0.333443
1 0.250288 0.319387 0.256347 0.319387 0.256347 0.323852 0.250288 0.323852
1 0.245161 0.293591 0.251298 0.293591 0.251298 0.298139 0.245161 0.298139
1 0.279494 0.289621 0.283455 0.289621 0.283455 0.294914 0.279494 0.294914
1 0.202564 0.275909 0.206842 0.275909 0.206842 0.281629 0.202564 0.281629
1 0.181462 0.252690 0.186841 0.252690 0.186841 0.257030 0.181462 0.257030
1 0.166122 0.296788 0.171111 0.296788 0.171111 0.302506 0.166122 0.302506
1 0.159656 0.291275 0.163928 0.291275 0.163928 0.296580 0.159656 0.296580
1 0.215445 0.246765 0.219659 0.246765 0.219659 0.252415 0.215445 0.252415
1 0.170336 0.202736 0.176744 0.202736 0.176744 0.205837 0.170336 0.205837
1 0.130739 0.109077 0.135864 0.109077 0.135864 0.113211 0.130739 0.113211
1 0.078180 0.105256 0.081068 0.105256 0.081068 0.111804 0.078180 0.111804
1 0.133174 0.147126 0.136716 0.147126 0.136716 0.153774 0.133174 0.153774
1 0.105117 0.155162 0.109218 0.155162 0.109218 0.160521 0.105117 0.160521
1 0.095889 0.165580 0.101948 0.165580 0.101948 0.170344 0.095889 0.170344
1 0.142495 0.163198 0.148739 0.163198 0.148739 0.167367 0.142495 0.167367
1 0.152282 0.169747 0.158247 0.169747 0.158247 0.173717 0.152282 0.173717
1 0.120218 0.173618 0.125996 0.173618 0.125996 0.177586 0.120218 0.177586
1 0.104092 0.192369 0.108939 0.192369 0.108939 0.197926 0.104092 0.197926
1 0.124971 0.220151 0.128792 0.220151 0.128792 0.225608 0.124971 0.225608
1 0.103813 0.360248 0.108473 0.360248 0.108473 0.365010 0.103813 0.365010
1 0.070536 0.373343 0.076408 0.373343 0.076408 0.376618 0.070536 0.376618
1 0.090950 0.335144 0.096076 0.335144 0.096076 0.340602 0.090950 0.340602
1 0.053292 0.212015 0.056089 0.212015 0.056089 0.218564 0.053292 0.218564
1 0.034184 0.173618 0.040150 0.173618 0.040150 0.177785 0.034184 0.177785
1 0.035583 0.159131 0.039498 0.159131 0.039498 0.165580 0.035583 0.165580
1 0.070536 0.030048 0.073705 0.030048 0.073705 0.037092 0.070536 0.037092
1 0.084332 0.426327 0.089737 0.426327 0.089737 0.432279 0.084332 0.432279
1 0.091602 0.431387 0.096076 0.431387 0.096076 0.436745 0.091602 0.436745
1 0.016661 0.475539 0.022813 0.475539 0.022813 0.479210 0.016661 0.479210
1 0.094771 0.468991 0.101110 0.468991 0.101110 0.473650 0.094771 0.473650
1 0.061216 0.492208 0.066994 0.492208 0.066994 0.496573 0.061216 0.496573
1 0.018618 0.484668 0.024397 0.484668 0.024397 0.489826 0.018618 0.489826
1 0.019271 0.505603 0.024490 0.505603 0.024490 0.510365 0.019271 0.510365
1 0.051988 0.533781 0.057114 0.533781 0.057114 0.539633 0.051988 0.539633
1 0.060749 0.534376 0.065503 0.534376 0.065503 0.539834 0.060749 0.539834
1 0.068952 0.568706 0.073705 0.568706 0.073705 0.573368 0.068952 0.573368
1 0.068300 0.632998 0.074266 0.632998 0.074266 0.637365 0.068300 0.637365
1 0.007899 0.662863 0.013678 0.662863 0.013678 0.665245 0.007899 0.665245
1 0.021041 0.676357 0.027287 0.676357 0.027287 0.681518 0.021041 0.681518
1 0.035397 0.718922 0.040429 0.718922 0.040429 0.723288 0.035397 0.723288
1 0.068113 0.734896 0.071655 0.734896 0.071655 0.741247 0.068113 0.741247
1 0.028125 0.762678 0.033718 0.762678 0.033718 0.767937 0.028125 0.767937
1 0.015728 0.769325 0.020482 0.769325 0.020482 0.774186 0.015728 0.774186
1 0.055157 0.793832 0.060003 0.793832 0.060003 0.799092 0.055157 0.799092
1 0.069604 0.793435 0.075849 0.793435 0.075849 0.797900 0.069604 0.797900
1 0.088712 0.827567 0.092720 0.827567 0.092720 0.833719 0.088712 0.833719
1 0.087874 0.841061 0.093933 0.841061 0.093933 0.845922 0.087874 0.845922
1 0.095330 0.859217 0.101110 0.859217 0.101110 0.863186 0.095330 0.863186
1 0.031946 0.818141 0.038378 0.818141 0.038378 0.823202 0.031946 0.823202
1 0.015542 0.822407 0.020110 0.822407 0.020110 0.827765 0.015542 0.827765
1 0.033905 0.834909 0.038566 0.834909 0.038566 0.840365 0.033905 0.840365
1 0.032228 0.871420 0.038939 0.871420 0.038939 0.874695 0.032228 0.874695
1 0.032134 0.883922 0.037819 0.883922 0.037819 0.889678 0.032134 0.889678
1 0.091975 0.889975 0.097381 0.889975 0.097381 0.894638 0.091975 0.894638
1 0.041828 0.931151 0.046302 0.931151 0.046302 0.936706 0.041828 0.936706
1 0.014424 0.929761 0.018152 0.929761 0.018152 0.935913 0.014424 0.935913
1 0.087967 0.934833 0.093562 0.934833 0.093562 0.938691 0.087967 0.938691
1 0.098779 0.949308 0.104931 0.949308 0.104931 0.953474 0.098779 0.953474
1 0.094771 0.958139 0.099338 0.958139 0.099338 0.963496 0.094771 0.963496
1 0.043692 0.971135 0.049005 0.971135 0.049005 0.975800 0.043692 0.975800
1 0.024863 0.963198 0.029804 0.963198 0.029804 0.968953 0.024863 0.968953
4 0.194320 0.819963 0.207340 0.819963 0.207340 0.829825 0.194320 0.829825
4 0.133788 0.702768 0.143703 0.702768 0.143703 0.715881 0.133788 0.715881
4 0.158493 0.709230 0.171647 0.709230 0.171647 0.720903 0.158493 0.720903
4 0.092119 0.636784 0.105879 0.636784 0.105879 0.647145 0.092119 0.647145
4 0.142224 0.580133 0.157150 0.580133 0.157150 0.585383 0.142224 0.585383
4 0.186689 0.571355 0.199335 0.571355 0.199335 0.581349 0.186689 0.581349
4 0.012817 0.353242 0.027430 0.353242 0.027430 0.358539 0.012817 0.358539
4 0.623119 0.292568 0.635889 0.292568 0.635889 0.299524 0.623119 0.299524
4 0.047182 0.016382 0.059814 0.016382 0.059814 0.027326 0.047182 0.027326
4 0.014939 0.026828 0.025858 0.026828 0.025858 0.036942 0.014939 0.036942
4 0.079735 0.051036 0.092369 0.051036 0.092369 0.061813 0.079735 0.061813
4 0.060888 0.083202 0.071496 0.083202 0.071496 0.094310 0.060888 0.094310
4 0.231946 0.033262 0.242016 0.033262 0.242016 0.042716 0.231946 0.042716
4 0.724668 0.363409 0.735388 0.363409 0.735388 0.372392 0.724668 0.372392
4 0.575001 0.443497 0.589335 0.443497 0.589335 0.449734 0.575001 0.449734
4 0.520096 0.444103 0.538674 0.444103 0.538674 0.449380 0.520096 0.449380
4 0.548175 0.360370 0.558642 0.360370 0.558642 0.370319 0.548175 0.370319
4 0.477125 0.377379 0.488085 0.377379 0.488085 0.384648 0.477125 0.384648
4 0.493964 0.323363 0.506307 0.323363 0.506307 0.333276 0.493964 0.333276
4 0.750932 0.169717 0.761857 0.169717 0.761857 0.177788 0.750932 0.177788
4 0.686355 0.107655 0.701066 0.107655 0.701066 0.116302 0.686355 0.116302
5 0.398598 0.691704 0.404061 0.691704 0.404061 0.701132 0.398598 0.701132
1 0.459050 0.651725 0.462206 0.651725 0.462206 0.657969 0.459050 0.657969
1 0.507192 0.701218 0.511705 0.701218 0.511705 0.707234 0.507192 0.707234
1 0.482156 0.699315 0.486741 0.699315 0.486741 0.704493 0.482156 0.704493
1 0.520855 0.714466 0.526155 0.714466 0.526155 0.719644 0.520855 0.719644
1 0.500616 0.844934 0.506398 0.844934 0.506398 0.849692 0.500616 0.849692
1 0.497338 0.837446 0.500556 0.837446 0.500556 0.843855 0.497338 0.843855
1 0.463896 0.830529 0.467473 0.830529 0.467473 0.836494 0.463896 0.836494
1 0.460379 0.849566 0.466042 0.849566 0.466042 0.854896 0.460379 0.854896
1 0.484086 0.889205 0.488616 0.889205 0.488616 0.894154 0.484086 0.894154
1 0.460301 0.876070 0.464473 0.876070 0.464473 0.881780 0.460301 0.881780
1 0.498917 0.974960 0.503745 0.974960 0.503745 0.980290 0.498917 0.980290
1 0.442081 0.946065 0.445761 0.946065 0.445761 0.951619 0.442081 0.951619
1 0.435127 0.932106 0.441098 0.932106 0.441098 0.936217 0.435127 0.936217
1 0.438646 0.926302 0.444478 0.926302 0.444478 0.930416 0.438646 0.930416
1 0.430025 0.905116 0.433026 0.905116 0.433026 0.911211 0.430025 0.911211
1 0.421434 0.897404 0.426437 0.897404 0.426437 0.903317 0.421434 0.903317
1 0.433903 0.870781 0.437352 0.870781 0.437352 0.876519 0.433903 0.876519
1 0.384249 0.872853 0.390048 0.872853 0.390048 0.877744 0.384249 0.877744
1 0.428904 0.841240 0.435220 0.841240 0.435220 0.844912 0.428904 0.844912
1 0.385185 0.833143 0.389083 0.833143 0.389083 0.838835 0.385185 0.838835
1 0.388950 0.803255 0.393780 0.803255 0.393780 0.809223 0.388950 0.809223
1 0.441677 0.798399 0.446160 0.798399 0.446160 0.803388 0.441677 0.803388
1 0.433540 0.802500 0.438543 0.802500 0.438543 0.807641 0.433540 0.807641
1 0.401763 0.789897 0.406235 0.789897 0.406235 0.795398 0.401763 0.795398
1 0.418466 0.753586 0.422580 0.753586 0.422580 0.758791 0.418466 0.758791
1 0.404518 0.732775 0.409466 0.732775 0.409466 0.738867 0.404518 0.738867
1 0.389378 0.744006 0.394861 0.744006 0.394861 0.748574 0.389378 0.748574
1 0.376382 0.717799 0.382164 0.717799 0.382164 0.721987 0.376382 0.721987
1 0.403207 0.719766 0.406962 0.719766 0.406962 0.726111 0.403207 0.726111
1 0.417513 0.706060 0.423296 0.706060 0.423296 0.711264 0.417513 0.711264
1 0.431692 0.695401 0.434562 0.695401 0.434562 0.701434 0.431692 0.701434
1 0.363138 0.683450 0.367772 0.683450 0.367772 0.688383 0.363138 0.688383
1 0.423568 0.669835 0.429148 0.669835 0.429148 0.674312 0.423568 0.674312
1 0.430935 0.651847 0.435036 0.651847 0.435036 0.658413 0.430935 0.658413
1 0.390657 0.637717 0.393836 0.637717 0.393836 0.643698 0.390657 0.643698
1 0.431589 0.615038 0.435166 0.615038 0.435166 0.621172 0.431589 0.621172
1 0.419419 0.607317 0.425181 0.607317 0.425181 0.611601 0.419419 0.611601
1 0.416538 0.595314 0.421853 0.595314 0.421853 0.599069 0.416538 0.599069
1 0.393424 0.575529 0.397546 0.575529 0.397546 0.580921 0.393424 0.580921
1 0.369401 0.525543 0.375267 0.525543 0.375267 0.530143 0.369401 0.530143
1 0.435385 0.472796 0.439240 0.472796 0.439240 0.478165 0.435385 0.478165
1 0.319105 0.380347 0.324673 0.380347 0.324673 0.384154 0.319105 0.384154
1 0.348325 0.173074 0.351140 0.173074 0.351140 0.179378 0.348325 0.179378
1 0.315359 0.185235 0.321619 0.185235 0.321619 0.189729 0.315359 0.189729
1 0.307857 0.194859 0.311086 0.194859 0.311086 0.201045 0.307857 0.201045
1 0.300208 0.178520 0.306671 0.178520 0.306671 0.181957 0.300208 0.181957
1 0.319135 0.124721 0.323655 0.124721 0.323655 0.129692 0.319135 0.129692
1 0.315508 0.110074 0.321717 0.110074 0.321717 0.113301 0.315508 0.113301
1 0.281184 0.142006 0.286428 0.142006 0.286428 0.147075 0.281184 0.147075
1 0.309438 0.099851 0.315398 0.099851 0.315398 0.104038 0.309438 0.104038
1 0.309968 0.021596 0.313650 0.021596 0.313650 0.027253 0.309968 0.027253
1 0.301674 0.010491 0.307689 0.010491 0.307689 0.014774 0.301674 0.014774
1 0.210328 0.123350 0.215465 0.123350 0.215465 0.128682 0.210328 0.128682
1 0.270120 0.209559 0.274342 0.209559 0.274342 0.215058 0.270120 0.215058
1 0.255267 0.199564 0.261178 0.199564 0.261178 0.204376 0.255267 0.204376
1 0.237776 0.214951 0.241208 0.214951 0.241208 0.221192 0.237776 0.221192
1 0.209218 0.205328 0.215029 0.205328 0.215029 0.209347 0.209218 0.209347
