3 0.952141 0.152203 0.956416 0.152217 0.956404 0.156345 0.952129 0.156331
2 0.960867 0.133325 0.960776 0.128019 0.966661 0.127905 0.966752 0.133211
2 0.668441 0.565968 0.668471 0.570252 0.662976 0.570296 0.662946 0.566012
2 0.185655 0.813611 0.190966 0.813856 0.190766 0.818772 0.185455 0.818527
2 0.849525 0.437765 0.844687 0.437759 0.844692 0.432970 0.849530 0.432976
2 0.309969 0.634052 0.304258 0.634048 0.304261 0.629258 0.309972 0.629262
2 0.946293 0.582773 0.940655 0.582737 0.940681 0.578109 0.946319 0.578145
2 0.627175 0.938254 0.627165 0.933598 0.632947 0.933584 0.632957 0.938240
2 0.332327 0.059749 0.332256 0.055285 0.337324 0.055193 0.337396 0.059657
2 0.642555 0.390210 0.647911 0.390381 0.647777 0.395157 0.642421 0.394986
2 0.253965 0.911977 0.248437 0.911968 0.248444 0.907073 0.253972 0.907082
2 0.585531 0.253717 0.591622 0.253773 0.591585 0.258396 0.585494 0.258340
2 0.345150 0.207831 0.350647 0.207865 0.350619 0.212939 0.345122 0.212905
2 0.212519 0.287282 0.218097 0.287311 0.218073 0.292398 0.212495 0.292368
2 0.336936 0.044055 0.336856 0.038955 0.342415 0.038855 0.342496 0.043955
3 0.886351 0.224652 0.882284 0.224618 0.882313 0.220665 0.886380 0.220699
2 0.959634 0.974543 0.965380 0.974579 0.965354 0.979205 0.959609 0.979169
2 0.226732 0.822601 0.220821 0.822573 0.220842 0.817517 0.226753 0.817545
2 0.723236 0.325322 0.717669 0.325288 0.717695 0.320545 0.723262 0.320579
2 0.389003 0.022558 0.394841 0.022602 0.394808 0.027643 0.388970 0.027599
2 0.736328 0.885371 0.730449 0.885324 0.730484 0.880364 0.736363 0.880411
3 0.952685 0.110804 0.956899 0.110825 0.956881 0.115076 0.952666 0.115055
2 0.195357 0.712064 0.201225 0.712064 0.201225 0.716937 0.195357 0.716937
2 0.109135 0.114972 0.114931 0.114972 0.114931 0.119210 0.109135 0.119210
2 0.160544 0.127171 0.166386 0.127171 0.166386 0.131600 0.160544 0.131600
2 0.028762 0.431528 0.034987 0.431528 0.034987 0.436341 0.028762 0.436341
2 0.451776 0.704471 0.457374 0.704471 0.457374 0.709041 0.451776 0.709041
2 0.482728 0.966359 0.488294 0.966359 0.488294 0.971114 0.482728 0.971114
2 0.102267 0.134873 0.107897 0.134873 0.107897 0.139344 0.102267 0.139344
2 0.306634 0.440951 0.300488 0.440885 0.300534 0.435969 0.306680 0.436034
2 0.215691 0.396406 0.221604 0.396406 0.221604 0.401436 0.215691 0.401436
2 0.101761 0.453238 0.107639 0.453238 0.107639 0.458336 0.101761 0.458336
