13 0.285340 0.205221 0.290831 0.205221 0.290831 0.211596 0.285340 0.211596
13 0.289185 0.495915 0.292762 0.495915 0.292762 0.501868 0.289185 0.501868
13 0.378592 0.383935 0.382643 0.383935 0.382643 0.389199 0.378592 0.389199
13 0.473706 0.811289 0.482259 0.811289 0.482259 0.818151 0.473706 0.818151
13 0.434672 0.774909 0.444157 0.774909 0.444157 0.782598 0.434672 0.782598
13 0.199569 0.637922 0.205237 0.637922 0.205237 0.643778 0.199569 0.643778
13 0.215654 0.591912 0.221108 0.591912 0.221108 0.597883 0.215654 0.597883
13 0.452711 0.786567 0.462508 0.786567 0.462508 0.793844 0.452711 0.793844
13 0.647568 0.685758 0.653738 0.685758 0.653738 0.691357 0.647568 0.691357
13 0.770959 0.537973 0.776742 0.537973 0.776742 0.543720 0.770959 0.543720
1 0.968274 0.273583 0.963349 0.277977 0.960467 0.274325 0.965391 0.269931
1 0.629078 0.183939 0.623808 0.187019 0.622012 0.183544 0.627282 0.180464
1 0.765560 0.287990 0.755063 0.290281 0.754280 0.286220 0.764776 0.283929
1 0.832590 0.286743 0.840304 0.281084 0.842249 0.284081 0.834535 0.289740
1 0.831610 0.390343 0.823995 0.395703 0.821829 0.392224 0.829444 0.386864
1 0.813131 0.318515 0.805406 0.323728 0.803659 0.320800 0.811384 0.315587
1 0.769549 0.310251 0.759537 0.314084 0.758029 0.309629 0.768041 0.305796
1 0.944533 0.329421 0.941143 0.333597 0.938770 0.331418 0.942160 0.327243
1 0.801651 0.327276 0.792727 0.331843 0.791026 0.328085 0.799950 0.323518
1 0.649437 0.112801 0.639146 0.118472 0.637028 0.114127 0.647318 0.108455
1 0.356690 0.294660 0.350635 0.297158 0.349284 0.293456 0.355339 0.290958
1 0.368322 0.249492 0.375849 0.248267 0.376459 0.252505 0.368932 0.253729
1 0.232519 0.244681 0.225949 0.248763 0.224440 0.246017 0.231010 0.241935
1 0.080886 0.675936 0.076552 0.681018 0.073592 0.678164 0.077925 0.673082
1 0.947550 0.451216 0.943183 0.453592 0.941499 0.450093 0.945866 0.447717
13 0.095698 0.379007 0.101458 0.379007 0.101458 0.385945 0.095698 0.385945
13 0.015275 0.294906 0.020959 0.294906 0.020959 0.302182 0.015275 0.302182
13 0.051184 0.306689 0.056627 0.306689 0.056627 0.313800 0.051184 0.313800
13 0.147319 0.256269 0.156666 0.256269 0.156666 0.262992 0.147319 0.262992
13 0.294099 0.160617 0.301687 0.160617 0.301687 0.167370 0.294099 0.167370
13 0.957508 0.473210 0.961248 0.473210 0.961248 0.478841 0.957508 0.478841
13 0.967840 0.528118 0.971994 0.528118 0.971994 0.533768 0.967840 0.533768
13 0.935707 0.559256 0.940372 0.559256 0.940372 0.566084 0.935707 0.566084
13 0.972840 0.557236 0.982273 0.557236 0.982273 0.563981 0.972840 0.563981
13 0.854798 0.679610 0.860093 0.679610 0.860093 0.686066 0.854798 0.686066
13 0.922369 0.662164 0.927508 0.662164 0.927508 0.666140 0.922369 0.666140
13 0.929098 0.702240 0.935649 0.702240 0.935649 0.708786 0.929098 0.708786
13 0.981349 0.757439 0.985780 0.757439 0.985780 0.765220 0.981349 0.765220
13 0.976450 0.789601 0.985702 0.789601 0.985702 0.798044 0.976450 0.798044
13 0.980496 0.822394 0.986111 0.822394 0.986111 0.828021 0.980496 0.828021
13 0.976609 0.875405 0.980788 0.875405 0.980788 0.879705 0.976609 0.879705
13 0.877850 0.899123 0.882835 0.899123 0.882835 0.905424 0.877850 0.905424
13 0.664197 0.948732 0.668558 0.948732 0.668558 0.954611 0.664197 0.954611
13 0.575738 0.799215 0.579627 0.799215 0.579627 0.804618 0.575738 0.804618
13 0.114222 0.923697 0.119194 0.923697 0.119194 0.929413 0.114222 0.929413
13 0.106750 0.828598 0.110483 0.828598 0.110483 0.834562 0.106750 0.834562
13 0.258266 0.159928 0.267605 0.159928 0.267605 0.167093 0.258266 0.167093
13 0.282747 0.095932 0.291923 0.095932 0.291923 0.103704 0.282747 0.103704
13 0.346549 0.023108 0.356526 0.023108 0.356526 0.031097 0.346549 0.031097
13 0.225614 0.024061 0.235262 0.024061 0.235262 0.032168 0.225614 0.032168
13 0.375687 0.067135 0.381845 0.067135 0.381845 0.074676 0.375687 0.074676
13 0.171483 0.077675 0.178424 0.077675 0.178424 0.083865 0.171483 0.083865
13 0.149648 0.118155 0.155358 0.118155 0.155358 0.124466 0.149648 0.124466
13 0.023230 0.006874 0.031870 0.006874 0.031870 0.013249 0.023230 0.013249
13 0.090257 0.014713 0.099051 0.014713 0.099051 0.021741 0.090257 0.021741
13 0.439262 0.297220 0.443155 0.297220 0.443155 0.303362 0.439262 0.303362
13 0.916418 0.312711 0.920216 0.312711 0.920216 0.316029 0.916418 0.316029
13 0.682618 0.851605 0.688839 0.851605 0.688839 0.856897 0.682618 0.856897
13 0.749270 0.723496 0.755811 0.723496 0.755811 0.729945 0.749270 0.729945
13 0.741619 0.473401 0.747565 0.473401 0.747565 0.479009 0.741619 0.479009
13 0.389567 0.726163 0.398256 0.726163 0.398256 0.733191 0.389567 0.733191
13 0.981053 0.164442 0.986949 0.164442 0.986949 0.170028 0.981053 0.170028
13 0.924950 0.081967 0.930471 0.081967 0.930471 0.086853 0.924950 0.086853
13 0.743096 0.560482 0.748555 0.560482 0.748555 0.565541 0.743096 0.565541
13 0.561601 0.176992 0.570499 0.176992 0.570499 0.183745 0.561601 0.183745
13 0.887054 0.178268 0.891959 0.178268 0.891959 0.184047 0.887054 0.184047
13 0.948889 0.104690 0.953278 0.104690 0.953278 0.110744 0.948889 0.110744
13 0.844345 0.081448 0.848646 0.081448 0.848646 0.084962 0.844345 0.084962
13 0.650297 0.132905 0.654081 0.132905 0.654081 0.138312 0.650297 0.138312
13 0.551400 0.138150 0.555088 0.138150 0.555088 0.143831 0.551400 0.143831
13 0.449093 0.167890 0.455076 0.167890 0.455076 0.174793 0.449093 0.174793
13 0.414801 0.148268 0.419665 0.148268 0.419665 0.153830 0.414801 0.153830
13 0.445680 0.035278 0.448494 0.035278 0.448494 0.038681 0.445680 0.038681
13 0.684816 0.212355 0.688708 0.212355 0.688708 0.217784 0.684816 0.217784
13 0.680390 0.332685 0.684331 0.332685 0.684331 0.337820 0.680390 0.337820
13 0.876365 0.368188 0.880737 0.368188 0.880737 0.373570 0.876365 0.373570
13 0.979763 0.249264 0.983870 0.249264 0.983870 0.255149 0.979763 0.255149
13 0.414565 0.812055 0.419079 0.812055 0.419079 0.818123 0.414565 0.818123
13 0.440703 0.866502 0.445420 0.866502 0.445420 0.873168 0.440703 0.873168
13 0.428079 0.868569 0.433013 0.868569 0.433013 0.873168 0.428079 0.873168
13 0.306667 0.856197 0.310382 0.856197 0.310382 0.861752 0.306667 0.861752
13 0.363358 0.970644 0.367550 0.970644 0.367550 0.976999 0.363358 0.976999
13 0.352809 0.680661 0.356860 0.680661 0.356860 0.686460 0.352809 0.686460
13 0.438555 0.544011 0.442654 0.544011 0.442654 0.549755 0.438555 0.549755
13 0.443115 0.468626 0.446881 0.468626 0.446881 0.474004 0.443115 0.474004
13 0.557583 0.541459 0.562195 0.541459 0.562195 0.546902 0.557583 0.546902
13 0.523477 0.429817 0.527586 0.429817 0.527586 0.436172 0.523477 0.436172
13 0.375790 0.186398 0.384985 0.186398 0.384985 0.192921 0.375790 0.192921
13 0.337016 0.193150 0.346213 0.193150 0.346213 0.199832 0.337016 0.199832
13 0.126938 0.174533 0.130790 0.174533 0.130790 0.177987 0.126938 0.177987
