1 0.111500 0.008137 0.116140 0.004123 0.117440 0.005833 0.112799 0.009847
1 0.466753 0.196670 0.462625 0.201213 0.460879 0.199408 0.465006 0.194864
1 0.604533 0.735775 0.608713 0.730839 0.610354 0.732421 0.606174 0.737356
1 0.081821 0.727656 0.078948 0.732816 0.077165 0.731687 0.080038 0.726527
1 0.462091 0.775129 0.467307 0.771877 0.468328 0.773739 0.463111 0.776992
1 0.880224 0.233507 0.876046 0.237826 0.874764 0.236416 0.878943 0.232096
1 0.334948 0.859578 0.330731 0.862532 0.329708 0.860870 0.333925 0.857916
1 0.527160 0.242976 0.529985 0.236699 0.532182 0.237824 0.529357 0.244101
1 0.518011 0.735220 0.523817 0.732721 0.524589 0.734760 0.518782 0.737260
1 0.333806 0.395061 0.336886 0.390308 0.338653 0.391611 0.335573 0.396364
1 0.882121 0.623013 0.885804 0.618198 0.887342 0.619537 0.883660 0.624352
1 0.274698 0.931560 0.272905 0.932656 0.270078 0.927395 0.271871 0.926299
1 0.771362 0.696958 0.773261 0.690574 0.775215 0.691236 0.773316 0.697619
1 0.125648 0.213009 0.129883 0.208897 0.131454 0.210738 0.127219 0.214850
1 0.354755 0.935236 0.352597 0.940083 0.350750 0.939147 0.352907 0.934300
1 0.288111 0.404345 0.291628 0.399528 0.292972 0.400645 0.289454 0.405462
1 0.048384 0.912306 0.049725 0.906145 0.051662 0.906624 0.050322 0.912786
1 0.606697 0.407383 0.610180 0.401945 0.612518 0.403650 0.609035 0.409087
1 0.453988 0.388880 0.457739 0.383507 0.459625 0.385005 0.455875 0.390379
1 0.153907 0.192716 0.156608 0.187112 0.158400 0.188095 0.155699 0.193699
1 0.265649 0.061355 0.267967 0.055679 0.269749 0.056507 0.267432 0.062183
2 0.408184 0.864911 0.402806 0.864821 0.402872 0.860297 0.408250 0.860387
2 0.417466 0.644322 0.411729 0.644246 0.411774 0.640375 0.417511 0.640451
1 0.829867 0.320995 0.834969 0.317800 0.835870 0.319437 0.830768 0.322632
1 0.193369 0.980849 0.193317 0.982883 0.186855 0.982697 0.186907 0.980663
1 0.558366 0.502404 0.560648 0.496439 0.562660 0.497315 0.560378 0.503280
1 0.503714 0.966040 0.501396 0.966360 0.500575 0.959602 0.502893 0.959282
1 0.544224 0.518905 0.546147 0.511999 0.548193 0.512648 0.546270 0.519554
1 0.431987 0.201332 0.430673 0.202641 0.426298 0.197639 0.427612 0.196331
1 0.450842 0.176731 0.454346 0.171261 0.456148 0.172575 0.452645 0.178045
1 0.410520 0.345911 0.413670 0.340530 0.415266 0.341594 0.412117 0.346974
1 0.422954 0.166353 0.426558 0.161374 0.428145 0.162682 0.424541 0.167660
2 0.597018 0.521573 0.591102 0.521564 0.591109 0.516204 0.597025 0.516213
2 0.864436 0.824190 0.858974 0.824168 0.858991 0.819594 0.864452 0.819616
2 0.794692 0.776870 0.800815 0.776897 0.800796 0.781754 0.794674 0.781727
1 0.472433 0.981627 0.466763 0.983792 0.466096 0.981805 0.471766 0.979640
1 0.536679 0.984501 0.539292 0.990294 0.537663 0.991130 0.535050 0.985337
1 0.657473 0.983777 0.655048 0.989452 0.653081 0.988495 0.655506 0.982820
1 0.665078 0.957500 0.664723 0.963882 0.662970 0.963771 0.663325 0.957389
1 0.768795 0.885186 0.774139 0.887676 0.773368 0.889560 0.768024 0.887070
1 0.716292 0.950634 0.722210 0.953007 0.721479 0.955082 0.715560 0.952709
1 0.713357 0.984777 0.709878 0.989847 0.708313 0.988625 0.711792 0.983555
1 0.895133 0.945144 0.898948 0.950047 0.897589 0.951250 0.893774 0.946348
1 0.981323 0.960687 0.978148 0.966345 0.976692 0.965416 0.979867 0.959757
1 0.951363 0.985864 0.949289 0.992362 0.947435 0.991688 0.949509 0.985191
1 0.831741 0.913892 0.832037 0.920347 0.830059 0.920451 0.829763 0.913995
1 0.860157 0.850101 0.857454 0.856095 0.855560 0.855123 0.858264 0.849129
1 0.938041 0.513610 0.937567 0.520042 0.935450 0.519864 0.935924 0.513433
1 0.888796 0.457989 0.883371 0.460223 0.882696 0.458357 0.888121 0.456124
1 0.967079 0.262821 0.965169 0.268103 0.963241 0.267310 0.965151 0.262028
1 0.947342 0.395484 0.943264 0.399849 0.941907 0.398406 0.945985 0.394042
1 0.972638 0.412104 0.969045 0.417809 0.967244 0.416518 0.970837 0.410813
1 0.849435 0.386580 0.844574 0.389466 0.842738 0.385945 0.847599 0.383060
1 0.896693 0.330979 0.892536 0.335621 0.890965 0.334020 0.895122 0.329378
1 0.594892 0.332223 0.590376 0.335988 0.589263 0.334469 0.593779 0.330704
1 0.012758 0.630928 0.006897 0.630621 0.006995 0.628486 0.012856 0.628793
1 0.559079 0.266969 0.555558 0.271917 0.553969 0.270630 0.557490 0.265682
1 0.181541 0.139817 0.176848 0.144231 0.175459 0.142551 0.180152 0.138137
1 0.313412 0.219153 0.308679 0.222284 0.307695 0.220590 0.312428 0.217460
1 0.324267 0.186427 0.320432 0.191235 0.318995 0.189930 0.322830 0.185122
1 0.290468 0.151729 0.285396 0.155256 0.284335 0.153518 0.289406 0.149992
1 0.311283 0.139278 0.306134 0.142173 0.305191 0.140265 0.310340 0.137370
1 0.356981 0.159129 0.354305 0.165308 0.352554 0.164445 0.355230 0.158266
1 0.372053 0.122990 0.367566 0.127063 0.366179 0.125324 0.370666 0.121251
1 0.328469 0.109905 0.324234 0.114148 0.322586 0.112277 0.326822 0.108033
1 0.363939 0.105231 0.358429 0.108449 0.357479 0.106598 0.362989 0.103380
1 0.475369 0.145695 0.473359 0.151853 0.471606 0.151202 0.473616 0.145044
1 0.289736 0.350101 0.286070 0.354879 0.284535 0.353539 0.288201 0.348760
1 0.393091 0.281118 0.389341 0.285785 0.387870 0.284440 0.391620 0.279773
1 0.701691 0.380982 0.697643 0.385516 0.696270 0.384122 0.700318 0.379587
1 0.636660 0.436679 0.632261 0.440904 0.630933 0.439330 0.635332 0.435105
1 0.594338 0.470498 0.590311 0.473529 0.589296 0.471993 0.593323 0.468963
1 0.491524 0.541951 0.486398 0.545107 0.485380 0.543225 0.490506 0.540069
1 0.277658 0.624437 0.273019 0.628620 0.271590 0.626817 0.276229 0.622634
1 0.205086 0.832080 0.201029 0.837131 0.199519 0.835750 0.203576 0.830700
1 0.236270 0.814791 0.241171 0.817330 0.240284 0.819278 0.235383 0.816739
1 0.363903 0.860208 0.359828 0.864903 0.358446 0.863537 0.362521 0.858843
1 0.139452 0.065618 0.135629 0.070342 0.134340 0.069155 0.138162 0.064431
1 0.435123 0.867174 0.430062 0.870179 0.428996 0.868135 0.434056 0.865130
1 0.547883 0.846751 0.545019 0.852221 0.543398 0.851255 0.546263 0.845785
1 0.614669 0.830529 0.609778 0.834278 0.608482 0.832354 0.613373 0.828605
1 0.547802 0.750376 0.543048 0.754007 0.542029 0.752489 0.546783 0.748858
1 0.546689 0.777122 0.540803 0.778595 0.540426 0.776882 0.546312 0.775409
1 0.641912 0.738693 0.639063 0.743048 0.637602 0.741961 0.640451 0.737605
1 0.654802 0.793787 0.652395 0.799663 0.650425 0.798745 0.652832 0.792869
1 0.770659 0.495230 0.765661 0.498731 0.764604 0.497014 0.769602 0.493513
1 0.668061 0.519330 0.663643 0.523849 0.662293 0.522347 0.666711 0.517828
1 0.715591 0.025126 0.712171 0.030057 0.710578 0.028800 0.713998 0.023869
1 0.703252 0.018062 0.698944 0.022304 0.697638 0.020794 0.701946 0.016552
1 0.674675 0.044402 0.673130 0.050773 0.671105 0.050214 0.672650 0.043844
1 0.714781 0.065537 0.713452 0.071778 0.711438 0.071290 0.712767 0.065049
1 0.691237 0.078503 0.687748 0.083900 0.685974 0.082595 0.689463 0.077198
1 0.418724 0.218609 0.413768 0.222339 0.412614 0.220594 0.417570 0.216864
1 0.477139 0.238570 0.473707 0.243256 0.472260 0.242050 0.475692 0.237364
1 0.462095 0.293411 0.458786 0.298784 0.457082 0.297590 0.460391 0.292217
1 0.471048 0.265620 0.469158 0.271715 0.467221 0.271031 0.469111 0.264937
1 0.515076 0.258145 0.512005 0.263532 0.510266 0.262404 0.513337 0.257017
1 0.578148 0.290441 0.574131 0.294941 0.572743 0.293531 0.576760 0.289031
1 0.672326 0.292155 0.668118 0.296739 0.666643 0.295199 0.670851 0.290615
1 0.635160 0.305221 0.630179 0.308846 0.629103 0.307164 0.634084 0.303539
1 0.602792 0.302434 0.599137 0.307704 0.597573 0.306470 0.601228 0.301200
1 0.563838 0.320797 0.560744 0.326402 0.559255 0.325466 0.562349 0.319862
1 0.300739 0.439130 0.298133 0.444634 0.296346 0.443671 0.298952 0.438167
1 0.245002 0.383185 0.241869 0.388639 0.240051 0.387451 0.243184 0.381997
1 0.293667 0.371561 0.290659 0.377233 0.288882 0.376160 0.291890 0.370488
1 0.327417 0.357933 0.324776 0.363708 0.322875 0.362718 0.325516 0.356944
1 0.387072 0.428779 0.384701 0.434353 0.382972 0.433516 0.385342 0.427942
1 0.520018 0.447874 0.514899 0.450561 0.514070 0.448764 0.519190 0.446076
1 0.539294 0.463698 0.534708 0.467674 0.533349 0.465890 0.537935 0.461914
1 0.543376 0.497057 0.548486 0.494208 0.549305 0.495879 0.544195 0.498728
1 0.420673 0.608108 0.416408 0.611926 0.415356 0.610588 0.419621 0.606771
1 0.408494 0.604211 0.403689 0.608244 0.402438 0.606547 0.407242 0.602514
1 0.396052 0.581884 0.392052 0.586365 0.390674 0.584965 0.394674 0.580485
1 0.357014 0.574264 0.354579 0.580043 0.352986 0.579279 0.355421 0.573500
1 0.322512 0.556479 0.320251 0.562160 0.318419 0.561330 0.320680 0.555650
1 0.392027 0.550415 0.387096 0.553753 0.386157 0.552174 0.391088 0.548836
1 0.386323 0.524349 0.381241 0.527391 0.380438 0.525866 0.385521 0.522823
1 0.386382 0.499998 0.381321 0.503491 0.380310 0.501824 0.385371 0.498331
1 0.464658 0.503260 0.460102 0.506909 0.458882 0.505176 0.463438 0.501527
1 0.141463 0.138918 0.140001 0.144903 0.137702 0.144265 0.139164 0.138279
1 0.104137 0.204388 0.099644 0.208780 0.098268 0.207178 0.102761 0.202786
1 0.135986 0.121452 0.131079 0.125469 0.129828 0.123730 0.134735 0.119713
1 0.154988 0.123065 0.150139 0.126742 0.148933 0.124932 0.153782 0.121255
1 0.126595 0.098450 0.121940 0.102471 0.120712 0.100852 0.125367 0.096832
1 0.155747 0.091331 0.153670 0.097418 0.151879 0.096723 0.153956 0.090636
1 0.124589 0.043254 0.120991 0.048348 0.119611 0.047239 0.123209 0.042144
1 0.168964 0.040201 0.164330 0.043925 0.163090 0.042170 0.167724 0.038446
1 0.161240 0.025488 0.156955 0.029827 0.155484 0.028174 0.159770 0.023835
1 0.166615 0.005931 0.163413 0.010430 0.161718 0.009057 0.164920 0.004558
1 0.046048 0.006508 0.042440 0.011418 0.040826 0.010069 0.044435 0.005159
1 0.025503 0.020391 0.021107 0.024934 0.019595 0.023270 0.023991 0.018726
1 0.361115 0.475201 0.358328 0.480790 0.356626 0.479825 0.359413 0.474235
1 0.023719 0.002461 0.018705 0.005536 0.017732 0.003730 0.022746 0.000655
1 0.357409 0.402387 0.353739 0.407434 0.352248 0.406200 0.355917 0.401153
1 0.426433 0.417289 0.424308 0.423320 0.422462 0.422580 0.424587 0.416549
1 0.431089 0.445809 0.426342 0.450118 0.425078 0.448533 0.429825 0.444224
1 0.453964 0.456783 0.449767 0.461229 0.448385 0.459745 0.452582 0.455299
1 0.430406 0.475646 0.426627 0.480382 0.425135 0.479027 0.428914 0.474291
1 0.475314 0.433182 0.473293 0.439272 0.471403 0.438558 0.473424 0.432469
1 0.287182 0.319546 0.282453 0.323516 0.281107 0.321692 0.285836 0.317722
1 0.273348 0.309503 0.268673 0.313075 0.267482 0.311301 0.272157 0.307729
1 0.268029 0.281203 0.264745 0.286115 0.263271 0.284993 0.266554 0.280081
1 0.271437 0.252832 0.267706 0.257410 0.266225 0.256037 0.269957 0.251458
1 0.227528 0.271143 0.223340 0.275413 0.221891 0.273796 0.226079 0.269526
1 0.239840 0.230204 0.237307 0.234905 0.235375 0.233720 0.237909 0.229019
1 0.240411 0.195829 0.239248 0.202650 0.237313 0.202274 0.238476 0.195453
1 0.242302 0.182362 0.237035 0.185237 0.236204 0.183506 0.241471 0.180631
1 0.242892 0.153235 0.238058 0.156954 0.236866 0.155190 0.241699 0.151472
1 0.186901 0.186484 0.182333 0.190661 0.180941 0.188928 0.185508 0.184751
1 0.155021 0.162976 0.150959 0.166677 0.149577 0.164951 0.153639 0.161250
1 0.199597 0.281407 0.195573 0.285868 0.194171 0.284429 0.198195 0.279968
1 0.159921 0.319061 0.156879 0.324614 0.155165 0.323546 0.158207 0.317992
1 0.133551 0.389920 0.129578 0.394711 0.127887 0.393115 0.131860 0.388324
1 0.068990 0.587923 0.063086 0.588099 0.063032 0.586056 0.068936 0.585880
1 0.045919 0.617651 0.042404 0.622151 0.039399 0.619480 0.042915 0.614980
1 0.015379 0.652624 0.010289 0.656005 0.009342 0.654381 0.014432 0.651001
1 0.100052 0.765904 0.095551 0.769751 0.094248 0.768015 0.098748 0.764168
1 0.074413 0.791163 0.073223 0.797454 0.071245 0.797029 0.072434 0.790738
1 0.128680 0.781979 0.124305 0.786283 0.123088 0.784876 0.127463 0.780572
1 0.794075 0.252970 0.790651 0.257977 0.788940 0.256646 0.792363 0.251638
1 0.823324 0.294171 0.818772 0.297937 0.817403 0.296054 0.821955 0.292288
1 0.018085 0.897998 0.014047 0.902699 0.012567 0.901253 0.016606 0.896552
1 0.221315 0.894205 0.215700 0.892888 0.216101 0.890944 0.221715 0.892261
1 0.687240 0.493821 0.682129 0.497389 0.681040 0.495614 0.686152 0.492046
1 0.563032 0.648966 0.559288 0.653793 0.557695 0.652387 0.561439 0.647560
1 0.523296 0.687562 0.518584 0.691503 0.517373 0.689854 0.522085 0.685913
1 0.517361 0.611768 0.513630 0.616597 0.512164 0.615308 0.515896 0.610479
1 0.502521 0.631278 0.500758 0.635981 0.499069 0.635260 0.500832 0.630557
1 0.490734 0.673060 0.488945 0.679303 0.487059 0.678687 0.488848 0.672445
1 0.574559 0.709336 0.570613 0.713261 0.569359 0.711826 0.573305 0.707901
1 0.410922 0.770046 0.408640 0.775540 0.406590 0.774570 0.408872 0.769077
1 0.346273 0.800931 0.341653 0.804512 0.340570 0.802922 0.345190 0.799341
1 0.986292 0.455151 0.981473 0.459052 0.980401 0.457546 0.985220 0.453645
1 0.114723 0.979012 0.113229 0.984608 0.111223 0.983999 0.112718 0.978402
1 0.241095 0.070326 0.237653 0.074925 0.236085 0.073589 0.239526 0.068990
1 0.347329 0.137407 0.342093 0.140658 0.341044 0.138736 0.346281 0.135485
1 0.204814 0.160353 0.200728 0.164362 0.199463 0.162894 0.203548 0.158886
1 0.292670 0.179939 0.287464 0.182930 0.286503 0.181028 0.291710 0.178037
1 0.517041 0.295209 0.514260 0.300562 0.512236 0.299365 0.515017 0.294012
1 0.599715 0.361093 0.594636 0.364388 0.593493 0.362383 0.598573 0.359088
1 0.216527 0.920229 0.211844 0.923912 0.210633 0.922160 0.215316 0.918477
1 0.337260 0.920634 0.336643 0.926998 0.334607 0.926773 0.335224 0.920409
1 0.506651 0.859450 0.508322 0.852869 0.510437 0.853481 0.508766 0.860061
1 0.139580 0.012969 0.144278 0.008551 0.145641 0.010199 0.140943 0.014618
1 0.848070 0.641366 0.852235 0.636473 0.853935 0.638121 0.849771 0.643013
1 0.733101 0.081505 0.736788 0.077096 0.738293 0.078529 0.734607 0.082937
1 0.083306 0.937361 0.086287 0.931053 0.088200 0.932082 0.085218 0.938389
1 0.818125 0.617277 0.822918 0.614400 0.823928 0.616315 0.819135 0.619192
1 0.450214 0.124632 0.453815 0.119390 0.455483 0.120694 0.451882 0.125937
1 0.435983 0.235740 0.440901 0.232181 0.441946 0.233824 0.437027 0.237383
1 0.462659 0.739716 0.464893 0.734107 0.466765 0.734956 0.464531 0.740564
1 0.399234 0.162431 0.402130 0.156909 0.403735 0.157867 0.400840 0.163389
1 0.259279 0.338751 0.263416 0.333566 0.265058 0.335057 0.260921 0.340242
