4 0.596085 0.524996 0.602737 0.524996 0.602737 0.531341 0.596085 0.531341
4 0.482546 0.615202 0.489245 0.615202 0.489245 0.621382 0.482546 0.621382
4 0.507033 0.218868 0.513977 0.218868 0.513977 0.225491 0.507033 0.225491
4 0.690546 0.120587 0.697874 0.120587 0.697874 0.127370 0.690546 0.127370
4 0.564742 0.190571 0.572015 0.190571 0.572015 0.197218 0.564742 0.197218
4 0.519481 0.129776 0.528020 0.129776 0.528020 0.138110 0.519481 0.138110
4 0.797185 0.338629 0.803727 0.338629 0.803727 0.345056 0.797185 0.345056
4 0.702953 0.745835 0.710699 0.745835 0.710699 0.752389 0.702953 0.752389
4 0.717859 0.031007 0.724378 0.031007 0.724378 0.037945 0.717859 0.037945
4 0.576386 0.165866 0.582626 0.165866 0.582626 0.172166 0.576386 0.172166
4 0.559854 0.043950 0.566343 0.043950 0.566343 0.050056 0.559854 0.050056
4 0.422849 0.033610 0.429293 0.033610 0.429293 0.039556 0.422849 0.039556
4 0.428895 0.162639 0.435170 0.162639 0.435170 0.168757 0.428895 0.168757
4 0.305720 0.064033 0.312223 0.064033 0.312223 0.070252 0.305720 0.070252
4 0.653930 0.388463 0.660915 0.388463 0.660915 0.394728 0.653930 0.394728
4 0.242772 0.639009 0.249967 0.639009 0.249967 0.646201 0.242772 0.646201
4 0.022912 0.216596 0.029516 0.216596 0.029516 0.223074 0.022912 0.223074
4 0.249567 0.549480 0.256190 0.549480 0.256190 0.556337 0.249567 0.556337
4 0.174473 0.547657 0.181265 0.547657 0.181265 0.554486 0.174473 0.554486
4 0.118443 0.462228 0.124842 0.462228 0.124842 0.469134 0.118443 0.469134
4 0.049632 0.364987 0.055874 0.364987 0.055874 0.371126 0.049632 0.371126
4 0.092434 0.323065 0.098852 0.323065 0.098852 0.329649 0.092434 0.329649
4 0.472063 0.473929 0.478536 0.473929 0.478536 0.481393 0.472063 0.481393
4 0.468532 0.715501 0.473844 0.715501 0.473844 0.721946 0.468532 0.721946
4 0.039732 0.068833 0.046296 0.068833 0.046296 0.075498 0.039732 0.075498
4 0.899852 0.835561 0.906656 0.835561 0.906656 0.841585 0.899852 0.841585
4 0.979311 0.684298 0.985624 0.684298 0.985624 0.689864 0.979311 0.689864
4 0.978769 0.157989 0.986047 0.157989 0.986047 0.164846 0.978769 0.164846
4 0.890787 0.045140 0.897717 0.045140 0.897717 0.052098 0.890787 0.052098
4 0.140431 0.633094 0.148148 0.633094 0.148148 0.641072 0.140431 0.641072
4 0.175444 0.632272 0.183411 0.632272 0.183411 0.639221 0.175444 0.639221
4 0.263902 0.719286 0.271631 0.719286 0.271631 0.726635 0.263902 0.726635
4 0.079602 0.826103 0.086306 0.826103 0.086306 0.832329 0.079602 0.832329
4 0.713983 0.897827 0.721647 0.897827 0.721647 0.903510 0.713983 0.903510
4 0.452369 0.585189 0.458852 0.585189 0.458852 0.591045 0.452369 0.591045
4 0.672246 0.413326 0.678353 0.413326 0.678353 0.419933 0.672246 0.419933
4 0.300865 0.135255 0.307987 0.135255 0.307987 0.142570 0.300865 0.142570
4 0.236203 0.778530 0.242230 0.778530 0.242230 0.784773 0.236203 0.784773
4 0.297183 0.781631 0.303095 0.781631 0.303095 0.788024 0.297183 0.788024
4 0.284729 0.817909 0.291697 0.817909 0.291697 0.824608 0.284729 0.824608
4 0.017684 0.129325 0.024842 0.129325 0.024842 0.135695 0.017684 0.135695
4 0.713378 0.825983 0.720927 0.825983 0.720927 0.832263 0.713378 0.832263
4 0.757494 0.493347 0.764458 0.493347 0.764458 0.499242 0.757494 0.499242
4 0.597684 0.569688 0.605291 0.569688 0.605291 0.576820 0.597684 0.576820
4 0.151551 0.076855 0.157571 0.076855 0.157571 0.082274 0.151551 0.082274
4 0.121035 0.016298 0.126905 0.016298 0.126905 0.021710 0.121035 0.021710
1 0.382597 0.053797 0.377308 0.059743 0.375418 0.057856 0.380707 0.051910
4 0.820429 0.208228 0.826406 0.208228 0.826406 0.214454 0.820429 0.214454
1 0.817484 0.686027 0.806643 0.695130 0.802333 0.689369 0.813174 0.680266
1 0.749248 0.990332 0.736669 0.999490 0.733605 0.994767 0.746184 0.985609
1 0.019513 0.518908 0.025453 0.511894 0.028061 0.514373 0.022121 0.521387
4 0.885271 0.276147 0.891389 0.276147 0.891389 0.281618 0.885271 0.281618
1 0.689524 0.281483 0.678527 0.288264 0.675762 0.283232 0.686759 0.276451
1 0.934021 0.918301 0.923020 0.925754 0.919926 0.920629 0.930927 0.913176
1 0.945884 0.910055 0.934819 0.917210 0.932164 0.912601 0.943229 0.905446
1 0.378189 0.867896 0.387882 0.859891 0.391713 0.865097 0.382020 0.873103
1 0.205435 0.047555 0.207424 0.049640 0.204409 0.052870 0.202419 0.050785
1 0.688119 0.990800 0.674568 1.000852 0.669442 0.993095 0.682992 0.983043
4 0.310978 0.166912 0.318882 0.166912 0.318882 0.173610 0.310978 0.173610
4 0.029669 0.464527 0.036527 0.464527 0.036527 0.470962 0.029669 0.470962
1 0.929450 0.942018 0.919173 0.950555 0.915477 0.945562 0.925754 0.937024
1 0.900849 0.970587 0.911837 0.961642 0.914106 0.964770 0.903118 0.973715
1 0.951544 0.396098 0.959074 0.386464 0.961684 0.388753 0.954154 0.398387
1 0.939470 0.988521 0.929742 0.997897 0.926607 0.994247 0.936334 0.984870
4 0.322527 0.720405 0.330323 0.720405 0.330323 0.728082 0.322527 0.728082
4 0.499032 0.284375 0.506604 0.284375 0.506604 0.292718 0.499032 0.292718
4 0.160922 0.019231 0.168419 0.019231 0.168419 0.025983 0.160922 0.025983
4 0.291248 0.280980 0.298702 0.280980 0.298702 0.287097 0.291248 0.287097
4 0.392078 0.171847 0.398037 0.171847 0.398037 0.178020 0.392078 0.178020
4 0.483291 0.178012 0.489373 0.178012 0.489373 0.184053 0.483291 0.184053
4 0.452755 0.100866 0.458985 0.100866 0.458985 0.106943 0.452755 0.106943
4 0.550376 0.104157 0.557576 0.104157 0.557576 0.111666 0.550376 0.111666
4 0.629719 0.702186 0.637256 0.702186 0.637256 0.709008 0.629719 0.709008
4 0.455824 0.263300 0.462413 0.263300 0.462413 0.269681 0.455824 0.269681
1 0.875420 0.924004 0.864478 0.932867 0.860943 0.927968 0.871885 0.919106
1 0.938822 0.945149 0.927620 0.954759 0.924191 0.950273 0.935393 0.940663
1 0.900909 0.974069 0.889457 0.984142 0.885849 0.979539 0.897302 0.969466
1 0.917048 0.955764 0.908077 0.963543 0.904548 0.958974 0.913518 0.951196
1 0.947920 0.925305 0.937860 0.934122 0.934611 0.929962 0.944671 0.921145
1 0.956326 0.931924 0.943449 0.941300 0.940255 0.936377 0.953132 0.927001
1 0.907871 0.860940 0.897056 0.869636 0.893613 0.864831 0.904429 0.856135
4 0.133145 0.131500 0.140285 0.131500 0.140285 0.138757 0.133145 0.138757
1 0.849567 0.899098 0.836655 0.908855 0.833348 0.903944 0.846260 0.894187
1 0.029727 0.720667 0.022830 0.726798 0.020970 0.724450 0.027867 0.718319
1 0.033893 0.723765 0.027946 0.729640 0.025936 0.727356 0.031883 0.721481
1 0.036206 0.727940 0.030489 0.733747 0.028623 0.731686 0.034340 0.725879
1 0.768336 0.989036 0.753581 0.999031 0.750635 0.994151 0.765391 0.984156
1 0.863462 0.871573 0.855890 0.878327 0.854140 0.876125 0.861712 0.869371
1 0.757158 0.973565 0.747270 0.980929 0.744453 0.976683 0.754341 0.969320
1 0.752287 0.968800 0.742439 0.976024 0.739801 0.971988 0.749649 0.964764
1 0.726575 0.988579 0.712190 0.999092 0.708045 0.992727 0.722430 0.982214
1 0.718489 0.984824 0.702339 0.996408 0.700359 0.993311 0.716510 0.981727
1 0.620512 0.987797 0.609131 0.995839 0.606267 0.991290 0.617648 0.983248
4 0.778955 0.578347 0.785231 0.578347 0.785231 0.583718 0.778955 0.583718
1 0.575597 0.666020 0.564314 0.673635 0.561371 0.668741 0.572654 0.661126
4 0.411844 0.070707 0.418819 0.070707 0.418819 0.077687 0.411844 0.077687
1 0.493873 0.664812 0.481673 0.673046 0.478789 0.668250 0.490989 0.660016
1 0.072402 0.251233 0.065660 0.259055 0.062921 0.256405 0.069663 0.248583
4 0.385973 0.228183 0.392496 0.228183 0.392496 0.232681 0.385973 0.232681
4 0.259584 0.258533 0.265291 0.258533 0.265291 0.263793 0.259584 0.263793
4 0.381131 0.485323 0.389634 0.485323 0.389634 0.492879 0.381131 0.492879
4 0.031681 0.034224 0.039531 0.034224 0.039531 0.040948 0.031681 0.040948
4 0.375160 0.364208 0.382496 0.364208 0.382496 0.371197 0.375160 0.371197
4 0.967960 0.589235 0.975494 0.589235 0.975494 0.595369 0.967960 0.595369
4 0.850140 0.510866 0.857188 0.510866 0.857188 0.517310 0.850140 0.517310
4 0.750105 0.405304 0.758153 0.405304 0.758153 0.412251 0.750105 0.412251
3 0.019484 0.296730 0.022739 0.296730 0.022739 0.300516 0.019484 0.300516
4 0.163654 0.826681 0.170027 0.826681 0.170027 0.832951 0.163654 0.832951
4 0.685739 0.209267 0.693311 0.209267 0.693311 0.216129 0.685739 0.216129
4 0.612271 0.288472 0.619185 0.288472 0.619185 0.295591 0.612271 0.295591
4 0.448596 0.350471 0.454742 0.350471 0.454742 0.356055 0.448596 0.356055
1 0.960496 0.977030 0.947946 0.989129 0.943930 0.984454 0.956480 0.972355
1 0.907930 0.977444 0.896779 0.987218 0.893917 0.983553 0.905068 0.973780
1 0.939004 0.972008 0.928942 0.980827 0.925693 0.976667 0.935756 0.967847
1 0.993715 0.850780 0.980746 0.860329 0.977540 0.855442 0.990509 0.845893
1 0.993875 0.841888 0.980321 0.851904 0.976913 0.846729 0.990467 0.836712
1 0.993133 0.815292 0.978038 0.826911 0.974750 0.822117 0.989845 0.810498
4 0.011895 0.884416 0.019584 0.884416 0.019584 0.891028 0.011895 0.891028
4 0.018634 0.333744 0.026755 0.333744 0.026755 0.340279 0.018634 0.340279
4 0.837326 0.764516 0.830594 0.764449 0.830654 0.757643 0.837386 0.757710
4 0.580558 0.604973 0.587536 0.605132 0.587398 0.611951 0.580419 0.611792
4 0.564233 0.764520 0.571190 0.764619 0.571113 0.770687 0.564157 0.770588
4 0.815399 0.844755 0.808628 0.844558 0.808782 0.838596 0.815554 0.838793
4 0.807931 0.638742 0.814211 0.638861 0.814104 0.645241 0.807824 0.645122
1 0.898690 0.885505 0.913433 0.875509 0.917170 0.881694 0.902427 0.891690
4 0.104169 0.225513 0.103987 0.220039 0.110761 0.219786 0.110943 0.225260
1 0.126046 0.544123 0.134340 0.537687 0.136309 0.540534 0.128014 0.546970
1 0.078125 0.648150 0.084582 0.642289 0.086418 0.644559 0.079961 0.650420
1 0.183775 0.142525 0.189121 0.133222 0.191618 0.134832 0.186272 0.144136
1 0.254147 0.073674 0.261111 0.066638 0.263351 0.069125 0.256386 0.076162
1 0.053455 0.498548 0.059469 0.494247 0.061189 0.496945 0.055175 0.501246
1 0.068235 0.772865 0.073627 0.766116 0.075652 0.767932 0.070260 0.774680
1 0.932705 0.976184 0.944542 0.966949 0.947559 0.971290 0.935722 0.980525
1 0.151457 0.173884 0.157463 0.165318 0.159942 0.167269 0.153936 0.175834
1 0.793046 0.995775 0.808982 0.985394 0.811894 0.990410 0.795958 1.000792
1 0.546500 0.407125 0.542769 0.412898 0.530420 0.403940 0.534151 0.398167
1 0.531951 0.385978 0.545672 0.375415 0.548715 0.379851 0.534994 0.390414
1 0.435019 0.598152 0.433328 0.601110 0.426419 0.596680 0.428109 0.593721
1 0.076252 0.244944 0.083553 0.237581 0.085934 0.240232 0.078634 0.247594
4 0.891453 0.419448 0.897704 0.419448 0.897704 0.425771 0.891453 0.425771
4 0.962992 0.484777 0.969268 0.484777 0.969268 0.489741 0.962992 0.489741
1 0.485157 0.790250 0.472673 0.799272 0.470095 0.795267 0.482578 0.786246
1 0.488125 0.794981 0.475670 0.804743 0.472932 0.800822 0.485386 0.791060
1 0.520561 0.883163 0.508922 0.894033 0.504788 0.889065 0.516427 0.878195
1 0.804463 0.927711 0.792939 0.936745 0.789550 0.931894 0.801074 0.922860
1 0.659874 0.922736 0.649037 0.930567 0.645890 0.925680 0.656727 0.917849
1 0.739195 0.971307 0.727914 0.979247 0.724362 0.973583 0.735643 0.965643
1 0.740752 0.977125 0.729554 0.985463 0.726745 0.981229 0.737943 0.972891
1 0.743316 0.983573 0.734298 0.990591 0.731391 0.986399 0.740409 0.979381
1 0.769355 0.964049 0.759183 0.971567 0.756372 0.967299 0.766544 0.959781
1 0.823487 0.989429 0.807821 1.000750 0.804492 0.995579 0.820157 0.984258
1 0.811414 0.937269 0.798961 0.945969 0.795639 0.940631 0.808092 0.931932
1 0.838312 0.944716 0.825906 0.953885 0.822615 0.948887 0.835021 0.939718
