1 0.263038 0.691849 0.269366 0.690016 0.269685 0.692066 0.263356 0.693899
1 0.614011 0.451456 0.620016 0.446626 0.621020 0.448954 0.615015 0.453784
1 0.215617 0.876261 0.221955 0.873415 0.222707 0.876537 0.216369 0.879383
1 0.372883 0.053013 0.379433 0.048096 0.380270 0.050174 0.373719 0.055091
1 0.121377 0.527336 0.127669 0.523052 0.128860 0.526313 0.122568 0.530597
1 0.576633 0.775685 0.583191 0.772023 0.584248 0.775553 0.577689 0.779215
1 0.456704 0.152583 0.462393 0.146751 0.463825 0.149357 0.458137 0.155189
1 0.452972 0.156442 0.456628 0.148576 0.458123 0.149871 0.454467 0.157737
1 0.644684 0.320731 0.645432 0.323298 0.639189 0.326691 0.638441 0.324124
1 0.657012 0.302690 0.657700 0.304969 0.651819 0.308280 0.651131 0.306001
1 0.783848 0.808589 0.790318 0.804259 0.791180 0.806660 0.784710 0.810990
1 0.755033 0.578006 0.761206 0.574912 0.761969 0.577749 0.755795 0.580843
1 0.803223 0.856621 0.796424 0.861089 0.795651 0.858893 0.802449 0.854426
1 0.902264 0.948806 0.896183 0.952766 0.895107 0.949686 0.901188 0.945726
1 0.731288 0.701392 0.736907 0.697838 0.737592 0.699859 0.731973 0.703413
1 0.894069 0.945485 0.900290 0.941596 0.901217 0.944359 0.894995 0.948248
1 0.837908 0.445998 0.845160 0.442742 0.845707 0.445015 0.838455 0.448270
1 0.829958 0.683519 0.836191 0.680097 0.836961 0.682712 0.830728 0.686134
1 0.668346 0.302751 0.669080 0.305005 0.663647 0.308306 0.662913 0.306052
1 0.608444 0.371971 0.615088 0.368082 0.615779 0.370284 0.609135 0.374172
1 0.782220 0.897890 0.788774 0.894053 0.789613 0.896724 0.783058 0.900560
1 0.368093 0.263123 0.373668 0.259193 0.374555 0.261539 0.368980 0.265469
1 0.786979 0.810493 0.793034 0.806439 0.794113 0.809443 0.788057 0.813497
1 0.730522 0.647330 0.736626 0.644643 0.737366 0.647777 0.731262 0.650464
1 0.795101 0.399652 0.801278 0.396379 0.802117 0.399332 0.795941 0.402605
1 0.763976 0.868447 0.770287 0.863638 0.771504 0.866617 0.765193 0.871426
1 0.222644 0.838055 0.216031 0.841612 0.215526 0.839860 0.222138 0.836303
1 0.163395 0.229895 0.169660 0.224424 0.170519 0.226259 0.164255 0.231730
1 0.191583 0.955606 0.198983 0.951505 0.200197 0.955592 0.192797 0.959692
1 0.206446 0.302321 0.213091 0.296240 0.214889 0.299903 0.208244 0.305984
1 0.045677 0.430337 0.051263 0.425808 0.052160 0.427871 0.046574 0.432400
1 0.085439 0.773686 0.079887 0.776950 0.078964 0.774024 0.084516 0.770759
1 0.118234 0.507823 0.124056 0.504014 0.124945 0.506548 0.119123 0.510357
1 0.150149 0.891658 0.156393 0.888709 0.157127 0.891607 0.150883 0.894556
1 0.133241 0.752819 0.138972 0.749815 0.139983 0.753412 0.134252 0.756416
1 0.209863 0.929628 0.216916 0.926141 0.217595 0.928701 0.210542 0.932188
1 0.354767 0.335131 0.358348 0.332078 0.359589 0.334794 0.356008 0.337847
1 0.608862 0.724676 0.611652 0.726617 0.609595 0.732129 0.606805 0.730188
1 0.782370 0.873339 0.788188 0.869280 0.789080 0.871664 0.783261 0.875722
1 0.796722 0.853490 0.804309 0.849080 0.805169 0.851842 0.797583 0.856251
1 0.230977 0.725818 0.236549 0.722485 0.237475 0.725374 0.231903 0.728707
1 0.866219 0.494323 0.872826 0.489797 0.873879 0.492664 0.867272 0.497189
1 0.187616 0.908992 0.191605 0.898352 0.194134 0.900121 0.190145 0.910760
1 0.199115 0.426926 0.204991 0.423092 0.205821 0.425465 0.199945 0.429299
1 0.778471 0.870949 0.784716 0.866040 0.785975 0.869027 0.779730 0.873936
1 0.070848 0.492257 0.076777 0.488233 0.077762 0.490940 0.071833 0.494964
1 0.275905 0.486312 0.280221 0.482529 0.281179 0.484567 0.276863 0.488350
1 0.351488 0.634422 0.354696 0.631663 0.355748 0.633945 0.352540 0.636704
1 0.329348 0.306909 0.336316 0.302049 0.337489 0.305186 0.330522 0.310046
1 0.221211 0.792718 0.227176 0.788974 0.228139 0.791837 0.222174 0.795581
1 0.503281 0.198846 0.509122 0.196782 0.509574 0.199172 0.503734 0.201236
1 0.827789 0.220410 0.834002 0.217595 0.834555 0.219871 0.828342 0.222686
1 0.690004 0.662684 0.696351 0.658948 0.697180 0.661575 0.690834 0.665311
1 0.806953 0.865100 0.813862 0.860921 0.814707 0.863526 0.807798 0.867705
1 0.500110 0.403528 0.504499 0.400434 0.505193 0.402272 0.500804 0.405365
1 0.966241 0.652819 0.972963 0.649002 0.973813 0.651791 0.967090 0.655608
1 0.785955 0.888566 0.792488 0.884087 0.793567 0.887022 0.787034 0.891501
1 0.214728 0.860821 0.220936 0.857481 0.221721 0.860204 0.215514 0.863543
1 0.086381 0.073546 0.091313 0.069731 0.092124 0.071687 0.087192 0.075501
1 0.453657 0.145339 0.459613 0.140028 0.460916 0.142754 0.454960 0.148065
1 0.193182 0.711222 0.199599 0.708506 0.200424 0.712141 0.194007 0.714857
1 0.903549 0.569661 0.909204 0.566029 0.910048 0.568478 0.904392 0.572111
1 0.139714 0.590699 0.146215 0.586202 0.147092 0.588566 0.140591 0.593063
1 0.063579 0.207889 0.068456 0.204214 0.069366 0.206467 0.064489 0.210142
1 0.805243 0.733293 0.812447 0.729074 0.813264 0.731675 0.806060 0.735894
1 0.323120 0.416642 0.329243 0.413002 0.330056 0.415551 0.323933 0.419191
1 0.377365 0.406567 0.383024 0.403343 0.383905 0.406223 0.378245 0.409448
1 0.204739 0.918605 0.211026 0.915280 0.211552 0.917136 0.205266 0.920461
1 0.878247 0.324766 0.877186 0.327292 0.873162 0.324140 0.874223 0.321613
1 0.052727 0.448932 0.057886 0.443106 0.059402 0.445610 0.054243 0.451435
1 0.028289 0.227740 0.033518 0.223506 0.034527 0.225829 0.029297 0.230062
1 0.771281 0.863504 0.778338 0.858743 0.779388 0.861646 0.772331 0.866407
1 0.345171 0.031571 0.351309 0.027155 0.352307 0.029741 0.346169 0.034157
1 0.811506 0.712944 0.817859 0.708622 0.818744 0.711048 0.812390 0.715370
1 0.848832 0.465767 0.854899 0.462300 0.855591 0.464560 0.849525 0.468027
1 0.210125 0.545540 0.215799 0.540826 0.216675 0.542793 0.211001 0.547507
1 0.606614 0.409194 0.611846 0.405121 0.612696 0.407157 0.607464 0.411230
1 0.246138 0.747578 0.250891 0.746151 0.251324 0.748840 0.246571 0.750267
1 0.861176 0.971208 0.867540 0.967048 0.868444 0.969625 0.862080 0.973785
1 0.719483 0.342584 0.725570 0.339042 0.726361 0.341576 0.720274 0.345118
1 0.813238 0.379397 0.820476 0.375297 0.821174 0.377594 0.813936 0.381695
1 0.733353 0.723916 0.737585 0.721723 0.738292 0.724266 0.734060 0.726459
1 0.322251 0.368085 0.327565 0.361812 0.329018 0.364108 0.323704 0.370381
1 0.322382 0.852638 0.329611 0.848694 0.330504 0.851747 0.323275 0.855691
1 0.408538 0.585124 0.414532 0.581689 0.415271 0.584093 0.409277 0.587528
1 0.251256 0.951926 0.256433 0.948162 0.257314 0.950423 0.252137 0.954186
1 0.367798 0.465116 0.374060 0.460709 0.375116 0.463505 0.368853 0.467912
1 0.700696 0.474728 0.707415 0.470442 0.708679 0.474138 0.701960 0.478424
1 0.281882 0.585851 0.286976 0.582440 0.288054 0.585442 0.282960 0.588854
1 0.816669 0.429741 0.823403 0.427732 0.823785 0.430126 0.817052 0.432134
1 0.845660 0.608711 0.851505 0.605188 0.852414 0.608002 0.846569 0.611524
1 0.145194 0.236496 0.150739 0.231417 0.151996 0.233975 0.146451 0.239054
1 0.205341 0.274801 0.211268 0.269087 0.212317 0.271115 0.206390 0.276829
1 0.406974 0.205141 0.405224 0.207459 0.400354 0.200603 0.402104 0.198285
1 0.770589 0.850946 0.776663 0.846607 0.777633 0.849139 0.771559 0.853478
1 0.724906 0.689689 0.731525 0.686205 0.732369 0.689198 0.725750 0.692681
1 0.166492 0.921842 0.172664 0.919058 0.173374 0.921991 0.167202 0.924775
1 0.199928 0.493472 0.205695 0.488533 0.206779 0.490893 0.201012 0.495832
1 0.801245 0.743175 0.808096 0.739449 0.808774 0.741773 0.801923 0.745499
1 0.467483 0.897392 0.473596 0.891504 0.474816 0.893866 0.468703 0.899754
1 0.439173 0.106127 0.445830 0.101546 0.446783 0.104128 0.440126 0.108710
1 0.631052 0.543601 0.637114 0.539472 0.637838 0.541455 0.631776 0.545583
1 0.195302 0.717590 0.200369 0.715200 0.201131 0.718214 0.196064 0.720604
1 0.176619 0.841459 0.182813 0.838683 0.183524 0.841642 0.177330 0.844418
1 0.025695 0.331291 0.031199 0.326515 0.032541 0.329398 0.027037 0.334174
1 0.142387 0.737413 0.148522 0.733457 0.149386 0.735957 0.143251 0.739913
1 0.875145 0.961462 0.882663 0.956406 0.883671 0.959200 0.876153 0.964256
1 0.961527 0.614745 0.968381 0.611892 0.969057 0.614917 0.962202 0.617771
1 0.047853 0.218340 0.052667 0.214396 0.053691 0.216727 0.048877 0.220672
1 0.418843 0.606082 0.423737 0.602325 0.424558 0.604318 0.419664 0.608076
1 0.249627 0.448015 0.255016 0.443115 0.256080 0.445298 0.250691 0.450198
1 0.209475 0.490542 0.215253 0.486073 0.216177 0.488302 0.210399 0.492770
1 0.408676 0.624705 0.414827 0.621327 0.415468 0.623503 0.409317 0.626881
1 0.269878 0.652036 0.276227 0.648164 0.276999 0.650523 0.270649 0.654395
1 0.541238 0.876192 0.546994 0.871564 0.548103 0.874136 0.542347 0.878763
1 0.199036 0.418665 0.205500 0.414502 0.206372 0.417026 0.199908 0.421189
1 0.345253 0.458109 0.351069 0.454115 0.352069 0.456830 0.346253 0.460825
1 0.249083 0.732232 0.254674 0.729795 0.255326 0.732586 0.249735 0.735023
1 0.248573 0.813061 0.255369 0.809205 0.256104 0.811619 0.249308 0.815475
1 0.290041 0.588178 0.295974 0.583791 0.296756 0.585764 0.290823 0.590151
1 0.874082 0.955542 0.880809 0.951054 0.881568 0.953175 0.874840 0.957663
1 0.146111 0.902005 0.151571 0.900306 0.151985 0.902789 0.146525 0.904487
1 0.272914 0.671576 0.278856 0.668033 0.279564 0.670247 0.273622 0.673790
1 0.843157 0.956155 0.849675 0.952577 0.850523 0.955457 0.844004 0.959035
1 0.156140 0.877331 0.162838 0.873876 0.163580 0.876558 0.156882 0.880013
1 0.368502 0.411486 0.373599 0.407785 0.374770 0.410792 0.369673 0.414494
1 0.087379 0.077639 0.092622 0.073477 0.093619 0.075820 0.088377 0.079982
1 0.831722 0.907697 0.837500 0.904042 0.838422 0.906761 0.832644 0.910416
1 0.098440 0.812347 0.104146 0.809056 0.104810 0.811204 0.099105 0.814495
1 0.178158 0.830884 0.184867 0.826976 0.185854 0.830138 0.179145 0.834045
1 0.347733 0.016803 0.351829 0.012969 0.352849 0.015001 0.348753 0.018835
1 0.209494 0.263284 0.214922 0.257111 0.216291 0.259356 0.210863 0.265529
1 0.184361 0.749210 0.190609 0.746051 0.191295 0.748578 0.185046 0.751738
1 0.250256 0.697694 0.256701 0.697611 0.256720 0.700454 0.250276 0.700537
1 0.475496 0.411018 0.481034 0.407134 0.482193 0.410216 0.476655 0.414099
1 0.171971 0.924348 0.179070 0.921099 0.179928 0.924595 0.172828 0.927844
1 0.180367 0.745578 0.186794 0.742207 0.187499 0.744715 0.181072 0.748086
1 0.313058 0.339388 0.319040 0.333623 0.320386 0.336226 0.314404 0.341991
1 0.977802 0.680988 0.983562 0.678051 0.984362 0.680977 0.978602 0.683914
1 0.444405 0.116135 0.451931 0.111315 0.453016 0.114473 0.445490 0.119293
1 0.320553 0.372162 0.327827 0.368053 0.328745 0.371087 0.321472 0.375195
1 0.133382 0.266024 0.140153 0.262075 0.141215 0.265470 0.134444 0.269419
1 0.214667 0.155242 0.213535 0.157167 0.207495 0.150543 0.208627 0.148618
1 0.005855 0.352823 0.010610 0.349239 0.011554 0.351575 0.006799 0.355158
1 0.782512 0.947297 0.789102 0.942780 0.790087 0.945461 0.783498 0.949978
1 0.992510 0.161128 0.997267 0.157514 0.998192 0.159785 0.993435 0.163399
1 0.975392 0.357395 0.982295 0.355720 0.982688 0.358743 0.975786 0.360418
1 0.291805 0.497120 0.297654 0.492680 0.298537 0.494849 0.292688 0.499288
1 0.196914 0.883958 0.202146 0.881891 0.202783 0.884896 0.197550 0.886963
1 0.224392 0.835520 0.230090 0.832955 0.230660 0.835314 0.224962 0.837879
1 0.344050 0.417085 0.350131 0.412786 0.351077 0.415281 0.344996 0.419580
1 0.656540 0.317039 0.654813 0.317993 0.652647 0.310681 0.654374 0.309727
1 0.082154 0.236438 0.088475 0.232315 0.089312 0.234708 0.082991 0.238831
1 0.396732 0.085415 0.402098 0.081438 0.403106 0.083975 0.397740 0.087952
1 0.225250 0.898477 0.233004 0.893960 0.233983 0.897092 0.226228 0.901610
1 0.189529 0.469843 0.195344 0.465773 0.196274 0.468252 0.190460 0.472322
1 0.235959 0.430122 0.241823 0.425021 0.243058 0.427668 0.237194 0.432769
1 0.490381 0.131317 0.495561 0.128183 0.496331 0.130554 0.491151 0.133688
1 0.665168 0.625768 0.670819 0.622111 0.671650 0.624508 0.666000 0.628164
1 0.142938 0.729615 0.148829 0.725377 0.150120 0.728725 0.144230 0.732963
1 0.118679 0.008652 0.123667 0.004060 0.124767 0.006289 0.119779 0.010881
1 0.422238 0.549759 0.428498 0.545386 0.429416 0.547837 0.423156 0.552210
1 0.177510 0.796887 0.182483 0.794527 0.183047 0.796744 0.178075 0.799104
1 0.662186 0.503533 0.668235 0.499660 0.669518 0.503397 0.663469 0.507270
1 0.389442 0.612120 0.396964 0.608532 0.397542 0.610793 0.390020 0.614381
1 0.292944 0.547685 0.299208 0.544009 0.299940 0.546336 0.293676 0.550012
1 0.721603 0.192100 0.728642 0.186584 0.729602 0.188868 0.722563 0.194384
1 0.424452 0.582691 0.430050 0.578571 0.430917 0.580768 0.425319 0.584888
1 0.919388 0.087029 0.923981 0.083657 0.924716 0.085524 0.920122 0.088895
1 0.776157 0.793859 0.782248 0.789563 0.783110 0.791843 0.777020 0.796139
1 0.397686 0.091155 0.403693 0.086962 0.404490 0.089093 0.398484 0.093286
1 0.784562 0.404166 0.791145 0.400535 0.791766 0.402635 0.785183 0.406266
1 0.811956 0.688587 0.817858 0.685781 0.818500 0.688302 0.812599 0.691107
1 0.292674 0.502486 0.298454 0.498460 0.299269 0.500642 0.293489 0.504668
1 0.388991 0.624619 0.396757 0.622947 0.397150 0.626347 0.389384 0.628019
1 0.198751 0.944985 0.206358 0.940093 0.207459 0.943286 0.199852 0.948178
1 0.409829 0.500546 0.415542 0.496404 0.416388 0.498580 0.410675 0.502722
1 0.042371 0.231959 0.047735 0.228183 0.048619 0.230525 0.043255 0.234301
1 0.635689 0.288046 0.642026 0.284763 0.642690 0.287153 0.636353 0.290436
1 0.423173 0.509075 0.429217 0.504493 0.430251 0.507036 0.424207 0.511618
1 0.096399 0.550548 0.102572 0.546512 0.103288 0.548556 0.097116 0.552592
1 0.246499 0.819493 0.253200 0.815568 0.253925 0.817876 0.247224 0.821801
1 0.235549 0.945547 0.242054 0.941297 0.242890 0.943683 0.236385 0.947934
1 0.209636 0.291099 0.215949 0.286667 0.216828 0.289001 0.210515 0.293433
1 0.747694 0.756882 0.753305 0.752795 0.754151 0.754961 0.748540 0.759048
1 0.871759 0.921006 0.877763 0.916722 0.878672 0.919097 0.872667 0.923381
1 0.869520 0.213097 0.875397 0.209800 0.876128 0.212231 0.870251 0.215528
1 0.207735 0.689284 0.213907 0.685659 0.214614 0.687905 0.208443 0.691530
1 0.818540 0.901132 0.824584 0.897168 0.825452 0.899636 0.819408 0.903599
1 0.330277 0.315355 0.336372 0.310725 0.337294 0.312990 0.331200 0.317620
1 0.246775 0.475409 0.252562 0.470263 0.253664 0.472575 0.247877 0.477720
1 0.186945 0.504277 0.192593 0.499909 0.193466 0.502013 0.187818 0.506382
1 0.975263 0.690173 0.981657 0.687105 0.982341 0.689765 0.975947 0.692833
1 0.202310 0.929404 0.209380 0.925466 0.210198 0.928204 0.203128 0.932142
1 0.331553 0.650672 0.336813 0.646955 0.337767 0.649474 0.332507 0.653190
1 0.173087 0.861541 0.180120 0.857916 0.180911 0.860775 0.173878 0.864401
1 0.405901 0.598313 0.412143 0.593842 0.413015 0.596112 0.406773 0.600583
1 0.826686 0.436589 0.833245 0.433088 0.833887 0.435333 0.827329 0.438834
1 0.623006 0.512324 0.627989 0.509372 0.628656 0.511472 0.623673 0.514424
1 0.862595 0.897948 0.869023 0.893867 0.869809 0.896174 0.863380 0.900255
1 0.368337 0.340750 0.374906 0.334959 0.376377 0.338071 0.369809 0.343862
1 0.460640 0.504392 0.467128 0.500357 0.468089 0.503239 0.461601 0.507273
1 0.069869 0.173191 0.076142 0.168773 0.077222 0.171633 0.070949 0.176051
1 0.964695 0.072958 0.970645 0.068847 0.971503 0.071163 0.965553 0.075274
1 0.923800 0.979910 0.930502 0.975803 0.931308 0.978254 0.924605 0.982361
1 0.048864 0.441126 0.054029 0.436595 0.055003 0.438667 0.049839 0.443197
1 0.724526 0.708648 0.730924 0.704835 0.731708 0.707288 0.725310 0.711101
1 0.620851 0.520191 0.626237 0.516583 0.627150 0.519124 0.621764 0.522732
1 0.601147 0.499086 0.607665 0.495205 0.608300 0.497193 0.601782 0.501074
1 0.749362 0.761423 0.755662 0.757512 0.756507 0.760051 0.750207 0.763962
1 0.517699 0.748439 0.523266 0.744495 0.524179 0.746900 0.518612 0.750843
1 0.481566 0.315771 0.488063 0.311758 0.489138 0.315002 0.482640 0.319015
1 0.415309 0.297514 0.420957 0.292412 0.421923 0.294407 0.416275 0.299509
1 0.854496 0.575091 0.860696 0.571420 0.861448 0.573789 0.855248 0.577459
1 0.831011 0.358982 0.830237 0.361371 0.824008 0.357611 0.824781 0.355221
1 0.786813 0.673387 0.793292 0.669337 0.794088 0.671711 0.787609 0.675761
1 0.232873 0.938802 0.238640 0.934775 0.239571 0.937263 0.233804 0.941290
1 0.157293 0.868990 0.163107 0.865877 0.163838 0.868423 0.158024 0.871536
1 0.770722 0.806102 0.777296 0.801631 0.778147 0.803965 0.771573 0.808436
1 0.677101 0.754236 0.683212 0.750707 0.683999 0.753249 0.677888 0.756778
1 0.458656 0.148350 0.462036 0.140846 0.463544 0.142113 0.460164 0.149616
1 0.781101 0.777261 0.787317 0.773072 0.788086 0.775200 0.781870 0.779388
1 0.814949 0.423098 0.821433 0.421514 0.821746 0.423906 0.815263 0.425489
1 0.089299 0.142035 0.094808 0.136981 0.096058 0.139522 0.090549 0.144576
1 0.824621 0.141675 0.831214 0.138962 0.831758 0.141429 0.825166 0.144142
1 0.304532 0.623093 0.311041 0.619469 0.312142 0.623155 0.305633 0.626779
1 0.651331 0.402624 0.657356 0.399072 0.658025 0.401188 0.651999 0.404740
1 0.361543 0.059784 0.367945 0.054521 0.368990 0.056893 0.362589 0.062155
1 0.494250 0.738298 0.501649 0.733142 0.503074 0.736955 0.495675 0.742111
1 0.493574 0.714373 0.500121 0.709612 0.501036 0.711959 0.494490 0.716720
1 0.072248 0.260085 0.078667 0.255859 0.079527 0.258298 0.073109 0.262523
1 0.850445 0.335857 0.849611 0.337851 0.843626 0.333182 0.844460 0.331188
1 0.515208 0.258293 0.521987 0.254166 0.522659 0.256223 0.515880 0.260351
1 0.311522 0.861193 0.319176 0.856627 0.319942 0.859022 0.312288 0.863589
1 0.896754 0.629365 0.904169 0.624772 0.905107 0.627596 0.897692 0.632189
1 0.289134 0.514644 0.295429 0.510130 0.296329 0.512469 0.290033 0.516983
1 0.213274 0.221491 0.219469 0.216547 0.220289 0.218463 0.214094 0.223407
1 0.380680 0.427177 0.386901 0.423457 0.388226 0.427589 0.382005 0.431309
1 0.842917 0.914887 0.849154 0.911275 0.849960 0.913871 0.843723 0.917483
1 0.500623 0.170995 0.507009 0.166168 0.508370 0.169526 0.501983 0.174352
1 0.389650 0.050680 0.396256 0.045905 0.397230 0.048419 0.390624 0.053194
1 0.207037 0.252844 0.212761 0.246840 0.214050 0.249132 0.208327 0.255136
1 0.048006 0.114580 0.053755 0.109917 0.054719 0.112132 0.048970 0.116796
1 0.538861 0.141659 0.545382 0.137315 0.546289 0.139854 0.539768 0.144198
1 0.467451 0.057972 0.473884 0.053860 0.474712 0.056275 0.468278 0.060387
1 0.617985 0.428265 0.624382 0.424071 0.625357 0.426845 0.618960 0.431039
1 0.076808 0.225463 0.082036 0.222041 0.082877 0.224437 0.077649 0.227859
1 0.355136 0.335722 0.361178 0.330544 0.362771 0.334011 0.356729 0.339189
1 0.329205 0.449689 0.335391 0.445112 0.336744 0.448522 0.330558 0.453099
1 0.344196 0.795437 0.351035 0.790767 0.352117 0.793723 0.345278 0.798393
1 0.217682 0.611055 0.222963 0.606632 0.223922 0.608767 0.218641 0.613190
1 0.432623 0.166384 0.437858 0.162171 0.438842 0.164450 0.433606 0.168663
1 0.840987 0.952499 0.847217 0.948767 0.848025 0.951282 0.841794 0.955014
1 0.360266 0.525046 0.367163 0.523943 0.367398 0.526688 0.360501 0.527791
1 0.801223 0.681855 0.807309 0.677665 0.808162 0.679976 0.802076 0.684167
1 0.538435 0.033667 0.543222 0.029530 0.544235 0.031716 0.539448 0.035853
1 0.052248 0.366865 0.057140 0.362778 0.058186 0.365112 0.053294 0.369199
1 0.468754 0.061828 0.474946 0.057926 0.475976 0.060972 0.469783 0.064874
1 0.813720 0.383541 0.820792 0.379556 0.821510 0.381931 0.814438 0.385916
1 0.274047 0.768171 0.280109 0.762847 0.281124 0.765003 0.275062 0.770327
1 0.783256 0.941898 0.790009 0.937391 0.790861 0.939769 0.784107 0.944276
1 0.798179 0.290184 0.805165 0.286396 0.805846 0.288736 0.798859 0.292525
1 0.701822 0.658953 0.707308 0.655305 0.708224 0.657874 0.702738 0.661523
1 0.531066 0.655030 0.537959 0.650529 0.539171 0.653992 0.532278 0.658492
1 0.771430 0.661683 0.778639 0.658142 0.779298 0.660647 0.772090 0.664188
1 0.121560 0.066975 0.127531 0.062178 0.128629 0.064726 0.122658 0.069523
1 0.873950 0.971496 0.880457 0.967442 0.881277 0.969897 0.874770 0.973951
1 0.835287 0.643910 0.840789 0.640134 0.841765 0.642785 0.836263 0.646561
1 0.425795 0.561305 0.431746 0.556627 0.432878 0.559311 0.426926 0.563990
1 0.373594 0.285917 0.379706 0.280653 0.380873 0.283180 0.374761 0.288444
1 0.063065 0.465346 0.068743 0.459630 0.069813 0.461613 0.064135 0.467329
1 0.504572 0.190087 0.510465 0.185715 0.511421 0.188117 0.505528 0.192490
1 0.612817 0.536457 0.618437 0.532159 0.619221 0.534072 0.613602 0.538370
1 0.337122 0.346662 0.342221 0.341431 0.343260 0.343319 0.338160 0.348550
1 0.231926 0.240211 0.238198 0.234413 0.239261 0.236556 0.232989 0.242355
1 0.378601 0.520323 0.384268 0.516200 0.385223 0.518646 0.379556 0.522769
1 0.475253 0.082297 0.482023 0.077049 0.482964 0.079312 0.476194 0.084560
1 0.422185 0.504214 0.427889 0.500424 0.428689 0.502670 0.422986 0.506460
1 0.210173 0.563843 0.215561 0.559796 0.216481 0.562081 0.211093 0.566128
1 0.065688 0.471515 0.070619 0.466317 0.071806 0.468418 0.066876 0.473616
1 0.388327 0.341787 0.394338 0.336670 0.395231 0.338627 0.389220 0.343744
1 0.699597 0.298537 0.703902 0.292746 0.705127 0.294444 0.700821 0.300235
1 0.339517 0.774376 0.345887 0.770273 0.346668 0.772532 0.340298 0.776635
1 0.174888 0.638268 0.180716 0.633652 0.181574 0.635674 0.175747 0.640290
1 0.495335 0.141804 0.500830 0.137743 0.501799 0.140190 0.496305 0.144251
1 0.359137 0.025886 0.364988 0.021676 0.365939 0.024140 0.360088 0.028350
1 0.103208 0.043528 0.108075 0.038651 0.109132 0.040618 0.104265 0.045495
1 0.476569 0.746780 0.482660 0.741651 0.483629 0.743797 0.477538 0.748926
1 0.171658 0.107720 0.177435 0.102613 0.178554 0.104974 0.172777 0.110082
1 0.156516 0.026121 0.161863 0.020911 0.162962 0.023014 0.157615 0.028224
1 0.194294 0.146335 0.199547 0.140809 0.200821 0.143067 0.195568 0.148594
