1 0.599947 0.303906 0.607441 0.299928 0.608399 0.301987 0.600905 0.305965
1 0.022431 0.925403 0.031735 0.920449 0.033018 0.923198 0.023714 0.928152
1 0.298615 0.049236 0.306282 0.044918 0.307460 0.047306 0.299794 0.051623
1 0.370821 0.712933 0.379194 0.709178 0.380107 0.711502 0.371734 0.715257
1 0.616450 0.078485 0.624445 0.074708 0.625297 0.076767 0.617302 0.080544
1 0.218532 0.812982 0.227297 0.808284 0.228365 0.810556 0.219600 0.815254
1 0.394129 0.211207 0.401277 0.207670 0.402153 0.209691 0.395005 0.213228
1 0.364900 0.170189 0.373204 0.167185 0.374093 0.169989 0.365789 0.172993
1 0.536375 0.600150 0.544856 0.594991 0.546439 0.597960 0.537958 0.603119
1 0.076395 0.860087 0.083883 0.856057 0.084939 0.858296 0.077452 0.862327
1 0.548834 0.120246 0.555806 0.116311 0.556793 0.118308 0.549822 0.122242
1 0.260916 0.341989 0.268171 0.339310 0.269144 0.342316 0.261889 0.344995
1 0.336006 0.103369 0.343855 0.098809 0.344889 0.100840 0.337040 0.105400
1 0.309651 0.089279 0.317178 0.084199 0.318412 0.086286 0.310885 0.091366
1 0.495221 0.336815 0.502847 0.333946 0.503578 0.336161 0.495951 0.339030
1 0.032859 0.883005 0.040579 0.879160 0.041711 0.881754 0.033992 0.885599
1 0.246600 0.055438 0.254939 0.051724 0.255828 0.054000 0.247488 0.057714
1 0.567548 0.375647 0.566241 0.377716 0.558656 0.372245 0.559963 0.370177
1 0.017776 0.679826 0.024599 0.675782 0.025650 0.677805 0.018827 0.681849
1 0.053285 0.728699 0.060980 0.724095 0.062253 0.726522 0.054558 0.731126
1 0.046222 0.011069 0.054871 0.006124 0.056097 0.008570 0.047448 0.013515
1 0.315565 0.028098 0.321301 0.025312 0.322248 0.027537 0.316512 0.030322
1 0.362185 0.129548 0.371141 0.126242 0.371863 0.128475 0.362907 0.131780
1 0.053159 0.902361 0.061259 0.896928 0.062537 0.899101 0.054436 0.904534
1 0.391370 0.029258 0.399614 0.024858 0.400820 0.027436 0.392576 0.031836
1 0.595343 0.114595 0.593918 0.116287 0.588563 0.111142 0.589988 0.109450
1 0.356809 0.038409 0.365612 0.034150 0.366529 0.036313 0.357726 0.040572
1 0.145759 0.060489 0.154160 0.056472 0.155174 0.058892 0.146773 0.062909
1 0.554306 0.465533 0.561102 0.462820 0.561894 0.465084 0.555099 0.467798
1 0.386027 0.477980 0.393181 0.474435 0.394114 0.476583 0.386960 0.480128
1 0.887507 0.119938 0.893817 0.114355 0.895165 0.116094 0.888856 0.121677
1 0.163572 0.227853 0.171077 0.224228 0.171964 0.226324 0.164459 0.229948
1 0.540850 0.361393 0.548452 0.357432 0.549344 0.359384 0.541741 0.363345
1 0.616431 0.346056 0.624358 0.346071 0.624354 0.348162 0.616428 0.348147
1 0.599599 0.268855 0.607863 0.269488 0.607641 0.272801 0.599377 0.272168
1 0.397579 0.277555 0.406389 0.276516 0.406670 0.279240 0.397860 0.280279
1 0.397376 0.274096 0.405030 0.272859 0.405414 0.275568 0.397759 0.276805
1 0.402490 0.237275 0.409637 0.234097 0.410623 0.236627 0.403476 0.239805
1 0.502463 0.185881 0.510678 0.182495 0.511580 0.184992 0.503365 0.188377
1 0.558031 0.207696 0.566121 0.203490 0.566921 0.205245 0.558831 0.209452
1 0.569658 0.208606 0.577000 0.205982 0.577814 0.208581 0.570472 0.211205
1 0.903536 0.151412 0.910554 0.145572 0.911692 0.147133 0.904674 0.152973
1 0.140741 0.446997 0.148144 0.444056 0.148860 0.446113 0.141456 0.449053
1 0.252883 0.065026 0.259680 0.061453 0.260922 0.064148 0.254124 0.067721
1 0.609405 0.287498 0.608710 0.290075 0.600990 0.287701 0.601684 0.285125
1 0.511542 0.745109 0.519564 0.741862 0.520447 0.744349 0.512425 0.747597
1 0.950261 0.645542 0.958119 0.639687 0.959580 0.641924 0.951722 0.647780
1 0.068978 0.216110 0.066993 0.217383 0.063059 0.210387 0.065044 0.209113
1 0.419227 0.837146 0.428440 0.835617 0.428842 0.838383 0.419630 0.839912
1 0.466623 0.569524 0.476908 0.563675 0.479852 0.569581 0.469567 0.575430
1 0.448937 0.408120 0.458322 0.405482 0.459137 0.408788 0.449752 0.411426
1 0.464478 0.327629 0.472823 0.323542 0.473963 0.326200 0.465619 0.330287
1 0.306506 0.271585 0.311922 0.269149 0.312735 0.271213 0.307320 0.273648
1 0.460709 0.680820 0.469622 0.677319 0.470450 0.679723 0.461537 0.683224
1 0.544685 0.115747 0.552089 0.111438 0.553459 0.114123 0.546055 0.118432
1 0.552383 0.849027 0.558606 0.845914 0.559563 0.848097 0.553341 0.851210
1 0.167741 0.503532 0.171936 0.499415 0.173374 0.501086 0.169179 0.505204
1 0.580434 0.229757 0.588732 0.226194 0.590087 0.229795 0.581789 0.233358
1 0.518329 0.370521 0.526000 0.366348 0.527263 0.368997 0.519592 0.373170
1 0.368444 0.079809 0.375377 0.076168 0.376732 0.079113 0.369799 0.082753
1 0.136253 0.600368 0.143110 0.597064 0.144103 0.599415 0.137246 0.602719
1 0.867142 0.088171 0.872907 0.083247 0.875128 0.086213 0.869363 0.091137
1 0.555871 0.549279 0.564721 0.544273 0.566302 0.547460 0.557452 0.552467
1 0.306648 0.188219 0.315144 0.183328 0.316651 0.186314 0.308155 0.191205
1 0.018369 0.649566 0.026316 0.644908 0.027468 0.647149 0.019521 0.651807
1 0.729295 0.083452 0.737881 0.080256 0.738787 0.083034 0.730201 0.086230
1 0.468721 0.031277 0.476992 0.026610 0.478259 0.029172 0.469988 0.033839
1 0.309017 0.269510 0.307407 0.265840 0.311784 0.263649 0.313394 0.267319
1 0.214102 0.741832 0.220885 0.738493 0.222008 0.741095 0.215225 0.744434
1 0.474747 0.678280 0.482979 0.674627 0.483889 0.676968 0.475658 0.680621
1 0.254228 0.358672 0.261203 0.355475 0.262053 0.357590 0.255077 0.360787
1 0.127192 0.016580 0.134936 0.014479 0.135563 0.017116 0.127819 0.019217
1 0.553662 0.637960 0.556494 0.629042 0.559243 0.630038 0.556411 0.638956
1 0.443176 0.502355 0.452046 0.499055 0.452922 0.501743 0.444052 0.505043
1 0.444758 0.380313 0.451323 0.375750 0.452654 0.377936 0.446089 0.382499
1 0.590469 0.345056 0.588489 0.347724 0.581317 0.341651 0.583297 0.338983
1 0.389794 0.324778 0.396591 0.320871 0.397759 0.323189 0.390962 0.327096
1 0.362910 0.194517 0.370348 0.190270 0.371569 0.192712 0.364132 0.196958
1 0.854996 0.047569 0.861272 0.043340 0.862338 0.045144 0.856062 0.049373
1 0.490418 0.812882 0.497625 0.809594 0.498816 0.812572 0.491608 0.815860
1 0.288631 0.298375 0.296668 0.294873 0.297551 0.297185 0.289514 0.300687
1 0.423031 0.400053 0.431159 0.396423 0.432130 0.398903 0.424002 0.402533
1 0.474964 0.496042 0.483728 0.493715 0.484442 0.496785 0.475678 0.499112
1 0.698695 0.824502 0.701020 0.829103 0.698488 0.830563 0.696163 0.825961
1 0.532456 0.117617 0.539571 0.114161 0.540465 0.116261 0.533350 0.119717
1 0.477840 0.518472 0.485845 0.516572 0.486390 0.519191 0.478384 0.521092
1 0.393659 0.268686 0.399755 0.263777 0.401025 0.265577 0.394929 0.270486
1 0.539540 0.725551 0.546679 0.720718 0.548192 0.723268 0.541053 0.728101
1 0.011510 0.919701 0.020199 0.915254 0.021135 0.917340 0.012446 0.921787
1 0.052726 0.802863 0.059852 0.799141 0.061043 0.801741 0.053916 0.805464
1 0.433873 0.575274 0.433313 0.578348 0.423996 0.576412 0.424556 0.573337
1 0.456335 0.410317 0.463796 0.407705 0.464600 0.410325 0.457139 0.412937
1 0.039920 0.715482 0.047194 0.711095 0.048359 0.713299 0.041085 0.717686
1 0.465660 0.473384 0.473097 0.470583 0.473868 0.472917 0.466430 0.475718
1 0.460050 0.319587 0.467761 0.314435 0.469091 0.316705 0.461380 0.321857
1 0.337132 0.156489 0.345294 0.152649 0.346289 0.155060 0.338127 0.158900
1 0.079701 0.332131 0.086797 0.329614 0.087584 0.332147 0.080488 0.334664
1 0.631299 0.334932 0.631282 0.337308 0.623424 0.337242 0.623441 0.334866
1 0.544511 0.718817 0.552451 0.716811 0.552964 0.719128 0.545024 0.721134
1 0.042785 0.775477 0.050728 0.772425 0.051586 0.774972 0.043643 0.778024
1 0.444279 0.513458 0.452992 0.510453 0.453810 0.513162 0.445097 0.516167
1 0.134952 0.944378 0.143227 0.940603 0.144278 0.943232 0.136003 0.947007
1 0.907276 0.813135 0.907349 0.815726 0.903913 0.815837 0.903840 0.813245
1 0.148645 0.226627 0.157464 0.225149 0.157843 0.227733 0.149024 0.229211
1 0.455273 0.259724 0.462171 0.256328 0.463143 0.258580 0.456245 0.261976
1 0.461608 0.369505 0.468525 0.364966 0.469846 0.367263 0.462928 0.371801
1 0.255223 0.401800 0.262962 0.398381 0.264336 0.401929 0.256597 0.405348
1 0.482728 0.704988 0.481738 0.707316 0.475021 0.704054 0.476012 0.701727
1 0.416855 0.806222 0.423467 0.803327 0.424556 0.806166 0.417944 0.809061
1 0.895615 0.135712 0.902632 0.129872 0.904890 0.132968 0.897873 0.138808
1 0.081768 0.654446 0.088981 0.650812 0.089932 0.652967 0.082719 0.656601
1 0.170701 0.233316 0.179302 0.228764 0.180323 0.230964 0.171722 0.235516
1 0.394884 0.941443 0.392884 0.942563 0.389517 0.935701 0.391518 0.934581
1 0.511517 0.751381 0.518065 0.748633 0.519042 0.751288 0.512494 0.754036
1 0.081538 0.781752 0.090144 0.777768 0.091190 0.780344 0.082583 0.784329
1 0.498962 0.552640 0.508506 0.549344 0.509328 0.552060 0.499784 0.555356
1 0.393282 0.330090 0.400182 0.326628 0.401316 0.329207 0.394416 0.332669
1 0.466770 0.654388 0.476236 0.651610 0.477367 0.656008 0.467901 0.658786
1 0.405728 0.749040 0.414174 0.745206 0.415022 0.747337 0.406576 0.751171
1 0.459719 0.290037 0.457656 0.292121 0.450976 0.284578 0.453039 0.282494
1 0.088880 0.962406 0.096807 0.958673 0.097962 0.961472 0.090035 0.965205
1 0.343838 0.159496 0.352103 0.155726 0.352968 0.157891 0.344703 0.161660
1 0.043551 0.817193 0.052284 0.814409 0.053152 0.817515 0.044419 0.820299
1 0.407109 0.800808 0.414983 0.797321 0.415775 0.799362 0.407901 0.802849
1 0.326444 0.049156 0.334380 0.045309 0.335482 0.047902 0.327545 0.051750
1 0.130412 0.030217 0.139313 0.026934 0.140197 0.029668 0.131296 0.032952
1 0.300078 0.180123 0.307934 0.176527 0.309027 0.179253 0.301172 0.182849
1 0.261630 0.107871 0.269201 0.103395 0.270434 0.105772 0.262862 0.110249
1 0.331355 0.224408 0.338526 0.220850 0.339556 0.223219 0.332385 0.226777
1 0.018657 0.787836 0.027539 0.783315 0.028669 0.785848 0.019787 0.790369
1 0.313513 0.217550 0.320727 0.213752 0.321705 0.215872 0.314492 0.219670
1 0.118822 0.566211 0.125101 0.563389 0.126010 0.565697 0.119731 0.568519
1 0.686685 0.090393 0.691837 0.085565 0.693492 0.087579 0.688340 0.092407
1 0.564627 0.802174 0.572706 0.799109 0.573437 0.801309 0.565359 0.804374
1 0.054083 0.221816 0.061923 0.217986 0.062920 0.220314 0.055079 0.224144
1 0.292298 0.170451 0.298746 0.166980 0.299695 0.168992 0.293248 0.172463
1 0.935358 0.139582 0.940975 0.135535 0.942806 0.138435 0.937189 0.142482
1 0.518256 0.504391 0.526714 0.500011 0.528000 0.502843 0.519542 0.507223
1 0.447508 0.273481 0.453453 0.267499 0.454947 0.269193 0.449002 0.275175
1 0.473502 0.488559 0.482076 0.486249 0.482731 0.489020 0.474157 0.491330
1 0.435980 0.754472 0.444564 0.749984 0.445595 0.752233 0.437011 0.756721
1 0.511500 0.816026 0.517694 0.812337 0.518758 0.814376 0.512564 0.818065
1 0.391215 0.573691 0.400219 0.569533 0.401213 0.571987 0.392208 0.576146
1 0.328737 0.377171 0.337389 0.374208 0.338206 0.376929 0.329554 0.379892
1 0.335261 0.803772 0.342624 0.800712 0.343450 0.802978 0.336087 0.806038
1 0.879842 0.110136 0.885724 0.105709 0.886783 0.107314 0.880900 0.111741
1 0.385233 0.155685 0.392822 0.152718 0.393678 0.155217 0.386089 0.158183
1 0.577912 0.112290 0.585542 0.108164 0.586697 0.110601 0.579067 0.114727
1 0.462205 0.466264 0.469529 0.462916 0.470552 0.465468 0.463228 0.468817
1 0.065332 0.523038 0.073109 0.519573 0.074064 0.522019 0.066287 0.525484
1 0.040982 0.919943 0.049096 0.915658 0.050080 0.917783 0.041965 0.922068
1 0.355737 0.287034 0.362927 0.283388 0.364117 0.286064 0.356927 0.289710
1 0.491926 0.817422 0.498947 0.813636 0.500079 0.816033 0.493058 0.819818
1 0.168496 0.263130 0.175798 0.259935 0.176667 0.262201 0.169365 0.265396
1 0.182176 0.199899 0.190177 0.195536 0.191149 0.197569 0.183148 0.201932
1 0.057665 0.595199 0.064984 0.591797 0.066063 0.594447 0.058744 0.597849
1 0.486241 0.397359 0.494273 0.393306 0.495325 0.395685 0.487294 0.399738
1 0.905677 0.088574 0.912757 0.083547 0.913924 0.085422 0.906844 0.090449
1 0.038302 0.876917 0.045712 0.873493 0.046818 0.876223 0.039407 0.879647
1 0.451209 0.277338 0.458280 0.273796 0.459325 0.276176 0.452254 0.279718
1 0.357358 0.703824 0.365629 0.699407 0.366706 0.701707 0.358435 0.706124
1 0.177194 0.146121 0.184460 0.140801 0.185641 0.142640 0.178374 0.147961
1 0.331704 0.764568 0.340735 0.760649 0.341750 0.763316 0.332718 0.767235
1 0.374427 0.072419 0.380586 0.068642 0.381569 0.070471 0.375410 0.074248
1 0.038055 0.845694 0.046253 0.841379 0.047369 0.843798 0.039171 0.848113
1 0.566957 0.195905 0.573918 0.192286 0.575040 0.194750 0.568079 0.198369
1 0.516612 0.199238 0.514846 0.201723 0.506439 0.194906 0.508205 0.192421
1 0.460020 0.526339 0.468404 0.523458 0.469195 0.526086 0.460812 0.528967
1 0.492293 0.300396 0.501411 0.296516 0.502390 0.299141 0.493272 0.303021
1 0.197864 0.352813 0.206109 0.348323 0.207345 0.350912 0.199100 0.355403
1 0.045764 0.783683 0.054305 0.780674 0.055199 0.783568 0.046658 0.786577
1 0.503319 0.623941 0.512266 0.619537 0.513344 0.622037 0.504398 0.626441
1 0.461900 0.775882 0.470606 0.771377 0.471722 0.773837 0.463016 0.778342
1 0.367670 0.549532 0.374266 0.545957 0.375399 0.548342 0.368802 0.551917
1 0.395654 0.401930 0.403657 0.398692 0.404581 0.401298 0.396578 0.404536
1 0.608341 0.255480 0.607508 0.257997 0.599292 0.254896 0.600124 0.252379
1 0.389498 0.730065 0.398267 0.726148 0.399192 0.728509 0.390423 0.732427
1 0.271242 0.745151 0.279187 0.742176 0.279897 0.744341 0.271953 0.747316
1 0.459258 0.571584 0.458522 0.574530 0.450029 0.572110 0.450765 0.569164
1 0.422692 0.746836 0.431405 0.742329 0.432499 0.744742 0.423786 0.749249
1 0.311554 0.293067 0.319572 0.288543 0.320830 0.291087 0.312812 0.295611
1 0.229940 0.049076 0.239194 0.045520 0.240108 0.048234 0.230854 0.051790
1 0.513841 0.531938 0.522673 0.527569 0.523823 0.530221 0.514990 0.534590
1 0.440860 0.027444 0.448729 0.022964 0.449674 0.024859 0.441805 0.029339
1 0.481969 0.584367 0.490796 0.580514 0.492002 0.583667 0.483175 0.587520
1 0.484591 0.724159 0.492978 0.720934 0.493782 0.723319 0.485395 0.726545
1 0.437416 0.689695 0.446516 0.685657 0.447415 0.687969 0.438315 0.692006
1 0.399091 0.866065 0.390671 0.867927 0.390290 0.865964 0.398711 0.864102
1 0.376823 0.863795 0.368968 0.867531 0.368022 0.865262 0.375877 0.861526
1 0.115095 0.299250 0.122584 0.295937 0.123307 0.297802 0.115819 0.301115
1 0.095820 0.312816 0.103064 0.309939 0.103826 0.312130 0.096582 0.315007
1 0.130948 0.187450 0.121613 0.192249 0.120860 0.190578 0.130196 0.185779
1 0.131912 0.021466 0.123638 0.023967 0.123032 0.021677 0.131306 0.019176
1 0.135495 0.027504 0.127370 0.030510 0.126586 0.028094 0.134712 0.025088
1 0.050780 0.036415 0.059955 0.033476 0.060677 0.036044 0.051501 0.038984
1 0.268391 0.068589 0.277190 0.064486 0.278225 0.067018 0.269426 0.071121
1 0.293254 0.064653 0.301520 0.061370 0.302236 0.063425 0.293969 0.066708
1 0.231154 0.122486 0.238169 0.117966 0.239387 0.120122 0.232371 0.124642
1 0.419456 0.134850 0.427264 0.132647 0.427899 0.135217 0.420091 0.137421
1 0.036870 0.896108 0.044128 0.891986 0.045255 0.894251 0.037997 0.898373
1 0.032737 0.047290 0.041031 0.044446 0.041952 0.047509 0.033658 0.050353
1 0.152478 0.094510 0.161636 0.091742 0.162274 0.094151 0.153116 0.096919
1 0.045408 0.899202 0.037685 0.903442 0.036346 0.900659 0.044069 0.896419
1 0.145020 0.011514 0.153918 0.007807 0.154872 0.010421 0.145975 0.014128
1 0.248131 0.072663 0.256216 0.068893 0.257176 0.071244 0.249092 0.075014
1 0.015874 0.943112 0.024234 0.939773 0.024988 0.941926 0.016628 0.945265
1 0.461630 0.818266 0.469699 0.815285 0.471413 0.820577 0.463343 0.823558
1 0.120173 0.233645 0.128409 0.231727 0.128972 0.234482 0.120735 0.236400
1 0.437353 0.106277 0.445992 0.102634 0.446725 0.104618 0.438087 0.108261
1 0.493649 0.545217 0.494378 0.547730 0.485381 0.550704 0.484653 0.548191
1 0.560940 0.376726 0.559747 0.378827 0.552752 0.374295 0.553945 0.372194
1 0.477681 0.699909 0.478936 0.704213 0.471017 0.706847 0.469762 0.702544
1 0.400719 0.875164 0.392268 0.876869 0.391824 0.874359 0.400275 0.872654
1 0.346134 0.677214 0.354693 0.671597 0.356167 0.674159 0.347608 0.679776
1 0.423806 0.020642 0.430963 0.016580 0.432031 0.018727 0.424874 0.022789
1 0.359559 0.032879 0.367025 0.029673 0.367877 0.031935 0.360411 0.035142
1 0.266095 0.091263 0.273904 0.087513 0.274878 0.089828 0.267069 0.093577
1 0.031168 0.762125 0.039972 0.757594 0.041092 0.760076 0.032288 0.764607
1 0.456495 0.265594 0.462649 0.259975 0.464157 0.261860 0.458004 0.267479
1 0.676471 0.698681 0.682694 0.692630 0.684280 0.694491 0.678057 0.700542
1 0.054048 0.012205 0.062421 0.006547 0.063968 0.009159 0.055595 0.014816
