4 0.013750 0.270046 0.020860 0.270046 0.020860 0.276916 0.013750 0.276916
1 0.541573 0.159778 0.548023 0.154278 0.549361 0.156077 0.542911 0.161578
1 0.875231 0.139059 0.884726 0.131676 0.887509 0.135780 0.878014 0.143163
1 0.954647 0.857526 0.962288 0.851783 0.963763 0.854034 0.956122 0.859777
1 0.920512 0.813331 0.927528 0.809122 0.928678 0.811318 0.921662 0.815528
1 0.153203 0.531703 0.158443 0.526563 0.160147 0.528556 0.154907 0.533695
1 0.586298 0.099600 0.602406 0.088494 0.606224 0.094843 0.590115 0.105949
1 0.628827 0.183750 0.638238 0.175938 0.641358 0.180247 0.631947 0.188060
1 0.705018 0.578271 0.715857 0.569441 0.718466 0.573113 0.707627 0.581943
1 0.693613 0.569397 0.708463 0.557837 0.712399 0.563634 0.697549 0.575194
1 0.904905 0.787656 0.912264 0.783528 0.913587 0.786232 0.906228 0.790360
1 0.612556 0.666520 0.620641 0.660546 0.622875 0.664013 0.614790 0.669987
4 0.656227 0.513498 0.649182 0.513389 0.649274 0.506571 0.656319 0.506680
1 0.867217 0.190795 0.883717 0.177204 0.888071 0.183265 0.871571 0.196856
1 0.542806 0.161919 0.549457 0.156140 0.551030 0.158216 0.544379 0.163995
1 0.654602 0.170974 0.668342 0.160416 0.671986 0.165854 0.658246 0.176411
1 0.617771 0.161424 0.635614 0.149047 0.639296 0.155134 0.621452 0.167511
1 0.708208 0.021951 0.725142 0.011043 0.729117 0.018120 0.712183 0.029027
1 0.912537 0.315839 0.923638 0.306813 0.927360 0.312061 0.916259 0.321087
1 0.669964 0.163015 0.686409 0.149511 0.690255 0.154881 0.673809 0.168385
1 0.628960 0.162677 0.641882 0.152641 0.645947 0.158644 0.633026 0.168679
1 0.420911 0.279007 0.427849 0.272911 0.430121 0.275876 0.423183 0.281972
1 0.801738 0.021690 0.809826 0.015859 0.812695 0.020423 0.804607 0.026253
1 0.950403 0.177702 0.962697 0.169043 0.966095 0.174575 0.953801 0.183234
4 0.484303 0.315190 0.484354 0.320858 0.478381 0.320920 0.478329 0.315252
1 0.283562 0.366108 0.291118 0.361007 0.292519 0.363387 0.284963 0.368488
1 0.699677 0.021650 0.715120 0.011069 0.719731 0.018786 0.704288 0.029366
1 0.624096 0.047906 0.638294 0.038269 0.641052 0.042928 0.626853 0.052565
1 0.921509 0.976565 0.927948 0.971195 0.929549 0.973396 0.923110 0.978766
1 0.656854 0.325990 0.663740 0.319298 0.665480 0.321351 0.658595 0.328043
1 0.924326 0.082476 0.931322 0.077796 0.932888 0.080479 0.925892 0.085159
1 0.705887 0.203247 0.717197 0.195079 0.720454 0.200250 0.709143 0.208418
1 0.871175 0.209784 0.884172 0.199605 0.887875 0.205026 0.874877 0.215205
1 0.925116 0.289517 0.937685 0.279010 0.941028 0.283596 0.928459 0.294103
1 0.604902 0.262570 0.610374 0.258468 0.611772 0.260606 0.606299 0.264708
1 0.680397 0.148839 0.694929 0.137905 0.698469 0.143300 0.683936 0.154234
1 0.953566 0.540583 0.961701 0.535267 0.963018 0.537579 0.954883 0.542895
1 0.952137 0.085740 0.965060 0.076215 0.968686 0.081856 0.955764 0.091381
1 0.576872 0.206579 0.582257 0.202293 0.583770 0.204473 0.578385 0.208759
1 0.148922 0.532753 0.156088 0.525304 0.158366 0.527817 0.151200 0.535266
1 0.887896 0.156995 0.897686 0.149611 0.900927 0.154538 0.891137 0.161922
1 0.644105 0.399269 0.659769 0.387476 0.663770 0.393569 0.648106 0.405363
1 0.592376 0.357088 0.602138 0.351165 0.603603 0.353935 0.593841 0.359858
1 0.907036 0.307949 0.922629 0.296621 0.925993 0.301931 0.910400 0.313259
1 0.666942 0.390053 0.685243 0.377012 0.689217 0.383408 0.670916 0.396449
1 0.848926 0.174764 0.864009 0.162792 0.867673 0.168085 0.852590 0.180057
1 0.558569 0.078915 0.562080 0.083920 0.555006 0.089610 0.551495 0.084605
1 0.852278 0.749184 0.863731 0.740291 0.866002 0.743646 0.854549 0.752538
1 0.878867 0.151104 0.894989 0.138897 0.898507 0.144225 0.882386 0.156433
1 0.789191 0.341415 0.807845 0.328894 0.811082 0.334424 0.792428 0.346945
1 0.312719 0.125246 0.330351 0.110746 0.334742 0.116870 0.317111 0.131369
1 0.423761 0.030135 0.438505 0.018159 0.442066 0.023187 0.427322 0.035162
1 0.823583 0.126866 0.833270 0.118987 0.836068 0.122932 0.826382 0.130811
1 0.475980 0.667770 0.482913 0.661295 0.484430 0.663157 0.477497 0.669633
1 0.059484 0.043695 0.067438 0.036961 0.068848 0.038870 0.060894 0.045605
1 0.577424 0.303293 0.587251 0.295837 0.590599 0.300896 0.580771 0.308352
1 0.646157 0.806406 0.653093 0.800989 0.654921 0.803672 0.647985 0.809089
1 0.903627 0.256801 0.914542 0.249008 0.917897 0.254396 0.906983 0.262189
1 0.854877 0.584809 0.872306 0.572628 0.875910 0.578541 0.858481 0.590722
1 0.282107 0.372753 0.296047 0.363003 0.299186 0.368150 0.285246 0.377900
1 0.964759 0.072731 0.980884 0.061000 0.984169 0.066179 0.968045 0.077909
1 0.969291 0.124341 0.985956 0.111847 0.989463 0.117210 0.972797 0.129704
1 0.423506 0.456733 0.436145 0.446765 0.439616 0.451811 0.426977 0.461780
1 0.341063 0.623591 0.348207 0.617980 0.349840 0.620365 0.342696 0.625975
1 0.643773 0.197559 0.660578 0.185244 0.664230 0.190959 0.647425 0.203274
1 0.597747 0.238107 0.603945 0.233247 0.605365 0.235325 0.599167 0.240184
1 0.965269 0.079444 0.983096 0.067183 0.986765 0.073300 0.968938 0.085561
1 0.102001 0.326888 0.111706 0.316064 0.114248 0.318677 0.104542 0.329501
1 0.705880 0.634849 0.715714 0.626109 0.718047 0.629119 0.708213 0.637858
1 0.981080 0.173688 0.996169 0.162674 0.999436 0.167807 0.984347 0.178820
1 0.685161 0.381130 0.701505 0.369735 0.704582 0.374796 0.688239 0.386191
1 0.951974 0.074816 0.968120 0.062545 0.971603 0.067799 0.955456 0.080070
1 0.698741 0.223602 0.713523 0.213395 0.716845 0.218911 0.702062 0.229118
1 0.415494 0.273497 0.423094 0.267907 0.424889 0.270706 0.417290 0.276296
1 0.876022 0.144367 0.892023 0.132257 0.895776 0.137942 0.879774 0.150052
1 0.925723 0.123840 0.941186 0.112397 0.944191 0.117054 0.928728 0.128497
1 0.946782 0.100223 0.962797 0.088899 0.966087 0.094234 0.950072 0.105558
1 0.286633 0.120814 0.302263 0.109012 0.306007 0.114697 0.290377 0.126500
1 0.804822 0.025694 0.819309 0.015239 0.823039 0.021165 0.808551 0.031620
1 0.725286 0.304336 0.741551 0.291944 0.745467 0.297837 0.729201 0.310229
1 0.650815 0.355194 0.657586 0.348416 0.659182 0.350243 0.652410 0.357022
1 0.699496 0.135823 0.713713 0.125578 0.716949 0.130728 0.702732 0.140973
1 0.981623 0.127812 0.995893 0.116782 0.999428 0.122027 0.985158 0.133056
1 0.600989 0.163608 0.609377 0.157218 0.612050 0.161242 0.603662 0.167632
1 0.528555 0.073078 0.535183 0.068039 0.536690 0.070311 0.530062 0.075350
1 0.694848 0.364653 0.708833 0.354315 0.712183 0.359511 0.698197 0.369849
1 0.880725 0.469440 0.889410 0.463359 0.891124 0.466166 0.882438 0.472246
1 0.973896 0.883032 0.980350 0.877220 0.981848 0.879128 0.975394 0.884940
1 0.899703 0.214891 0.911013 0.206827 0.914163 0.211892 0.902853 0.219956
1 0.553482 0.188762 0.566314 0.179438 0.569711 0.184798 0.556879 0.194123
1 0.835199 0.298508 0.842943 0.293559 0.844162 0.295747 0.836419 0.300696
1 0.315958 0.622415 0.323543 0.616254 0.324978 0.618280 0.317393 0.624440
1 0.451337 0.062904 0.457271 0.058158 0.458912 0.060512 0.452979 0.065257
1 0.530015 0.879033 0.536330 0.873734 0.538410 0.876576 0.532096 0.881876
1 0.734007 0.494975 0.740802 0.488927 0.742795 0.491495 0.736000 0.497543
1 0.452368 0.067359 0.459591 0.061934 0.460873 0.063891 0.453650 0.069316
1 0.038963 0.851216 0.046878 0.845520 0.048594 0.848253 0.040678 0.853949
1 0.710196 0.473710 0.716939 0.467851 0.718792 0.470295 0.712049 0.476154
1 0.418137 0.533434 0.425238 0.526355 0.426906 0.528273 0.419805 0.535352
1 0.593552 0.345100 0.600780 0.340339 0.602053 0.342556 0.594825 0.347317
1 0.762164 0.110190 0.774148 0.101864 0.777770 0.107841 0.765786 0.116167
1 0.659272 0.300360 0.666332 0.294879 0.667774 0.297009 0.660715 0.302490
1 0.536660 0.156016 0.543329 0.150415 0.544766 0.152377 0.538096 0.157977
1 0.595862 0.283120 0.603520 0.278457 0.604713 0.280705 0.597055 0.285367
1 0.059686 0.888440 0.067383 0.881836 0.069396 0.884526 0.061700 0.891130
1 0.475790 0.656606 0.482594 0.649787 0.484322 0.651765 0.477519 0.658584
1 0.508938 0.120697 0.515183 0.115476 0.516578 0.117389 0.510333 0.122610
1 0.057802 0.873533 0.064147 0.869147 0.065379 0.871190 0.059034 0.875577
1 0.024967 0.459912 0.033363 0.452991 0.035634 0.456150 0.027239 0.463071
1 0.874838 0.484347 0.882797 0.477771 0.884379 0.479966 0.876419 0.486542
1 0.617639 0.790152 0.626645 0.782537 0.628763 0.785409 0.619757 0.793024
1 0.936943 0.242705 0.942720 0.238493 0.944288 0.240959 0.938511 0.245171
1 0.761698 0.415154 0.768771 0.410306 0.769911 0.412214 0.762838 0.417061
1 0.777543 0.347412 0.784903 0.341795 0.786746 0.344564 0.779386 0.350180
1 0.938338 0.269021 0.945106 0.265040 0.946354 0.267474 0.939586 0.271454
1 0.873142 0.424853 0.880723 0.418978 0.882539 0.421664 0.874958 0.427540
1 0.664328 0.533319 0.671101 0.527036 0.672567 0.528848 0.665794 0.535131
1 0.217802 0.460851 0.226541 0.454939 0.228279 0.457885 0.219540 0.463797
1 0.032034 0.459339 0.039501 0.452963 0.041107 0.455120 0.033640 0.461495
1 0.512339 0.769939 0.518485 0.764609 0.520692 0.767528 0.514546 0.772857
1 0.886485 0.174953 0.893174 0.170351 0.894659 0.172827 0.887971 0.177428
1 0.895625 0.242736 0.902666 0.236684 0.904549 0.239195 0.897507 0.245248
1 0.338788 0.588125 0.346463 0.582172 0.348001 0.584446 0.340326 0.590399
1 0.907104 0.440259 0.915444 0.433676 0.917420 0.436546 0.909080 0.443130
1 0.795541 0.394283 0.803471 0.387439 0.805200 0.389736 0.797270 0.396580
1 0.835021 0.821669 0.842219 0.815143 0.843788 0.817128 0.836591 0.823654
1 0.140427 0.296946 0.146927 0.290652 0.148574 0.292603 0.142074 0.298896
4 0.305123 0.260771 0.305142 0.267595 0.298019 0.267618 0.298000 0.260794
1 0.368612 0.353983 0.374460 0.347608 0.376181 0.349418 0.370333 0.355793
1 0.093654 0.267359 0.100645 0.262145 0.101824 0.263956 0.094832 0.269171
1 0.862930 0.158669 0.869168 0.154122 0.870383 0.156034 0.864145 0.160580
1 0.485704 0.323858 0.492083 0.318628 0.493527 0.320648 0.487149 0.325878
4 0.804745 0.139106 0.797793 0.138913 0.797957 0.132128 0.804909 0.132321
1 0.879583 0.804499 0.873225 0.809799 0.871844 0.807900 0.878202 0.802600
1 0.873702 0.561632 0.864898 0.567499 0.863619 0.565300 0.872424 0.559432
1 0.948926 0.544673 0.941924 0.549580 0.940451 0.547170 0.947453 0.542263
1 0.985363 0.535281 0.978204 0.540222 0.976689 0.537706 0.983848 0.532765
1 0.926664 0.566322 0.918907 0.571553 0.917152 0.568568 0.924909 0.563338
1 0.947549 0.678970 0.939655 0.683890 0.938268 0.681338 0.946162 0.676418
1 0.990750 0.697815 0.982811 0.703293 0.981204 0.700623 0.989143 0.695145
1 0.990015 0.721205 0.981976 0.725347 0.980732 0.722581 0.988772 0.718438
1 0.900788 0.833263 0.892167 0.839655 0.890687 0.837367 0.899308 0.830975
1 0.962099 0.922144 0.954875 0.927847 0.953645 0.926060 0.960869 0.920357
1 0.719534 0.138299 0.706454 0.147291 0.703225 0.141906 0.716306 0.132914
1 0.693137 0.018428 0.676552 0.029830 0.673070 0.024022 0.689655 0.012620
1 0.739185 0.019576 0.726882 0.028034 0.723445 0.022303 0.735749 0.013844
1 0.751869 0.019656 0.739800 0.027953 0.736031 0.021665 0.748100 0.013368
1 0.767750 0.019940 0.755463 0.028387 0.752268 0.023058 0.764555 0.014610
1 0.636577 0.082639 0.620625 0.093604 0.617187 0.087867 0.633138 0.076903
1 0.632966 0.041439 0.615940 0.053144 0.612459 0.047338 0.629485 0.035633
1 0.651145 0.043001 0.633976 0.054803 0.630897 0.049667 0.648066 0.037865
1 0.624493 0.017818 0.610669 0.027322 0.606472 0.020323 0.620297 0.010819
1 0.623796 0.029013 0.611390 0.037541 0.608162 0.032156 0.620568 0.023628
1 0.654648 0.049128 0.637663 0.060804 0.634345 0.055268 0.651330 0.043593
1 0.687444 0.037198 0.669448 0.049569 0.665975 0.043776 0.683971 0.031405
1 0.720742 0.027943 0.703274 0.039952 0.700046 0.034569 0.717515 0.022560
1 0.708194 0.031798 0.691074 0.043567 0.687851 0.038190 0.704971 0.026421
1 0.665084 0.021535 0.646485 0.034321 0.643258 0.028938 0.661856 0.016152
1 0.673448 0.036279 0.655529 0.048597 0.652303 0.043215 0.670221 0.030897
1 0.350161 0.203913 0.343393 0.210393 0.341256 0.207834 0.348024 0.201354
1 0.443212 0.224616 0.438128 0.229946 0.435480 0.227050 0.440564 0.221720
1 0.436590 0.229306 0.431993 0.234948 0.429582 0.232696 0.434179 0.227054
1 0.440849 0.235163 0.434600 0.241694 0.432215 0.239077 0.438464 0.232547
1 0.364438 0.274736 0.357378 0.280792 0.355372 0.278111 0.362432 0.272055
1 0.446910 0.281912 0.441370 0.287070 0.439445 0.284699 0.444986 0.279542
1 0.440691 0.290575 0.434395 0.296905 0.432178 0.294377 0.438473 0.288047
1 0.436997 0.294891 0.431063 0.301425 0.429527 0.299826 0.435461 0.293291
1 0.433046 0.310057 0.427761 0.316591 0.425274 0.314284 0.430559 0.307751
1 0.466757 0.300752 0.460622 0.307674 0.458931 0.305955 0.465066 0.299033
1 0.473766 0.271402 0.468016 0.277646 0.466593 0.276143 0.472343 0.269899
1 0.482937 0.307504 0.477113 0.313443 0.474775 0.310814 0.480599 0.304875
1 0.281364 0.261313 0.274210 0.266878 0.272459 0.264296 0.279613 0.258731
1 0.325686 0.295329 0.319613 0.302328 0.317052 0.299781 0.323125 0.292782
1 0.274930 0.316338 0.268945 0.321132 0.267230 0.318676 0.273214 0.313882
1 0.270564 0.316157 0.263531 0.321914 0.262059 0.319852 0.269092 0.314095
1 0.232109 0.315850 0.223929 0.321604 0.222734 0.319655 0.230914 0.313901
1 0.239091 0.322099 0.231364 0.327743 0.229902 0.325448 0.237629 0.319804
1 0.254189 0.324303 0.246609 0.331213 0.244539 0.328609 0.252120 0.321700
1 0.219952 0.254882 0.212014 0.262535 0.209304 0.259311 0.217242 0.251658
1 0.137185 0.264654 0.129455 0.270092 0.128142 0.267952 0.135873 0.262514
1 0.098970 0.323142 0.092770 0.328832 0.091478 0.327218 0.097678 0.321527
1 0.097004 0.328835 0.091181 0.333866 0.089344 0.331429 0.095167 0.326398
1 0.073877 0.327732 0.067438 0.335100 0.065385 0.333044 0.071825 0.325675
1 0.075894 0.328853 0.069957 0.336039 0.067868 0.334060 0.073805 0.326874
1 0.066554 0.342881 0.059218 0.351217 0.056209 0.348180 0.063545 0.339844
1 0.087324 0.363343 0.079907 0.370698 0.077242 0.367617 0.084660 0.360262
1 0.060922 0.403347 0.052715 0.411485 0.050240 0.408623 0.058447 0.400485
1 0.217074 0.389885 0.208990 0.395210 0.207424 0.392484 0.215507 0.387159
1 0.275977 0.217019 0.269145 0.223446 0.266900 0.220708 0.273732 0.214281
1 0.280344 0.219007 0.273240 0.224760 0.271119 0.221756 0.278223 0.216003
1 0.291299 0.210674 0.284454 0.215581 0.282815 0.212959 0.289660 0.208052
1 0.290274 0.206481 0.283601 0.212456 0.281275 0.209477 0.287948 0.203502
1 0.348910 0.169096 0.341081 0.176006 0.338603 0.172787 0.346432 0.165878
1 0.343673 0.166556 0.336036 0.173250 0.333769 0.170283 0.341406 0.163590
1 0.278453 0.172453 0.286962 0.164862 0.289699 0.168380 0.281190 0.175970
1 0.775878 0.643791 0.768637 0.649160 0.766872 0.646431 0.774113 0.641061
1 0.732943 0.642839 0.726688 0.649491 0.724553 0.647190 0.730809 0.640537
1 0.574119 0.548379 0.567093 0.553925 0.565198 0.551173 0.572224 0.545627
1 0.079587 0.920249 0.067970 0.927030 0.065433 0.922046 0.077050 0.915265
1 0.025518 0.732665 0.018394 0.738127 0.016312 0.735013 0.023436 0.729552
1 0.032802 0.749099 0.025703 0.754092 0.023770 0.750941 0.030870 0.745949
1 0.134085 0.709524 0.126905 0.715489 0.124777 0.712551 0.131957 0.706586
1 0.847632 0.793508 0.840308 0.797784 0.839268 0.795740 0.846591 0.791464
1 0.713808 0.781201 0.707573 0.785755 0.706098 0.783440 0.712333 0.778885
1 0.687539 0.804685 0.679651 0.809661 0.677992 0.806645 0.685880 0.801669
1 0.699551 0.779297 0.691880 0.785266 0.689981 0.782468 0.697652 0.776499
1 0.630815 0.816451 0.624318 0.821039 0.622533 0.818140 0.629030 0.813552
1 0.622381 0.732495 0.614778 0.738809 0.612773 0.736041 0.620375 0.729726
1 0.674660 0.725101 0.667421 0.731135 0.665601 0.728631 0.672840 0.722597
1 0.746257 0.690197 0.738846 0.696155 0.737157 0.693746 0.744569 0.687788
1 0.606310 0.603398 0.599979 0.610037 0.597590 0.607425 0.603921 0.600786
1 0.577850 0.477371 0.570512 0.482894 0.568954 0.480520 0.576292 0.474997
1 0.595101 0.418949 0.587320 0.425343 0.585567 0.422896 0.593348 0.416502
1 0.527833 0.422870 0.521123 0.428127 0.519661 0.425986 0.526370 0.420729
1 0.524029 0.407981 0.517486 0.413573 0.515701 0.411178 0.522244 0.405586
1 0.498337 0.421895 0.492258 0.427818 0.490523 0.425777 0.496603 0.419853
1 0.417475 0.382084 0.410162 0.388539 0.408633 0.386553 0.415946 0.380098
1 0.401983 0.401864 0.408661 0.396256 0.410397 0.398626 0.403718 0.404234
1 0.430979 0.381608 0.424686 0.387466 0.423319 0.385782 0.429612 0.379924
1 0.369233 0.415681 0.355364 0.425511 0.352336 0.420614 0.366205 0.410783
1 0.046497 0.044419 0.036473 0.051205 0.033530 0.046218 0.043553 0.039433
1 0.601260 0.866566 0.593995 0.873163 0.591979 0.870617 0.599244 0.864020
1 0.662683 0.860534 0.654618 0.867043 0.652707 0.864328 0.660773 0.857819
1 0.738067 0.849253 0.730300 0.856109 0.728358 0.853587 0.736126 0.846731
1 0.793732 0.798234 0.785924 0.803140 0.784210 0.800011 0.792017 0.795105
1 0.767061 0.763216 0.759768 0.769563 0.758078 0.767337 0.765371 0.760990
1 0.812362 0.727505 0.805508 0.731811 0.804007 0.729071 0.810861 0.724765
1 0.481882 0.143243 0.474630 0.147964 0.473305 0.145629 0.480557 0.140908
1 0.699551 0.211264 0.689133 0.218262 0.686467 0.213711 0.696885 0.206713
1 0.933175 0.361694 0.925851 0.366204 0.924890 0.364414 0.932214 0.359904
1 0.785489 0.389993 0.776909 0.397069 0.775301 0.394833 0.783881 0.387757
1 0.784189 0.379033 0.775692 0.386245 0.774207 0.384239 0.782704 0.377027
1 0.787374 0.414243 0.779120 0.420478 0.777463 0.417962 0.785716 0.411727
1 0.743358 0.247137 0.738287 0.251959 0.736532 0.249843 0.741604 0.245021
1 0.863671 0.359629 0.854658 0.365969 0.853309 0.363770 0.862322 0.357430
1 0.785020 0.510212 0.776760 0.515402 0.775244 0.512635 0.783504 0.507445
1 0.915052 0.416915 0.907684 0.421712 0.906130 0.418975 0.913498 0.414178
1 0.963405 0.477616 0.956138 0.481598 0.955148 0.479525 0.962415 0.475543
1 0.978320 0.495988 0.970107 0.500566 0.968985 0.498258 0.977198 0.493680
1 0.983584 0.463138 0.976936 0.466579 0.975811 0.464086 0.982459 0.460645
1 0.869800 0.442713 0.852722 0.454726 0.849026 0.448700 0.866104 0.436687
1 0.986610 0.149954 0.979051 0.155662 0.977507 0.153318 0.985066 0.147610
1 0.935769 0.262795 0.926343 0.268049 0.925268 0.265837 0.934693 0.260582
1 0.865886 0.188247 0.859163 0.192921 0.857632 0.190397 0.864355 0.185722
1 0.839572 0.408282 0.830210 0.414497 0.829082 0.412550 0.838444 0.406335
1 0.629655 0.100549 0.613064 0.112175 0.609991 0.107146 0.626582 0.095520
1 0.650799 0.140840 0.638652 0.149714 0.635496 0.144760 0.647643 0.135887
1 0.654661 0.144817 0.642513 0.153691 0.639112 0.148352 0.651260 0.139478
1 0.648715 0.133927 0.636028 0.143161 0.632512 0.137622 0.645199 0.128388
1 0.637796 0.121039 0.622785 0.132086 0.619657 0.127212 0.634668 0.116165
1 0.643103 0.127643 0.629307 0.137533 0.625910 0.132100 0.639706 0.122210
1 0.632611 0.116817 0.618490 0.127093 0.615170 0.121862 0.629291 0.111586
1 0.630640 0.106488 0.614282 0.118082 0.611278 0.113222 0.627636 0.101628
1 0.740325 0.064924 0.724376 0.075889 0.721148 0.070506 0.737098 0.059541
1 0.645481 0.102834 0.634513 0.110786 0.631713 0.106357 0.642681 0.098405
1 0.653339 0.111729 0.641805 0.120217 0.639138 0.116061 0.650672 0.107573
1 0.650699 0.103619 0.641851 0.110009 0.639272 0.105915 0.648121 0.099525
4 0.876528 0.029628 0.882951 0.029628 0.882951 0.035480 0.876528 0.035480
4 0.629560 0.884442 0.637174 0.884442 0.637174 0.891101 0.629560 0.891101
4 0.270360 0.717732 0.279101 0.717732 0.279101 0.725483 0.270360 0.725483
4 0.345521 0.779028 0.351930 0.779028 0.351930 0.785395 0.345521 0.785395
4 0.373355 0.839835 0.379378 0.839835 0.379378 0.846282 0.373355 0.846282
4 0.251468 0.556710 0.258224 0.556710 0.258224 0.563052 0.251468 0.563052
4 0.118363 0.617250 0.125058 0.617250 0.125058 0.624189 0.118363 0.624189
4 0.017060 0.509359 0.024296 0.509359 0.024296 0.515025 0.017060 0.515025
4 0.039547 0.333306 0.046032 0.333306 0.046032 0.339177 0.039547 0.339177
4 0.113408 0.279738 0.119798 0.279738 0.119798 0.285290 0.113408 0.285290
4 0.112945 0.344756 0.119663 0.344756 0.119663 0.350296 0.112945 0.350296
4 0.084555 0.397226 0.091311 0.397226 0.091311 0.402325 0.084555 0.402325
4 0.115734 0.469217 0.122498 0.469217 0.122498 0.476048 0.115734 0.476048
6 0.166414 0.723157 0.173525 0.723157 0.173525 0.729497 0.166414 0.729497
4 0.595149 0.571956 0.601807 0.571956 0.601807 0.578513 0.595149 0.578513
4 0.675081 0.530246 0.681412 0.530246 0.681412 0.536827 0.675081 0.536827
4 0.668570 0.828185 0.674919 0.828185 0.674919 0.835459 0.668570 0.835459
4 0.892120 0.628095 0.899869 0.628095 0.899869 0.635993 0.892120 0.635993
4 0.520220 0.031041 0.526162 0.031041 0.526162 0.037404 0.520220 0.037404
4 0.251339 0.201979 0.258533 0.201979 0.258533 0.208630 0.251339 0.208630
6 0.183853 0.780542 0.191323 0.780542 0.191323 0.789359 0.183853 0.789359
4 0.807206 0.499965 0.813105 0.499965 0.813105 0.505846 0.807206 0.505846
1 0.620076 0.261455 0.615212 0.264786 0.614111 0.262943 0.618975 0.259612
7 0.589315 0.138962 0.595394 0.138962 0.595394 0.143028 0.589315 0.143028
1 0.366432 0.884380 0.358731 0.890005 0.357027 0.887331 0.364728 0.881706
1 0.403634 0.750394 0.397390 0.755925 0.395941 0.754049 0.402185 0.748518
1 0.309655 0.698027 0.305547 0.704477 0.303602 0.703057 0.307710 0.696606
1 0.541358 0.699271 0.534941 0.705700 0.533071 0.703560 0.539489 0.697131
1 0.569987 0.704912 0.564110 0.710286 0.562278 0.707989 0.568155 0.702615
1 0.618917 0.698521 0.610929 0.704828 0.608884 0.701858 0.616872 0.695551
1 0.584413 0.604141 0.576350 0.612052 0.574351 0.609716 0.582413 0.601804
1 0.539042 0.517089 0.531638 0.522807 0.529739 0.519988 0.537143 0.514270
1 0.310021 0.143321 0.303034 0.149599 0.301295 0.147380 0.308282 0.141102
1 0.309050 0.149773 0.316948 0.142726 0.319148 0.145552 0.311249 0.152600
1 0.449350 0.129360 0.441376 0.135011 0.439481 0.131945 0.447455 0.126294
1 0.453374 0.102289 0.446513 0.106738 0.444974 0.104016 0.451835 0.099567
1 0.440826 0.030631 0.434151 0.037067 0.432203 0.034750 0.438878 0.028314
1 0.431820 0.015625 0.424987 0.021508 0.423235 0.019175 0.430068 0.013292
1 0.380569 0.022700 0.374731 0.027496 0.372923 0.024974 0.378761 0.020177
1 0.335781 0.020236 0.329681 0.025431 0.327979 0.023139 0.334079 0.017944
1 0.107812 0.036378 0.101554 0.042163 0.099916 0.040131 0.106174 0.034346
1 0.047375 0.028777 0.041432 0.033249 0.040292 0.031512 0.046235 0.027040
1 0.038930 0.026146 0.044631 0.021743 0.045725 0.023367 0.040024 0.027770
1 0.147557 0.046779 0.141174 0.052576 0.139820 0.050866 0.146203 0.045069
1 0.183366 0.043410 0.177705 0.048552 0.176075 0.046494 0.181737 0.041352
1 0.190289 0.032440 0.183236 0.037968 0.181781 0.035839 0.188834 0.030311
1 0.285882 0.042314 0.279418 0.047839 0.277673 0.045497 0.284137 0.039973
1 0.264738 0.052404 0.257786 0.057893 0.256118 0.055471 0.263070 0.049982
1 0.318122 0.058624 0.312237 0.064102 0.310254 0.061659 0.316139 0.056181
1 0.170965 0.569646 0.164557 0.576702 0.162119 0.574163 0.168527 0.567107
1 0.112148 0.515270 0.103475 0.522605 0.100864 0.519064 0.109537 0.511730
1 0.161352 0.529947 0.155532 0.536378 0.154088 0.534880 0.159908 0.528449
1 0.083661 0.811960 0.075567 0.819657 0.073100 0.816682 0.081194 0.808985
1 0.105734 0.778002 0.096915 0.783948 0.095101 0.780863 0.103920 0.774917
1 0.105578 0.772005 0.097242 0.778094 0.095111 0.774749 0.103447 0.768660
1 0.111384 0.768179 0.104744 0.773402 0.103304 0.771303 0.109944 0.766080
1 0.091074 0.851685 0.082437 0.859043 0.080293 0.856156 0.088930 0.848799
1 0.078365 0.928481 0.071102 0.934449 0.069186 0.931776 0.076450 0.925808
1 0.082206 0.947949 0.075747 0.953085 0.074057 0.950649 0.080517 0.945512
1 0.859959 0.760539 0.852629 0.766829 0.850800 0.764384 0.858130 0.758095
1 0.850633 0.556007 0.842134 0.561940 0.840624 0.559460 0.849123 0.553527
1 0.877514 0.528723 0.871175 0.533148 0.869666 0.530668 0.876004 0.526243
1 0.736492 0.251318 0.729291 0.257386 0.727641 0.255141 0.734842 0.249073
1 0.893907 0.350326 0.877346 0.361886 0.873706 0.355906 0.890266 0.344346
1 0.825086 0.359930 0.808901 0.370718 0.805509 0.364882 0.821694 0.354095
1 0.809864 0.298578 0.801766 0.302676 0.800471 0.299742 0.808569 0.295644
1 0.762687 0.298909 0.745178 0.311555 0.741468 0.305666 0.758977 0.293020
1 0.735557 0.168125 0.726421 0.173750 0.723368 0.168065 0.732504 0.162440
1 0.745860 0.179028 0.736951 0.185106 0.733857 0.179905 0.742766 0.173827
7 0.605165 0.179864 0.611872 0.179864 0.611872 0.185019 0.605165 0.185019
4 0.351081 0.069593 0.358350 0.069593 0.358350 0.076593 0.351081 0.076593
1 0.238943 0.315582 0.231640 0.320623 0.229980 0.317865 0.237284 0.312825
1 0.701900 0.193365 0.712065 0.186615 0.714691 0.191150 0.704526 0.197900
1 0.052382 0.410425 0.059551 0.403263 0.060805 0.404702 0.053637 0.411865
1 0.500781 0.110130 0.507672 0.104408 0.509484 0.106910 0.502593 0.112632
1 0.536987 0.489805 0.542383 0.497696 0.537960 0.501165 0.532564 0.493274
4 0.734054 0.582960 0.740546 0.582960 0.740546 0.589394 0.734054 0.589394
1 0.778564 0.841608 0.785341 0.838006 0.786383 0.840253 0.779606 0.843855
1 0.591126 0.227855 0.597677 0.222589 0.599049 0.224546 0.592498 0.229812
1 0.521343 0.287838 0.518851 0.290477 0.513333 0.284503 0.515825 0.281863
1 0.704843 0.198053 0.715008 0.191303 0.717634 0.195839 0.707469 0.202588
1 0.281464 0.089748 0.275542 0.096571 0.273657 0.094696 0.279579 0.087873
4 0.170230 0.260069 0.176771 0.260069 0.176771 0.266218 0.170230 0.266218
4 0.661639 0.782371 0.668634 0.782371 0.668634 0.787819 0.661639 0.787819
4 0.788867 0.622567 0.795832 0.622567 0.795832 0.628704 0.788867 0.628704
4 0.836804 0.684642 0.843318 0.684642 0.843318 0.690112 0.836804 0.690112
4 0.622116 0.606494 0.628996 0.606494 0.628996 0.613084 0.622116 0.613084
4 0.579322 0.508817 0.585830 0.508817 0.585830 0.515035 0.579322 0.515035
4 0.567245 0.353966 0.574342 0.353966 0.574342 0.361331 0.567245 0.361331
4 0.546131 0.239761 0.553770 0.239761 0.553770 0.246866 0.546131 0.246866
4 0.507416 0.145099 0.514236 0.145099 0.514236 0.151912 0.507416 0.151912
4 0.168729 0.741078 0.175972 0.741078 0.175972 0.747167 0.168729 0.747167
4 0.107302 0.417691 0.113543 0.417691 0.113543 0.422721 0.107302 0.422721
4 0.016324 0.438529 0.023446 0.438529 0.023446 0.443750 0.016324 0.443750
4 0.741587 0.850825 0.748644 0.850825 0.748644 0.857985 0.741587 0.857985
4 0.678743 0.925450 0.686657 0.925450 0.686657 0.932843 0.678743 0.932843
1 0.443909 0.395163 0.436501 0.401632 0.434337 0.398791 0.441744 0.392321
1 0.117463 0.306239 0.124450 0.297623 0.127168 0.300151 0.120181 0.308767
1 0.912920 0.199470 0.931407 0.186955 0.934372 0.191976 0.915884 0.204491
1 0.927249 0.294870 0.943821 0.282198 0.947010 0.286980 0.930438 0.299652
1 0.966402 0.118055 0.979836 0.108696 0.983265 0.114340 0.969831 0.123699
1 0.578098 0.120247 0.596715 0.107013 0.600565 0.113223 0.581948 0.126458
1 0.931995 0.199319 0.949945 0.187087 0.953372 0.192854 0.935422 0.205086
1 0.797136 0.534403 0.804064 0.530599 0.805237 0.533049 0.798309 0.536853
1 0.682439 0.115941 0.697345 0.105969 0.699807 0.110189 0.684900 0.120160
1 0.883800 0.064789 0.877578 0.068407 0.876104 0.065501 0.882326 0.061883
1 0.728936 0.192158 0.718732 0.197992 0.717559 0.195640 0.727763 0.189806
1 0.659619 0.055184 0.643422 0.066317 0.640196 0.060935 0.656392 0.049802
1 0.951237 0.526475 0.958370 0.521362 0.959167 0.522636 0.952033 0.527750
1 0.939743 0.164590 0.946114 0.159991 0.947689 0.162492 0.941318 0.167091
1 0.871181 0.216837 0.878360 0.211082 0.880162 0.213659 0.872982 0.219414
1 0.936914 0.210070 0.944006 0.205274 0.945789 0.208296 0.938697 0.213092
1 0.922972 0.074309 0.930614 0.069968 0.931677 0.072114 0.924035 0.076455
1 0.641887 0.395328 0.649078 0.389419 0.650642 0.391602 0.643452 0.397511
1 0.686838 0.122891 0.701452 0.112435 0.704746 0.117714 0.690132 0.128170
1 0.710377 0.311338 0.728269 0.299520 0.731935 0.305884 0.714043 0.317702
1 0.693220 0.161195 0.710456 0.148485 0.714503 0.154777 0.697267 0.167487
1 0.875581 0.172170 0.890978 0.161355 0.894117 0.166479 0.878719 0.177294
1 0.871306 0.137825 0.874866 0.143354 0.859155 0.154955 0.855595 0.149426
1 0.940506 0.518546 0.955493 0.508168 0.958786 0.513621 0.943800 0.523999
1 0.654999 0.054958 0.674434 0.041247 0.678906 0.048516 0.659471 0.062227
1 0.985799 0.632435 0.993804 0.628199 0.995077 0.630957 0.987073 0.635194
4 0.878714 0.757351 0.885430 0.757351 0.885430 0.763440 0.878714 0.763440
4 0.921331 0.768623 0.928312 0.768623 0.928312 0.775643 0.921331 0.775643
1 0.612752 0.021185 0.597799 0.031465 0.594207 0.025474 0.609161 0.015194
4 0.977364 0.756171 0.984969 0.756345 0.984811 0.764263 0.977205 0.764089
1 0.672341 0.104750 0.698946 0.086282 0.702507 0.092164 0.675902 0.110632
1 0.678573 0.174351 0.692807 0.163878 0.696340 0.169383 0.682106 0.179856
1 0.858768 0.375581 0.876986 0.362423 0.880614 0.368183 0.862396 0.381341
