4 0.766689 0.845388 0.773536 0.845388 0.773536 0.854226 0.766689 0.854226
4 0.750087 0.896624 0.757073 0.896624 0.757073 0.905030 0.750087 0.905030
13 0.440253 0.866993 0.445562 0.866993 0.445562 0.871301 0.440253 0.871301
13 0.401188 0.746509 0.405615 0.746509 0.405615 0.750914 0.401188 0.750914
13 0.394239 0.722353 0.398755 0.722353 0.398755 0.727005 0.394239 0.727005
13 0.534489 0.708501 0.539036 0.708501 0.539036 0.714020 0.534489 0.714020
13 0.388945 0.137199 0.393215 0.137199 0.393215 0.141339 0.388945 0.141339
13 0.153440 0.254317 0.157082 0.254317 0.157082 0.258294 0.153440 0.258294
13 0.160959 0.133622 0.165523 0.133622 0.165523 0.137700 0.160959 0.137700
13 0.204422 0.038836 0.208225 0.038836 0.208225 0.042665 0.204422 0.042665
13 0.091674 0.106528 0.095983 0.106528 0.095983 0.111074 0.091674 0.111074
13 0.074093 0.008253 0.077999 0.008253 0.077999 0.012324 0.074093 0.012324
13 0.025597 0.015073 0.030668 0.015073 0.030668 0.020936 0.025597 0.020936
13 0.005162 0.009148 0.010465 0.009148 0.010465 0.015770 0.005162 0.015770
13 0.762407 0.824519 0.766739 0.824519 0.766739 0.828910 0.762407 0.828910
13 0.929623 0.942708 0.934038 0.942708 0.934038 0.946612 0.929623 0.946612
13 0.980913 0.489552 0.986105 0.489552 0.986105 0.495586 0.980913 0.495586
13 0.956953 0.214651 0.960714 0.214651 0.960714 0.219174 0.956953 0.219174
13 0.969501 0.077884 0.973641 0.077884 0.973641 0.082432 0.969501 0.082432
13 0.863439 0.141863 0.868970 0.141863 0.868970 0.148063 0.863439 0.148063
13 0.887043 0.155281 0.891571 0.155281 0.891571 0.161028 0.887043 0.161028
13 0.892708 0.172231 0.896934 0.172231 0.896934 0.177284 0.892708 0.177284
13 0.916031 0.252030 0.921593 0.252030 0.921593 0.257297 0.916031 0.257297
13 0.599462 0.390064 0.604752 0.390064 0.604752 0.395333 0.599462 0.395333
13 0.496698 0.425342 0.502143 0.425342 0.502143 0.431499 0.496698 0.431499
13 0.923424 0.316958 0.929161 0.316958 0.929161 0.323250 0.923424 0.323250
13 0.940192 0.263381 0.944529 0.263381 0.944529 0.268432 0.940192 0.268432
13 0.942077 0.278428 0.947674 0.278428 0.947674 0.285051 0.942077 0.285051
13 0.738179 0.341093 0.742650 0.341093 0.742650 0.345724 0.738179 0.345724
13 0.769239 0.621351 0.774321 0.621351 0.774321 0.626223 0.769239 0.626223
13 0.482803 0.972136 0.489443 0.972136 0.489443 0.977566 0.482803 0.977566
13 0.557409 0.937275 0.563808 0.937275 0.563808 0.943705 0.557409 0.943705
13 0.454433 0.902413 0.461315 0.902413 0.461315 0.909843 0.454433 0.909843
13 0.474957 0.852980 0.480992 0.852980 0.480992 0.860551 0.474957 0.860551
13 0.200666 0.413682 0.206593 0.413682 0.206593 0.420683 0.200666 0.420683
13 0.936070 0.215054 0.941562 0.215054 0.941562 0.220876 0.936070 0.220876
13 0.633087 0.670640 0.637395 0.670640 0.637395 0.674918 0.633087 0.674918
13 0.778778 0.204178 0.783068 0.204178 0.783068 0.208654 0.778778 0.208654
13 0.680960 0.506956 0.685332 0.506956 0.685332 0.511098 0.680960 0.511098
4 0.680455 0.940916 0.687194 0.940916 0.687194 0.947698 0.680455 0.947698
4 0.641027 0.896488 0.647057 0.896488 0.647057 0.903107 0.641027 0.903107
4 0.698953 0.965278 0.704781 0.965278 0.704781 0.971861 0.698953 0.971861
