13 0.057965 0.499995 0.065463 0.499995 0.065463 0.508018 0.057965 0.508018
13 0.467190 0.450406 0.474338 0.450406 0.474338 0.455872 0.467190 0.455872
13 0.451431 0.494856 0.457466 0.494856 0.457466 0.501117 0.451431 0.501117
13 0.449083 0.382340 0.456759 0.382340 0.456759 0.389138 0.449083 0.389138
13 0.526649 0.395123 0.534178 0.395123 0.534178 0.402324 0.526649 0.402324
13 0.487615 0.706557 0.494920 0.706557 0.494920 0.713963 0.487615 0.713963
13 0.604135 0.311729 0.611078 0.311729 0.611078 0.318744 0.604135 0.318744
13 0.468968 0.575501 0.477234 0.575501 0.477234 0.583319 0.468968 0.583319
13 0.459548 0.761283 0.465508 0.761283 0.465508 0.768280 0.459548 0.768280
4 0.571655 0.723864 0.580507 0.723864 0.580507 0.731500 0.571655 0.731500
13 0.402646 0.804077 0.410143 0.804077 0.410143 0.810867 0.402646 0.810867
13 0.449937 0.841934 0.457433 0.841934 0.457433 0.849958 0.449937 0.849958
13 0.405915 0.838848 0.410912 0.838848 0.410912 0.844197 0.405915 0.844197
13 0.261737 0.790293 0.269426 0.790293 0.269426 0.798729 0.261737 0.798729
13 0.255584 0.735567 0.263659 0.735567 0.263659 0.743590 0.255584 0.743590
13 0.428213 0.914766 0.435519 0.914766 0.435519 0.922995 0.428213 0.922995
13 0.465124 0.911885 0.471659 0.911885 0.471659 0.918675 0.465124 0.918675
13 0.415526 0.933694 0.422831 0.933694 0.422831 0.940689 0.415526 0.940689
13 0.427253 0.970727 0.435903 0.970727 0.435903 0.978545 0.427253 0.978545
13 0.255584 0.935340 0.262505 0.935340 0.262505 0.942541 0.255584 0.942541
13 0.275578 0.903039 0.283460 0.903039 0.283460 0.909828 0.275578 0.909828
13 0.255970 0.888019 0.263275 0.888019 0.263275 0.894809 0.255970 0.894809
13 0.294801 0.923406 0.301721 0.923406 0.301721 0.930813 0.294801 0.930813
13 0.164463 0.889455 0.171193 0.889455 0.171193 0.897072 0.164463 0.897072
13 0.106986 0.537851 0.114868 0.537851 0.114868 0.546080 0.106986 0.546080
4 0.511783 0.903011 0.520237 0.903011 0.520237 0.913132 0.511783 0.913132
4 0.345578 0.935052 0.354244 0.935052 0.354244 0.943110 0.345578 0.943110
4 0.313842 0.834599 0.322333 0.834599 0.322333 0.842485 0.313842 0.842485
4 0.389929 0.628781 0.398644 0.628781 0.398644 0.635924 0.389929 0.635924
4 0.631055 0.181171 0.638566 0.181171 0.638566 0.186913 0.631055 0.186913
4 0.470156 0.526903 0.479096 0.526903 0.479096 0.531408 0.470156 0.531408
4 0.498637 0.519754 0.506428 0.519754 0.506428 0.524702 0.498637 0.524702
4 0.501480 0.483328 0.510828 0.483328 0.510828 0.489650 0.501480 0.489650
4 0.700608 0.741606 0.709626 0.741606 0.709626 0.748266 0.700608 0.748266
4 0.680160 0.775092 0.688530 0.775092 0.688530 0.782671 0.680160 0.782671
4 0.202998 0.765810 0.211565 0.765810 0.211565 0.771530 0.202998 0.771530
4 0.147573 0.683727 0.156657 0.683727 0.156657 0.689723 0.147573 0.689723
4 0.232431 0.821020 0.241958 0.821020 0.241958 0.827383 0.232431 0.827383
4 0.555207 0.967265 0.562829 0.967265 0.562829 0.974844 0.555207 0.974844
4 0.643883 0.621446 0.650707 0.621446 0.650707 0.628545 0.643883 0.628545
4 0.688542 0.916367 0.697279 0.916367 0.697279 0.924386 0.688542 0.924386
4 0.962236 0.076377 0.970230 0.076377 0.970230 0.084135 0.962236 0.084135
13 0.075267 0.511105 0.082379 0.511105 0.082379 0.518510 0.075267 0.518510
13 0.564900 0.458543 0.571700 0.458543 0.571700 0.464055 0.564900 0.464055
13 0.532022 0.172662 0.540288 0.172662 0.540288 0.180480 0.532022 0.180480
13 0.605840 0.210930 0.612761 0.210930 0.612761 0.217926 0.605840 0.217926
13 0.581042 0.247964 0.588540 0.247964 0.588540 0.255369 0.581042 0.255369
13 0.595075 0.267097 0.602573 0.267097 0.602573 0.273476 0.595075 0.273476
13 0.533377 0.326542 0.541066 0.326542 0.541066 0.334773 0.533377 0.334773
13 0.488041 0.284537 0.496372 0.284537 0.496372 0.291738 0.488041 0.291738
6 0.743703 0.860423 0.752633 0.860423 0.752633 0.866084 0.743703 0.866084
13 0.398417 0.646275 0.406683 0.646275 0.406683 0.652860 0.398417 0.652860
13 0.387268 0.603894 0.396495 0.603894 0.396495 0.611505 0.387268 0.611505
13 0.457242 0.656563 0.464161 0.656563 0.464161 0.663557 0.457242 0.663557
13 0.436480 0.642572 0.443209 0.642572 0.443209 0.649155 0.436480 0.649155
13 0.445900 0.610888 0.452628 0.610888 0.452628 0.617884 0.445900 0.617884
13 0.421677 0.742768 0.429366 0.742768 0.429366 0.750173 0.421677 0.750173
13 0.411105 0.709643 0.419371 0.709643 0.419371 0.717667 0.411105 0.717667
13 0.389574 0.737213 0.397263 0.737213 0.397263 0.745236 0.389574 0.745236
13 0.402839 0.770130 0.410143 0.770130 0.410143 0.778566 0.402839 0.778566
