4 0.497563 0.283172 0.507485 0.283172 0.507485 0.290196 0.497563 0.290196
4 0.674097 0.757744 0.674062 0.751191 0.681110 0.751147 0.681145 0.757700
2 0.389586 0.273409 0.396012 0.273453 0.395980 0.278718 0.389554 0.278674
4 0.535790 0.350101 0.544994 0.350101 0.544994 0.356520 0.535790 0.356520
4 0.558069 0.716549 0.564575 0.716729 0.564428 0.722820 0.557922 0.722640
4 0.426049 0.150506 0.426169 0.157125 0.418077 0.157294 0.417957 0.150674
2 0.834403 0.944528 0.827899 0.944482 0.827932 0.939230 0.834436 0.939276
2 0.203607 0.418887 0.209642 0.418919 0.209617 0.424320 0.203582 0.424288
4 0.520544 0.339545 0.529748 0.339545 0.529748 0.345529 0.520544 0.345529
4 0.495459 0.301312 0.507655 0.301312 0.507655 0.307678 0.495459 0.307678
4 0.406117 0.237201 0.406159 0.242467 0.399806 0.242526 0.399764 0.237260
