1 0.816527 0.624571 0.824668 0.615738 0.828760 0.620063 0.820619 0.628896
4 0.806444 0.989873 0.812476 0.989873 0.812476 0.994807 0.806444 0.994807
2 0.501323 0.552728 0.507837 0.552743 0.507826 0.558257 0.501312 0.558242
2 0.804289 0.762035 0.810433 0.762081 0.810400 0.767202 0.804255 0.767156
2 0.889790 0.607648 0.883605 0.607606 0.883635 0.602526 0.889820 0.602568
2 0.727771 0.982039 0.721209 0.982035 0.721212 0.976646 0.727774 0.976650
1 0.632511 0.664051 0.620652 0.672205 0.616575 0.665404 0.628434 0.657250
1 0.698489 0.229925 0.694396 0.223122 0.704675 0.216028 0.708768 0.222831
1 0.759105 0.447777 0.770476 0.440702 0.774238 0.447637 0.762867 0.454713
1 0.731762 0.434678 0.721357 0.442625 0.717312 0.436552 0.727717 0.428605
1 0.710383 0.287536 0.698941 0.293833 0.695672 0.287021 0.707114 0.280724
1 0.745967 0.333227 0.735885 0.336882 0.733501 0.329343 0.743583 0.325687
1 0.641367 0.412368 0.630863 0.419074 0.626681 0.411560 0.637185 0.404855
1 0.680893 0.428246 0.668748 0.435045 0.664954 0.427273 0.677099 0.420474
6 0.590669 0.330592 0.597641 0.330592 0.597641 0.336707 0.590669 0.336707
1 0.558206 0.100159 0.549240 0.107008 0.544777 0.100308 0.553744 0.093459
4 0.768991 0.895134 0.775749 0.895134 0.775749 0.901505 0.768991 0.901505
3 0.027535 0.818444 0.032510 0.818444 0.032510 0.822831 0.027535 0.822831
4 0.727168 0.894861 0.733478 0.894861 0.733478 0.901124 0.727168 0.901124
3 0.269844 0.921010 0.274085 0.921010 0.274085 0.925160 0.269844 0.925160
3 0.034513 0.818948 0.038978 0.818948 0.038978 0.823328 0.034513 0.823328
3 0.031101 0.825552 0.035269 0.825552 0.035269 0.829547 0.031101 0.829547
3 0.231929 0.792706 0.236896 0.792706 0.236896 0.797439 0.231929 0.797439
3 0.234688 0.798110 0.238978 0.798110 0.238978 0.802247 0.234688 0.802247
3 0.236026 0.802608 0.240101 0.802608 0.240101 0.806272 0.236026 0.806272
3 0.231679 0.804605 0.235627 0.804605 0.235627 0.809321 0.231679 0.809321
3 0.237075 0.808049 0.241386 0.808049 0.241386 0.812021 0.237075 0.812021
3 0.026429 0.812265 0.030161 0.812265 0.030161 0.815854 0.026429 0.815854
3 0.261121 0.910233 0.265365 0.910233 0.265365 0.914530 0.261121 0.914530
3 0.020597 0.818655 0.024402 0.818655 0.024402 0.822334 0.020597 0.822334
3 0.022644 0.824535 0.026647 0.824535 0.026647 0.827857 0.022644 0.827857
3 0.017949 0.827655 0.022678 0.827655 0.022678 0.831446 0.017949 0.831446
3 0.258136 0.924012 0.262388 0.924012 0.262388 0.927770 0.258136 0.927770
1 0.497272 0.209817 0.487919 0.213622 0.485370 0.206435 0.494723 0.202630
4 0.893629 0.568721 0.899027 0.568721 0.899027 0.574003 0.893629 0.574003
