1 0.721755 0.927671 0.731691 0.919996 0.734472 0.924127 0.724537 0.931802
1 0.607617 0.802811 0.616520 0.794043 0.619307 0.797288 0.610403 0.806057
1 0.604302 0.797680 0.593160 0.802795 0.591035 0.797486 0.602178 0.792371
1 0.553170 0.851801 0.562517 0.843005 0.566087 0.847358 0.556740 0.856153
1 0.891184 0.854840 0.880266 0.860267 0.878463 0.856105 0.889380 0.850677
1 0.864548 0.850722 0.873330 0.841858 0.876511 0.845473 0.867729 0.854337
1 0.854121 0.853187 0.860652 0.846385 0.863411 0.849423 0.856880 0.856226
1 0.912929 0.288033 0.923897 0.282253 0.926002 0.286835 0.915034 0.292616
1 0.921622 0.291835 0.932590 0.286130 0.934366 0.290049 0.923398 0.295754
1 0.976192 0.293014 0.984704 0.285814 0.987008 0.288940 0.978497 0.296140
1 0.944207 0.310551 0.954112 0.302701 0.957077 0.306994 0.947173 0.314844
1 0.922106 0.407348 0.911442 0.413243 0.909539 0.409293 0.920202 0.403397
1 0.946597 0.373495 0.936515 0.380508 0.933970 0.376311 0.944052 0.369298
1 0.938570 0.344585 0.928848 0.352460 0.926309 0.348864 0.936031 0.340989
1 0.887231 0.349840 0.877259 0.357459 0.874868 0.353870 0.884841 0.346251
1 0.880938 0.310367 0.891967 0.303656 0.894303 0.308060 0.883274 0.314771
1 0.638380 0.977273 0.628822 0.985186 0.627036 0.982711 0.636594 0.974799
4 0.842129 0.962376 0.850466 0.962376 0.850466 0.969577 0.842129 0.969577
4 0.871122 0.917285 0.878574 0.917285 0.878574 0.923831 0.871122 0.923831
4 0.895675 0.799478 0.903745 0.799478 0.903745 0.806621 0.895675 0.806621
4 0.685117 0.832211 0.694315 0.832211 0.694315 0.840073 0.685117 0.840073
4 0.565502 0.817328 0.573864 0.817328 0.573864 0.824013 0.565502 0.824013
4 0.761580 0.618891 0.769306 0.618891 0.769306 0.626677 0.761580 0.626677
4 0.681707 0.567952 0.689684 0.567952 0.689684 0.575331 0.681707 0.575331
4 0.467961 0.624217 0.476854 0.624217 0.476854 0.632761 0.467961 0.632761
4 0.325108 0.796808 0.333538 0.796808 0.333538 0.804756 0.325108 0.804756
4 0.825199 0.444900 0.835191 0.444900 0.835191 0.454549 0.825199 0.454549
4 0.972346 0.587314 0.982926 0.587314 0.982926 0.596253 0.972346 0.596253
4 0.812563 0.340375 0.819827 0.340375 0.819827 0.347486 0.812563 0.347486
4 0.282848 0.906632 0.290761 0.906632 0.290761 0.913253 0.282848 0.913253
4 0.242586 0.970911 0.249778 0.970911 0.249778 0.977323 0.242586 0.977323
4 0.464563 0.870843 0.472232 0.870843 0.472232 0.876829 0.464563 0.876829
13 0.488658 0.032361 0.493671 0.032361 0.493671 0.037720 0.488658 0.037720
13 0.688432 0.080103 0.695760 0.080103 0.695760 0.086066 0.688432 0.086066
13 0.864320 0.054124 0.872605 0.054124 0.872605 0.062125 0.864320 0.062125
13 0.894397 0.092961 0.902457 0.092961 0.902457 0.097922 0.894397 0.097922
13 0.962465 0.091666 0.970915 0.091666 0.970915 0.097393 0.962465 0.097393
13 0.987366 0.098334 0.993702 0.098334 0.993702 0.104180 0.987366 0.104180
13 0.948459 0.138458 0.954796 0.138458 0.954796 0.143946 0.948459 0.143946
13 0.971247 0.156674 0.977139 0.156674 0.977139 0.162282 0.971247 0.162282
13 0.859345 0.192333 0.865675 0.192333 0.865675 0.198294 0.859345 0.198294
13 0.743334 0.196426 0.750289 0.196426 0.750289 0.201138 0.743334 0.201138
13 0.699271 0.220672 0.706741 0.220672 0.706741 0.226544 0.699271 0.226544
13 0.662587 0.244390 0.669390 0.244390 0.669390 0.250691 0.662587 0.250691
13 0.785060 0.363501 0.790905 0.363501 0.790905 0.369951 0.785060 0.369951
13 0.778898 0.346750 0.786007 0.346750 0.786007 0.352621 0.778898 0.352621
13 0.761060 0.270822 0.768797 0.270822 0.768797 0.277837 0.761060 0.277837
13 0.773732 0.276965 0.780002 0.276965 0.780002 0.282981 0.773732 0.282981
13 0.846699 0.258535 0.852835 0.258535 0.852835 0.265692 0.846699 0.265692
13 0.920067 0.200384 0.927537 0.200384 0.927537 0.205970 0.920067 0.205970
13 0.968635 0.631947 0.975305 0.631947 0.975305 0.638376 0.968635 0.638376
13 0.893212 0.453211 0.899436 0.453211 0.899436 0.459057 0.893212 0.459057
13 0.798223 0.396965 0.804560 0.396965 0.804560 0.404704 0.798223 0.404704
13 0.788552 0.414945 0.793777 0.414945 0.793777 0.421730 0.788552 0.421730
13 0.773768 0.403276 0.779881 0.403276 0.779881 0.408991 0.773768 0.408991
13 0.741753 0.407325 0.750201 0.407325 0.750201 0.413634 0.741753 0.413634
13 0.712295 0.386607 0.719076 0.386607 0.719076 0.393036 0.712295 0.393036
13 0.674462 0.511575 0.681410 0.511575 0.681410 0.517430 0.674462 0.517430
13 0.730970 0.489548 0.736250 0.489548 0.736250 0.495602 0.730970 0.495602
13 0.708133 0.576180 0.713538 0.576180 0.713538 0.582111 0.708133 0.582111
13 0.626811 0.639626 0.633111 0.639626 0.633111 0.644985 0.626811 0.644985
13 0.700668 0.687498 0.706850 0.687498 0.706850 0.694618 0.700668 0.694618
13 0.972048 0.773964 0.978728 0.773964 0.978728 0.780870 0.972048 0.780870
13 0.955262 0.829923 0.961276 0.829923 0.961276 0.836710 0.955262 0.836710
13 0.922802 0.836948 0.929596 0.836948 0.929596 0.843251 0.922802 0.843251
13 0.965712 0.867309 0.972949 0.867309 0.972949 0.873262 0.965712 0.873262
13 0.948926 0.883026 0.954495 0.883026 0.954495 0.889097 0.948926 0.889097
13 0.951705 0.926602 0.958052 0.926602 0.958052 0.932556 0.951705 0.932556
13 0.844545 0.944938 0.849780 0.944938 0.849780 0.950653 0.844545 0.950653
13 0.873336 0.943985 0.878904 0.943985 0.878904 0.949104 0.873336 0.949104
13 0.882339 0.981729 0.888353 0.981729 0.888353 0.988872 0.882339 0.988872
13 0.822978 0.980061 0.830215 0.980061 0.830215 0.984585 0.822978 0.984585
13 0.815086 0.987681 0.820434 0.987681 0.820434 0.992682 0.815086 0.992682
13 0.793632 0.987800 0.799425 0.987800 0.799425 0.993515 0.793632 0.993515
13 0.788407 0.974584 0.794977 0.974584 0.794977 0.980419 0.788407 0.980419
13 0.759395 0.983515 0.766743 0.983515 0.766743 0.989467 0.759395 0.989467
13 0.766175 0.969345 0.773745 0.969345 0.773745 0.974346 0.766175 0.974346
13 0.749646 0.952314 0.757621 0.952314 0.757621 0.958277 0.749646 0.958277
13 0.767524 0.920931 0.774110 0.920931 0.774110 0.925902 0.767524 0.925902
13 0.747493 0.851207 0.753763 0.851207 0.753763 0.857351 0.747493 0.857351
13 0.681997 0.787342 0.688533 0.787342 0.688533 0.794201 0.681997 0.794201
13 0.725750 0.804915 0.731487 0.804915 0.731487 0.810346 0.725750 0.810346
13 0.740558 0.787913 0.747361 0.787913 0.747361 0.793915 0.740558 0.793915
13 0.654102 0.791332 0.660688 0.791332 0.660688 0.797880 0.654102 0.797880
13 0.654379 0.755712 0.660965 0.755712 0.660965 0.761367 0.654379 0.761367
13 0.618288 0.788055 0.623918 0.788055 0.623918 0.792361 0.618288 0.792361
13 0.583234 0.758053 0.588327 0.758053 0.588327 0.762818 0.583234 0.762818
13 0.589271 0.770154 0.594941 0.770154 0.594941 0.777311 0.589271 0.777311
13 0.549032 0.803253 0.557035 0.803253 0.557035 0.810648 0.549032 0.810648
13 0.438419 0.890391 0.444821 0.890391 0.444821 0.896653 0.438419 0.896653
13 0.311143 0.933473 0.317258 0.933473 0.317258 0.938484 0.311143 0.938484
13 0.275065 0.782125 0.282013 0.782125 0.282013 0.788186 0.275065 0.788186
13 0.278864 0.794030 0.286275 0.794030 0.286275 0.800688 0.278864 0.800688
13 0.263950 0.805341 0.270527 0.805341 0.270527 0.810709 0.263950 0.810709
13 0.302356 0.845296 0.310230 0.845296 0.310230 0.849871 0.302356 0.849871
13 0.513994 0.540133 0.521213 0.540133 0.521213 0.547007 0.513994 0.547007
13 0.568419 0.498470 0.576440 0.498470 0.576440 0.505174 0.568419 0.505174
13 0.547770 0.436234 0.554669 0.436234 0.554669 0.442766 0.547770 0.442766
13 0.373495 0.564744 0.381498 0.564744 0.381498 0.570744 0.373495 0.570744
13 0.345246 0.675057 0.352574 0.675057 0.352574 0.682310 0.345246 0.682310
13 0.361828 0.645390 0.367302 0.645390 0.367302 0.651652 0.361828 0.651652
13 0.147980 0.788121 0.154438 0.788121 0.154438 0.793599 0.147980 0.793599
13 0.141309 0.817411 0.147101 0.817411 0.147101 0.823482 0.141309 0.823482
13 0.146312 0.829436 0.153104 0.829436 0.153104 0.835389 0.146312 0.835389
13 0.275037 0.884323 0.281607 0.884323 0.281607 0.891111 0.275037 0.891111
13 0.279817 0.845509 0.285721 0.845509 0.285721 0.851224 0.279817 0.851224
13 0.259809 0.858844 0.266601 0.858844 0.266601 0.864915 0.259809 0.864915
13 0.251694 0.932186 0.258485 0.932186 0.258485 0.938973 0.251694 0.938973
13 0.239799 0.943616 0.245924 0.943616 0.245924 0.948855 0.239799 0.948855
13 0.199002 0.957189 0.205240 0.957189 0.205240 0.963380 0.199002 0.963380
13 0.171218 0.940838 0.177240 0.940838 0.177240 0.946633 0.171218 0.946633
13 0.156011 0.929345 0.160874 0.929345 0.160874 0.935223 0.156011 0.935223
13 0.183940 0.845395 0.189684 0.845395 0.189684 0.851250 0.183940 0.851250
13 0.163839 0.853532 0.170323 0.853532 0.170323 0.859188 0.163839 0.859188
13 0.090225 0.859462 0.097178 0.859462 0.097178 0.864285 0.090225 0.864285
13 0.060311 0.882200 0.066557 0.882200 0.066557 0.888607 0.060311 0.888607
13 0.099552 0.918373 0.104963 0.918373 0.104963 0.923471 0.099552 0.923471
13 0.073885 0.901975 0.080774 0.901975 0.080774 0.907074 0.073885 0.907074
13 0.013303 0.801641 0.019542 0.801641 0.019542 0.808434 0.013303 0.808434
13 0.063218 0.779977 0.069788 0.779977 0.069788 0.785692 0.063218 0.785692
13 0.088564 0.786883 0.094022 0.786883 0.094022 0.793194 0.088564 0.793194
13 0.082561 0.777000 0.088463 0.777000 0.088463 0.782954 0.082561 0.782954
13 0.039384 0.714561 0.045096 0.714561 0.045096 0.720192 0.039384 0.720192
13 0.035986 0.740524 0.041699 0.740524 0.041699 0.745823 0.035986 0.745823
13 0.099720 0.742963 0.106436 0.742963 0.106436 0.747842 0.099720 0.747842
13 0.171099 0.696317 0.178287 0.696317 0.178287 0.701549 0.171099 0.701549
13 0.236888 0.600086 0.245336 0.600086 0.245336 0.605563 0.236888 0.605563
13 0.137485 0.582328 0.142773 0.582328 0.142773 0.587487 0.137485 0.587487
13 0.184597 0.596988 0.191030 0.596988 0.191030 0.602851 0.184597 0.602851
13 0.154780 0.626078 0.160575 0.626078 0.160575 0.632141 0.154780 0.632141
13 0.126153 0.651434 0.131950 0.651434 0.131950 0.657290 0.126153 0.657290
13 0.026017 0.689998 0.032263 0.689998 0.032263 0.694484 0.026017 0.694484
13 0.066744 0.675619 0.072599 0.675619 0.072599 0.681544 0.066744 0.681544
13 0.107811 0.620180 0.114147 0.620180 0.114147 0.626471 0.107811 0.626471
13 0.084265 0.608769 0.089830 0.608769 0.089830 0.614070 0.084265 0.614070
13 0.092680 0.585287 0.098091 0.585287 0.098091 0.590753 0.092680 0.590753
13 0.082035 0.547643 0.087832 0.547643 0.087832 0.552942 0.082035 0.552942
13 0.199239 0.543064 0.204842 0.543064 0.204842 0.548853 0.199239 0.548853
13 0.205606 0.538174 0.211467 0.538174 0.211467 0.543548 0.205606 0.543548
13 0.072302 0.436057 0.078883 0.436057 0.078883 0.442420 0.072302 0.442420
13 0.047100 0.429214 0.054798 0.429214 0.054798 0.433490 0.047100 0.433490
13 0.064783 0.366489 0.072018 0.366489 0.072018 0.372242 0.064783 0.372242
13 0.122680 0.317672 0.128896 0.317672 0.128896 0.323824 0.122680 0.323824
13 0.182157 0.012649 0.189799 0.012649 0.189799 0.020833 0.182157 0.020833
13 0.148668 0.173669 0.154941 0.173669 0.154941 0.177522 0.148668 0.177522
13 0.075445 0.177360 0.082414 0.177360 0.082414 0.184481 0.075445 0.184481
13 0.057139 0.279092 0.063776 0.279092 0.063776 0.285631 0.057139 0.285631
13 0.082745 0.246324 0.088869 0.246324 0.088869 0.251592 0.082745 0.251592
13 0.135362 0.193738 0.141394 0.193738 0.141394 0.199206 0.135362 0.199206
13 0.132491 0.232235 0.138891 0.232235 0.138891 0.237603 0.132491 0.237603
13 0.197431 0.234240 0.203477 0.234240 0.203477 0.240098 0.197431 0.240098
13 0.241304 0.263035 0.248122 0.263035 0.248122 0.268690 0.241304 0.268690
13 0.373849 0.242640 0.379832 0.242640 0.379832 0.247676 0.373849 0.247676
13 0.256084 0.067353 0.262579 0.067353 0.262579 0.073407 0.256084 0.073407
13 0.335010 0.102478 0.341875 0.102478 0.341875 0.106644 0.335010 0.106644
13 0.351591 0.105752 0.357530 0.105752 0.357530 0.111505 0.351591 0.111505
13 0.315556 0.114086 0.322421 0.114086 0.322421 0.120833 0.315556 0.120833
13 0.194270 0.142583 0.200453 0.142583 0.200453 0.148785 0.194270 0.148785
13 0.223450 0.177309 0.230173 0.177309 0.230173 0.183262 0.223450 0.183262
13 0.202375 0.174994 0.208635 0.174994 0.208635 0.180948 0.202375 0.180948
13 0.269721 0.139179 0.275562 0.139179 0.275562 0.144648 0.269721 0.144648
13 0.303750 0.014879 0.309260 0.014879 0.309260 0.020898 0.303750 0.020898
6 0.942843 0.037395 0.951836 0.037395 0.951836 0.044229 0.942843 0.044229
1 0.975383 0.672068 0.963719 0.675462 0.962433 0.670394 0.974097 0.667000
1 0.977199 0.476835 0.985733 0.468548 0.989319 0.472784 0.980785 0.481072
1 0.927513 0.494549 0.937642 0.485981 0.941171 0.490768 0.931042 0.499336
1 0.617063 0.457949 0.625758 0.448471 0.629547 0.452458 0.620851 0.461936
1 0.603989 0.443142 0.614601 0.436893 0.616950 0.441470 0.606338 0.447718
1 0.596226 0.429638 0.605782 0.420677 0.609172 0.424825 0.599616 0.433786
1 0.886564 0.848711 0.877545 0.857687 0.875174 0.854954 0.884193 0.845978
13 0.388176 0.101975 0.394258 0.101975 0.394258 0.107821 0.388176 0.107821
13 0.360003 0.058598 0.366886 0.058598 0.366886 0.063759 0.360003 0.063759
1 0.826703 0.648719 0.836513 0.640972 0.839368 0.645121 0.829559 0.652868
1 0.859689 0.718502 0.869177 0.709447 0.872089 0.712948 0.862601 0.722002
4 0.897822 0.611687 0.907695 0.611687 0.907695 0.618928 0.897822 0.618928
13 0.424353 0.472822 0.431076 0.472822 0.431076 0.480038 0.424353 0.480038
13 0.360323 0.445389 0.366086 0.445389 0.366086 0.452436 0.360323 0.452436
13 0.313101 0.442989 0.320946 0.442989 0.320946 0.449693 0.313101 0.449693
13 0.317903 0.465106 0.324786 0.465106 0.324786 0.471123 0.317903 0.471123
13 0.465011 0.551688 0.473336 0.551688 0.473336 0.558392 0.465011 0.558392
13 0.448684 0.578776 0.456208 0.578776 0.456208 0.585481 0.448684 0.585481
13 0.508551 0.454133 0.515274 0.454133 0.515274 0.460836 0.508551 0.460836
13 0.505510 0.396698 0.512074 0.396698 0.512074 0.403915 0.505510 0.403915
13 0.583785 0.408013 0.591149 0.408013 0.591149 0.414887 0.583785 0.414887
13 0.513675 0.357606 0.520717 0.357606 0.520717 0.362424 0.513675 0.362424
13 0.522478 0.382467 0.529842 0.382467 0.529842 0.387285 0.522478 0.387285
13 0.505189 0.352977 0.510473 0.352977 0.510473 0.359853 0.505189 0.359853
13 0.467413 0.383153 0.474296 0.383153 0.474296 0.388828 0.467413 0.388828
13 0.478618 0.333262 0.485660 0.333262 0.485660 0.339450 0.478618 0.339450
13 0.510152 0.321088 0.518797 0.321088 0.518797 0.328992 0.510152 0.328992
13 0.480859 0.315430 0.487421 0.315430 0.487421 0.321963 0.480859 0.321963
13 0.551611 0.289027 0.559935 0.289027 0.559935 0.294873 0.551611 0.294873
13 0.472054 0.216847 0.480059 0.216847 0.480059 0.223036 0.472054 0.223036
13 0.437158 0.202616 0.443562 0.202616 0.443562 0.208977 0.437158 0.208977
13 0.331190 0.225076 0.339993 0.225076 0.339993 0.230580 0.331190 0.230580
13 0.306858 0.219247 0.313101 0.219247 0.313101 0.224065 0.306858 0.224065
13 0.298215 0.180671 0.306218 0.180671 0.306218 0.186517 0.298215 0.186517
13 0.330709 0.198673 0.339033 0.198673 0.339033 0.204006 0.330709 0.204006
13 0.434917 0.160782 0.442602 0.160782 0.442602 0.168172 0.434917 0.168172
13 0.339033 0.063913 0.346876 0.063913 0.346876 0.069075 0.339033 0.069075
1 0.441106 0.846650 0.448607 0.835218 0.453453 0.838866 0.445951 0.850298
1 0.527878 0.827867 0.517647 0.835426 0.514767 0.830955 0.524998 0.823395
1 0.570393 0.755056 0.559831 0.763305 0.557194 0.759432 0.567756 0.751183
1 0.211653 0.852198 0.220519 0.843767 0.224019 0.847988 0.215152 0.856420
1 0.300383 0.951200 0.290675 0.959178 0.287761 0.955111 0.297470 0.947132
1 0.316802 0.904418 0.307691 0.913022 0.304419 0.909046 0.313530 0.900443
1 0.342016 0.903841 0.332687 0.912466 0.329642 0.908687 0.338970 0.900062
1 0.326318 0.881602 0.316004 0.889658 0.313434 0.885884 0.323748 0.877828
1 0.369394 0.949451 0.377515 0.940444 0.381074 0.944125 0.372953 0.953132
1 0.329388 0.502774 0.338955 0.495492 0.341861 0.499871 0.332293 0.507154
1 0.334692 0.405867 0.342879 0.395707 0.346971 0.399491 0.338784 0.409650
1 0.402428 0.258300 0.389680 0.265837 0.387207 0.261039 0.399955 0.253501
1 0.087501 0.358584 0.092726 0.344732 0.097240 0.346686 0.092015 0.360537
1 0.023132 0.335035 0.029808 0.322345 0.033640 0.324658 0.026964 0.337348
1 0.279937 0.621185 0.289201 0.612770 0.292550 0.616999 0.283285 0.625414
1 0.260793 0.825914 0.270372 0.817517 0.273581 0.821716 0.264002 0.830114
1 0.211959 0.749309 0.220727 0.740240 0.223934 0.743797 0.215166 0.752866
1 0.252252 0.795182 0.262074 0.786933 0.265100 0.791066 0.255278 0.799315
1 0.339443 0.719235 0.349322 0.711262 0.352272 0.715455 0.342393 0.723429
1 0.369214 0.808451 0.358662 0.817801 0.355449 0.813641 0.366000 0.804291
1 0.361148 0.480819 0.369855 0.471526 0.373201 0.475123 0.364494 0.484416
1 0.818907 0.034858 0.809935 0.043211 0.806447 0.038914 0.815419 0.030560
1 0.834180 0.158827 0.843444 0.150017 0.846470 0.153668 0.837206 0.162478
1 0.370778 0.036696 0.378798 0.026239 0.382518 0.029512 0.374498 0.039969
1 0.200039 0.712869 0.208867 0.705561 0.211983 0.709880 0.203155 0.717188
1 0.004258 0.836929 0.013724 0.828331 0.017103 0.832599 0.007638 0.841197
1 0.018557 0.874616 0.027919 0.866350 0.031492 0.870993 0.022130 0.879259
1 0.027109 0.892855 0.035490 0.885892 0.038720 0.890353 0.030340 0.897315
1 0.006091 0.936616 0.015847 0.928334 0.019651 0.933473 0.009895 0.941755
1 0.363055 0.625005 0.373064 0.616386 0.376130 0.620471 0.366121 0.629090
1 0.480641 0.438597 0.489798 0.429673 0.492942 0.433374 0.483786 0.442298
1 0.057529 0.656051 0.066437 0.645997 0.070182 0.649804 0.061274 0.659858
1 0.082028 0.667996 0.090135 0.659374 0.093176 0.662653 0.085069 0.671276
1 0.197154 0.668844 0.207278 0.660643 0.210567 0.665300 0.200443 0.673501
1 0.173094 0.612665 0.183102 0.605103 0.186018 0.609529 0.176009 0.617091
1 0.102955 0.567136 0.112189 0.558262 0.115907 0.562700 0.106673 0.571574
1 0.909903 0.943542 0.900025 0.951988 0.897425 0.948500 0.907303 0.940054
1 0.968517 0.757098 0.978170 0.749391 0.980747 0.753094 0.971094 0.760801
1 0.879993 0.655346 0.889484 0.646996 0.892351 0.650734 0.882860 0.659084
13 0.302696 0.038882 0.307659 0.038882 0.307659 0.044384 0.302696 0.044384
13 0.471575 0.043511 0.479258 0.043511 0.479258 0.050215 0.471575 0.050215
13 0.529680 0.112947 0.538965 0.112947 0.538965 0.118795 0.529680 0.118795
13 0.566818 0.160782 0.574341 0.160782 0.574341 0.166972 0.566818 0.166972
13 0.608918 0.192844 0.615000 0.192844 0.615000 0.199033 0.608918 0.199033
13 0.614840 0.129579 0.623005 0.129579 0.623005 0.136111 0.614840 0.136111
13 0.597713 0.249080 0.603955 0.249080 0.603955 0.256125 0.597713 0.256125
13 0.705763 0.292113 0.712806 0.292113 0.712806 0.298132 0.705763 0.298132
13 0.674226 0.464257 0.681591 0.464257 0.681591 0.470267 0.674226 0.470267
13 0.654379 0.489965 0.661422 0.489965 0.661422 0.496670 0.654379 0.496670
13 0.676469 0.624725 0.683512 0.624725 0.683512 0.632115 0.676469 0.632115
13 0.916298 0.637213 0.923424 0.637213 0.923424 0.643592 0.916298 0.643592
13 0.898818 0.719921 0.905559 0.719921 0.905559 0.726504 0.898818 0.726504
13 0.935122 0.729179 0.941865 0.729179 0.941865 0.735968 0.935122 0.735968
1 0.966390 0.899590 0.957713 0.906799 0.955269 0.903424 0.963946 0.896215
1 0.627982 0.751515 0.637660 0.741747 0.641576 0.746197 0.631898 0.755965
1 0.747360 0.744260 0.736595 0.753204 0.734033 0.749667 0.744799 0.740723
1 0.715676 0.739667 0.726449 0.731098 0.729203 0.735069 0.718430 0.743638
1 0.701758 0.734947 0.712528 0.726223 0.715286 0.730129 0.704516 0.738853
1 0.686630 0.655206 0.695843 0.646778 0.698900 0.650611 0.689687 0.659039
1 0.584585 0.984526 0.594987 0.977291 0.597512 0.981456 0.587110 0.988691
1 0.631216 0.926031 0.640828 0.917574 0.644044 0.921768 0.634432 0.930224
1 0.658370 0.890464 0.667579 0.882039 0.670771 0.886042 0.661562 0.894467
1 0.634341 0.850039 0.643619 0.841963 0.646344 0.845554 0.637065 0.853630
1 0.626538 0.801570 0.635565 0.792648 0.638436 0.795980 0.629409 0.804903
1 0.971444 0.834922 0.961766 0.842344 0.959096 0.838350 0.968774 0.830929
1 0.892882 0.592294 0.902342 0.584234 0.905010 0.587827 0.895550 0.595887
1 0.828483 0.604455 0.837647 0.596042 0.840576 0.599703 0.831413 0.608115
1 0.843060 0.588054 0.852093 0.579374 0.855482 0.583420 0.846450 0.592100
1 0.910412 0.568673 0.920142 0.561403 0.922739 0.565392 0.913010 0.572662
1 0.958386 0.550638 0.949538 0.560214 0.946651 0.557155 0.955500 0.547578
1 0.749925 0.566150 0.740250 0.574422 0.737789 0.571121 0.747465 0.562849
1 0.834487 0.413399 0.824719 0.420350 0.821890 0.415791 0.831659 0.408839
1 0.700063 0.981467 0.710591 0.972752 0.713031 0.976132 0.702503 0.984848
1 0.704445 0.663640 0.714052 0.655455 0.717335 0.659875 0.707728 0.668060
13 0.762485 0.642286 0.768608 0.642286 0.768608 0.647941 0.762485 0.647941
13 0.818622 0.674929 0.824930 0.674929 0.824930 0.681577 0.818622 0.681577
13 0.769433 0.667685 0.777964 0.667685 0.777964 0.675822 0.769433 0.675822
13 0.968052 0.682043 0.974690 0.682043 0.974690 0.689078 0.968052 0.689078
13 0.950683 0.682787 0.956780 0.682787 0.956780 0.688252 0.950683 0.688252
13 0.908301 0.677908 0.914786 0.677908 0.914786 0.683126 0.908301 0.683126
1 0.711883 0.952170 0.721832 0.944110 0.724492 0.947876 0.714542 0.955935
