1 0.169947 0.606195 0.179317 0.597278 0.182194 0.600752 0.172824 0.609669
12 0.222828 0.818360 0.226295 0.818360 0.226295 0.821546 0.222828 0.821546
12 0.215079 0.811944 0.218308 0.811944 0.218308 0.814900 0.215079 0.814900
12 0.209740 0.808644 0.212755 0.808644 0.212755 0.811832 0.209740 0.811832
12 0.205349 0.803337 0.208707 0.803337 0.208707 0.807032 0.205349 0.807032
12 0.199214 0.801353 0.203088 0.801353 0.203088 0.804700 0.199214 0.804700
12 0.195769 0.806360 0.199278 0.806360 0.199278 0.809684 0.195769 0.809684
12 0.202185 0.808853 0.205306 0.808853 0.205306 0.811970 0.202185 0.811970
12 0.206426 0.812428 0.209547 0.812428 0.209547 0.815823 0.206426 0.815823
12 0.211786 0.816237 0.214714 0.816237 0.214714 0.819030 0.211786 0.819030
12 0.217432 0.818740 0.220036 0.818740 0.220036 0.821463 0.217432 0.821463
12 0.221352 0.826053 0.224401 0.826053 0.224401 0.829004 0.221352 0.829004
12 0.215324 0.825149 0.218859 0.825149 0.218859 0.828247 0.215324 0.828247
12 0.209745 0.822418 0.212939 0.822418 0.212939 0.825689 0.209745 0.825689
12 0.194928 0.811900 0.197889 0.811900 0.197889 0.815093 0.194928 0.815093
12 0.199843 0.815016 0.202966 0.815016 0.202966 0.818440 0.199843 0.818440
12 0.205136 0.819381 0.208223 0.819381 0.208223 0.822574 0.205136 0.822574
12 0.191519 0.817475 0.194768 0.817475 0.194768 0.820728 0.191519 0.820728
12 0.196111 0.820053 0.199396 0.820053 0.199396 0.823209 0.196111 0.823209
12 0.201026 0.824630 0.204329 0.824630 0.204329 0.828284 0.201026 0.828284
12 0.196291 0.829437 0.199396 0.829437 0.199396 0.832784 0.196291 0.832784
12 0.192578 0.824860 0.195144 0.824860 0.195144 0.827439 0.192578 0.827439
12 0.186282 0.823707 0.189082 0.823707 0.189082 0.826689 0.186282 0.826689
12 0.178516 0.827840 0.181493 0.827840 0.181493 0.831265 0.178516 0.831265
12 0.184812 0.829091 0.187753 0.829091 0.187753 0.832016 0.184812 0.832016
12 0.190768 0.830379 0.193512 0.830379 0.193512 0.833323 0.190768 0.833323
12 0.189152 0.835321 0.192489 0.835321 0.192489 0.839265 0.189152 0.839265
12 0.194604 0.835763 0.197728 0.835763 0.197728 0.839284 0.194604 0.839284
12 0.193887 0.841667 0.196561 0.841667 0.196561 0.845342 0.193887 0.845342
12 0.189115 0.847954 0.192399 0.847954 0.192399 0.851072 0.189115 0.851072
12 0.194480 0.848858 0.197763 0.848858 0.197763 0.852244 0.194480 0.852244
12 0.382085 0.274009 0.385550 0.274009 0.385550 0.277470 0.382085 0.277470
12 0.389902 0.279000 0.393085 0.279000 0.393085 0.282523 0.389902 0.282523
12 0.398962 0.280377 0.403116 0.280377 0.403116 0.283816 0.398962 0.283816
12 0.383614 0.283839 0.387746 0.283839 0.387746 0.288223 0.383614 0.288223
12 0.391944 0.287416 0.395496 0.287416 0.395496 0.290877 0.391944 0.290877
12 0.382214 0.292539 0.385787 0.292539 0.385787 0.295723 0.382214 0.295723
12 0.375907 0.289307 0.379286 0.289307 0.379286 0.292700 0.375907 0.292700
12 0.369836 0.295746 0.373065 0.295746 0.373065 0.299114 0.369836 0.299114
12 0.362969 0.299923 0.366478 0.299923 0.366478 0.303384 0.362969 0.303384
12 0.357350 0.302460 0.360666 0.302460 0.360666 0.305807 0.357350 0.305807
12 0.360149 0.308691 0.363700 0.308691 0.363700 0.312267 0.360149 0.312267
12 0.365295 0.306430 0.368416 0.306430 0.368416 0.309868 0.365295 0.309868
12 0.373668 0.305621 0.377241 0.305621 0.377241 0.309014 0.373668 0.309014
12 0.370159 0.311275 0.373840 0.311275 0.373840 0.314965 0.370159 0.314965
12 0.366219 0.315360 0.369750 0.315360 0.369750 0.319144 0.366219 0.319144
12 0.373818 0.317228 0.377241 0.317228 0.377241 0.320712 0.373818 0.320712
12 0.382149 0.316260 0.385336 0.316260 0.385336 0.319537 0.382149 0.319537
12 0.378296 0.312453 0.381460 0.312453 0.381460 0.315660 0.378296 0.315660
12 0.381869 0.305921 0.385421 0.305921 0.385421 0.309198 0.381869 0.309198
12 0.378103 0.299509 0.381568 0.299509 0.381568 0.303060 0.378103 0.303060
12 0.388177 0.297846 0.391277 0.297846 0.391277 0.301514 0.388177 0.301514
12 0.389856 0.305414 0.393128 0.305414 0.393128 0.308737 0.389856 0.308737
12 0.193134 0.855300 0.196203 0.855300 0.196203 0.858282 0.193134 0.858282
12 0.187178 0.854300 0.190624 0.854300 0.190624 0.857091 0.187178 0.857091
12 0.191070 0.861146 0.193745 0.861146 0.193745 0.864512 0.191070 0.864512
12 0.185545 0.859126 0.188597 0.859126 0.188597 0.862186 0.185545 0.862186
12 0.182856 0.852019 0.185936 0.852019 0.185936 0.854926 0.182856 0.854926
12 0.183416 0.846111 0.186475 0.846111 0.186475 0.849249 0.183416 0.849249
12 0.187355 0.841726 0.190478 0.841726 0.190478 0.844498 0.187355 0.844498
12 0.181951 0.839719 0.185160 0.839719 0.185160 0.842465 0.181951 0.842465
12 0.182209 0.834412 0.185160 0.834412 0.185160 0.836768 0.182209 0.836768
12 0.176527 0.832844 0.179715 0.832844 0.179715 0.835823 0.176527 0.835823
12 0.170090 0.833696 0.173321 0.833696 0.173321 0.837042 0.170090 0.837042
12 0.176010 0.838565 0.178810 0.838565 0.178810 0.841198 0.176010 0.841198
12 0.169358 0.838404 0.172761 0.838404 0.172761 0.842030 0.169358 0.842030
12 0.177948 0.844819 0.180835 0.844819 0.180835 0.847635 0.177948 0.847635
12 0.386864 0.313282 0.390007 0.313282 0.390007 0.316860 0.386864 0.316860
12 0.393128 0.311414 0.396314 0.311414 0.396314 0.314667 0.393128 0.314667
12 0.389124 0.271379 0.392483 0.271379 0.392483 0.274447 0.389124 0.274447
12 0.376746 0.269140 0.379975 0.269140 0.379975 0.272602 0.376746 0.272602
12 0.371365 0.273179 0.374723 0.273179 0.374723 0.276916 0.371365 0.276916
12 0.376660 0.279177 0.380061 0.279177 0.380061 0.282639 0.376660 0.282639
12 0.368394 0.288016 0.371925 0.288016 0.371925 0.290968 0.368394 0.290968
12 0.361290 0.292654 0.364326 0.292654 0.364326 0.295677 0.361290 0.295677
12 0.355457 0.295584 0.358750 0.295584 0.358750 0.298675 0.355457 0.298675
12 0.354530 0.286170 0.358556 0.286170 0.358556 0.289746 0.354530 0.289746
12 0.360730 0.283239 0.364368 0.283239 0.364368 0.287093 0.360730 0.287093
12 0.365574 0.278509 0.369277 0.278509 0.369277 0.283354 0.365574 0.283354
12 0.356038 0.277447 0.359417 0.277447 0.359417 0.281761 0.356038 0.281761
12 0.362216 0.272602 0.365831 0.272602 0.365831 0.276409 0.362216 0.276409
12 0.335368 0.268979 0.338147 0.268979 0.338147 0.271865 0.335368 0.271865
12 0.340512 0.274770 0.344498 0.274770 0.344498 0.278742 0.340512 0.278742
12 0.349209 0.276939 0.352570 0.276939 0.352570 0.280126 0.349209 0.280126
12 0.347509 0.269947 0.351191 0.269947 0.351191 0.273826 0.347509 0.273826
12 0.354462 0.271793 0.358038 0.271793 0.358038 0.275626 0.354462 0.275626
12 0.361134 0.263740 0.364625 0.263740 0.364625 0.266674 0.361134 0.266674
12 0.368648 0.265540 0.372568 0.265540 0.372568 0.269096 0.368648 0.269096
12 0.375083 0.261363 0.378617 0.261363 0.378617 0.264851 0.375083 0.264851
12 0.383200 0.265747 0.387141 0.265747 0.387141 0.269281 0.383200 0.269281
12 0.390152 0.259356 0.393298 0.259356 0.393298 0.262796 0.390152 0.262796
12 0.383070 0.259402 0.386388 0.259402 0.386388 0.263005 0.383070 0.263005
12 0.388065 0.254511 0.391275 0.254511 0.391275 0.257744 0.388065 0.257744
12 0.394931 0.251788 0.398444 0.251788 0.398444 0.255760 0.394931 0.255760
12 0.409311 0.246826 0.413167 0.246826 0.413167 0.250198 0.409311 0.250198
12 0.414696 0.252967 0.417838 0.252967 0.417838 0.256405 0.414696 0.256405
12 0.402016 0.251467 0.405331 0.251467 0.405331 0.255228 0.402016 0.255228
12 0.397863 0.258105 0.400869 0.258105 0.400869 0.261754 0.397863 0.261754
12 0.404776 0.257872 0.408340 0.257872 0.408340 0.261956 0.404776 0.261956
12 0.401614 0.264779 0.405396 0.264779 0.405396 0.269104 0.401614 0.269104
12 0.393337 0.264218 0.397273 0.264218 0.397273 0.268635 0.393337 0.268635
12 0.396933 0.270661 0.400838 0.270661 0.400838 0.274582 0.396933 0.274582
12 0.403044 0.274249 0.406388 0.274249 0.406388 0.277872 0.403044 0.277872
12 0.408154 0.277709 0.412525 0.277709 0.412525 0.281593 0.408154 0.281593
12 0.395625 0.301561 0.399285 0.301561 0.399285 0.305460 0.395625 0.305460
12 0.402018 0.304075 0.405010 0.304075 0.405010 0.307607 0.402018 0.307607
12 0.409403 0.298791 0.412458 0.298791 0.412458 0.302598 0.409403 0.302598
12 0.400769 0.296114 0.404730 0.296114 0.404730 0.299623 0.400769 0.299623
12 0.407465 0.291084 0.410393 0.291084 0.410393 0.294568 0.407465 0.294568
12 0.399025 0.290067 0.402105 0.290067 0.402105 0.293439 0.399025 0.293439
12 0.393730 0.294339 0.396959 0.294339 0.396959 0.297568 0.393730 0.297568
12 0.403612 0.284832 0.406992 0.284832 0.406992 0.288084 0.403612 0.288084
12 0.410478 0.284323 0.414095 0.284323 0.414095 0.287807 0.410478 0.287807
12 0.754874 0.395230 0.758093 0.395230 0.758093 0.398202 0.754874 0.398202
12 0.748684 0.393507 0.751833 0.393507 0.751833 0.396474 0.748684 0.396474
12 0.754496 0.388468 0.757393 0.388468 0.757393 0.391735 0.754496 0.391735
12 0.749460 0.385726 0.752484 0.385726 0.752484 0.389661 0.749460 0.389661
12 0.759483 0.389991 0.762534 0.389991 0.762534 0.393482 0.759483 0.393482
12 0.763074 0.385754 0.766486 0.385754 0.766486 0.389274 0.763074 0.389274
12 0.758319 0.383068 0.761396 0.383068 0.761396 0.386228 0.758319 0.386228
12 0.752689 0.380382 0.755637 0.380382 0.755637 0.383653 0.752689 0.383653
12 0.767723 0.382958 0.771419 0.382958 0.771419 0.387068 0.767723 0.387068
12 0.762995 0.378361 0.766563 0.378361 0.766563 0.381991 0.762995 0.381991
12 0.757183 0.375868 0.761113 0.375868 0.761113 0.379775 0.757183 0.379775
12 0.772941 0.380549 0.775604 0.380549 0.775604 0.383874 0.772941 0.383874
12 0.768059 0.375758 0.771290 0.375758 0.771290 0.379326 0.768059 0.379326
12 0.762401 0.372740 0.765296 0.372740 0.765296 0.375402 0.762401 0.375402
12 0.767025 0.369888 0.770257 0.369888 0.770257 0.372993 0.767025 0.372993
12 0.773483 0.373904 0.776869 0.373904 0.776869 0.377423 0.773483 0.377423
12 0.772424 0.367646 0.775578 0.367646 0.775578 0.371332 0.772424 0.371332
12 0.778624 0.372353 0.781727 0.372353 0.781727 0.376149 0.778624 0.376149
12 0.414566 0.277509 0.418352 0.277509 0.418352 0.281128 0.414566 0.281128
12 0.412525 0.271725 0.415718 0.271725 0.415718 0.275249 0.412525 0.275249
12 0.407255 0.267974 0.410851 0.267974 0.410851 0.272023 0.407255 0.272023
12 0.777074 0.366012 0.780642 0.366012 0.780642 0.369532 0.777074 0.369532
12 0.411696 0.260509 0.415784 0.260509 0.415784 0.264972 0.411696 0.264972
12 0.783455 0.370082 0.786609 0.370082 0.786609 0.373463 0.783455 0.373463
12 0.782394 0.364156 0.785885 0.364156 0.785885 0.367870 0.782394 0.367870
12 0.788646 0.367839 0.791879 0.367839 0.791879 0.371304 0.788646 0.371304
12 0.787638 0.362689 0.790664 0.362689 0.790664 0.365846 0.787638 0.365846
12 0.792185 0.360391 0.795133 0.360391 0.795133 0.363935 0.792185 0.363935
12 0.795466 0.363242 0.798800 0.363242 0.798800 0.366402 0.795466 0.366402
12 0.801227 0.364626 0.803787 0.364626 0.803787 0.368063 0.801227 0.368063
12 0.798183 0.357456 0.801282 0.357456 0.801282 0.361030 0.798183 0.361030
12 0.802881 0.358342 0.806422 0.358342 0.806422 0.361723 0.802881 0.361723
12 0.807349 0.361940 0.810167 0.361940 0.810167 0.365488 0.807349 0.365488
12 0.811327 0.358342 0.814584 0.358342 0.814584 0.361777 0.811327 0.361777
12 0.807349 0.353689 0.810399 0.353689 0.810399 0.356739 0.807349 0.356739
12 0.812592 0.351309 0.814946 0.351309 0.814946 0.353914 0.812592 0.353914
12 0.817992 0.348982 0.821097 0.348982 0.821097 0.352168 0.817992 0.352168
12 0.816468 0.355379 0.819363 0.355379 0.819363 0.358953 0.816468 0.358953
12 0.178592 0.952007 0.182064 0.952007 0.182064 0.955795 0.178592 0.955795
12 0.175648 0.957356 0.178964 0.957356 0.178964 0.960812 0.175648 0.960812
12 0.170936 0.964898 0.174223 0.964898 0.174223 0.968354 0.170936 0.968354
12 0.166845 0.968919 0.169664 0.968919 0.169664 0.972070 0.166845 0.972070
12 0.185779 0.945612 0.188686 0.945612 0.188686 0.948305 0.185779 0.948305
12 0.190655 0.945842 0.193154 0.945842 0.193154 0.948460 0.190655 0.948460
12 0.193653 0.941612 0.196525 0.941612 0.196525 0.944326 0.193653 0.944326
12 0.198390 0.942612 0.201118 0.942612 0.201118 0.945095 0.198390 0.945095
12 0.205493 0.941535 0.208581 0.941535 0.208581 0.944614 0.205493 0.944614
12 0.201332 0.938863 0.203935 0.938863 0.203935 0.941537 0.201332 0.941537
12 0.204471 0.934998 0.207522 0.934998 0.207522 0.937633 0.204471 0.937633
12 0.209278 0.938535 0.212365 0.938535 0.212365 0.941691 0.209278 0.941691
12 0.209673 0.932325 0.213047 0.932325 0.213047 0.935191 0.209673 0.935191
1 0.557031 0.166998 0.566303 0.157566 0.571470 0.163404 0.562198 0.172835
1 0.497599 0.045106 0.488859 0.053482 0.485676 0.049666 0.494416 0.041290
1 0.321502 0.021213 0.309585 0.024949 0.308262 0.020099 0.320179 0.016364
1 0.154074 0.178826 0.144321 0.186618 0.141147 0.182053 0.150900 0.174261
1 0.226843 0.159682 0.216062 0.167101 0.213432 0.162711 0.224213 0.155292
12 0.934065 0.394946 0.937493 0.394946 0.937493 0.398535 0.934065 0.398535
1 0.028782 0.282658 0.018822 0.291059 0.015876 0.287047 0.025836 0.278646
1 0.070557 0.293030 0.059991 0.300960 0.057490 0.297132 0.068056 0.289201
1 0.085645 0.334872 0.074900 0.342525 0.072310 0.338345 0.083054 0.330693
1 0.080576 0.477629 0.090645 0.467808 0.094026 0.471790 0.083957 0.481611
1 0.108168 0.499129 0.118088 0.489820 0.121175 0.493601 0.111256 0.502909
1 0.103320 0.552459 0.114000 0.542921 0.117241 0.547092 0.106562 0.556629
12 0.226746 0.812937 0.229825 0.812937 0.229825 0.815961 0.226746 0.815961
1 0.211286 0.622644 0.222391 0.615235 0.224975 0.619685 0.213871 0.627095
1 0.225300 0.649980 0.234716 0.642038 0.237893 0.646365 0.228477 0.654308
1 0.265875 0.669915 0.275364 0.661042 0.278452 0.664836 0.268963 0.673709
1 0.001763 0.855854 0.011060 0.847068 0.014187 0.850870 0.004889 0.859656
1 0.026696 0.877554 0.036768 0.869565 0.039914 0.874123 0.029843 0.882112
1 0.033738 0.905805 0.043859 0.896734 0.046931 0.900672 0.036810 0.909743
1 0.084333 0.897666 0.094471 0.889145 0.097317 0.893035 0.087178 0.901557
1 0.072314 0.162229 0.061936 0.170703 0.059315 0.167015 0.069692 0.158541
1 0.269016 0.728229 0.278677 0.720312 0.281871 0.724790 0.272210 0.732707
1 0.268565 0.784876 0.278086 0.774847 0.282079 0.779203 0.272559 0.789232
1 0.303863 0.797643 0.313389 0.789256 0.316517 0.793338 0.306991 0.801725
1 0.225038 0.868143 0.234483 0.859434 0.237469 0.863156 0.228024 0.871864
1 0.395098 0.829927 0.404897 0.821391 0.407817 0.825243 0.398018 0.833779
1 0.350972 0.733612 0.360719 0.724814 0.363690 0.728597 0.353944 0.737395
1 0.478365 0.297970 0.488448 0.288997 0.491744 0.293253 0.481662 0.302226
1 0.607354 0.598155 0.617374 0.589642 0.620430 0.593776 0.610410 0.602289
1 0.666297 0.885029 0.674586 0.875264 0.677491 0.878098 0.669203 0.887862
1 0.672976 0.258600 0.682628 0.249219 0.685803 0.252972 0.676151 0.262353
1 0.950542 0.777709 0.960563 0.769010 0.965240 0.775201 0.955219 0.783900
1 0.516958 0.255900 0.526385 0.249804 0.529227 0.254854 0.519800 0.260950
1 0.552450 0.210006 0.563066 0.201369 0.566245 0.205859 0.555630 0.214496
1 0.829474 0.648282 0.840595 0.640302 0.843359 0.644728 0.832238 0.652709
1 0.871402 0.668106 0.881131 0.659041 0.884202 0.662827 0.874473 0.671893
1 0.807056 0.531840 0.817772 0.524691 0.820640 0.529630 0.809924 0.536779
1 0.830425 0.684740 0.841161 0.676470 0.844341 0.681214 0.833605 0.689484
3 0.795774 0.082700 0.800196 0.082700 0.800196 0.087053 0.795774 0.087053
3 0.774566 0.070528 0.779426 0.070528 0.779426 0.074860 0.774566 0.074860
3 0.736586 0.104000 0.740245 0.104000 0.740245 0.106996 0.736586 0.106996
3 0.683977 0.051856 0.687103 0.051856 0.687103 0.055211 0.683977 0.055211
3 0.131272 0.579581 0.135761 0.579581 0.135761 0.584421 0.131272 0.584421
3 0.146825 0.593105 0.150941 0.593105 0.150941 0.597267 0.146825 0.597267
3 0.171949 0.622123 0.176056 0.622123 0.176056 0.626263 0.171949 0.626263
3 0.344584 0.352495 0.348282 0.352495 0.348282 0.356404 0.344584 0.356404
12 0.938753 0.390240 0.941993 0.390240 0.941993 0.393511 0.938753 0.393511
12 0.941728 0.393868 0.944820 0.393868 0.944820 0.397418 0.941728 0.397418
12 0.948388 0.390161 0.951740 0.390161 0.951740 0.393430 0.948388 0.393430
12 0.956121 0.390440 0.958732 0.390440 0.958732 0.393270 0.956121 0.393270
12 0.144293 0.907428 0.147365 0.907428 0.147365 0.910353 0.144293 0.910353
12 0.151113 0.904437 0.154123 0.904437 0.154123 0.907295 0.151113 0.907295
12 0.177151 0.850058 0.180038 0.850058 0.180038 0.853267 0.177151 0.853267
12 0.180596 0.857372 0.183504 0.857372 0.183504 0.860605 0.180596 0.860605
12 0.186408 0.865725 0.189380 0.865725 0.189380 0.868842 0.186408 0.868842
12 0.180725 0.863833 0.183718 0.863833 0.183718 0.866881 0.180725 0.866881
12 0.175967 0.861711 0.178704 0.861711 0.178704 0.864549 0.175967 0.864549
12 0.171748 0.844496 0.174894 0.844496 0.174894 0.847772 0.171748 0.847772
12 0.165828 0.843388 0.169252 0.843388 0.169252 0.847082 0.165828 0.847082
12 0.170887 0.849549 0.174656 0.849549 0.174656 0.853474 0.170887 0.853474
12 0.175085 0.856472 0.177735 0.856472 0.177735 0.859405 0.175085 0.859405
12 0.161781 0.848511 0.164861 0.848511 0.164861 0.851949 0.161781 0.851949
12 0.165892 0.852826 0.169101 0.852826 0.169101 0.855760 0.165892 0.855760
12 0.169768 0.857256 0.172827 0.857256 0.172827 0.860533 0.169768 0.860533
12 0.162836 0.857511 0.166002 0.857511 0.166002 0.860835 0.162836 0.860835
12 0.158358 0.852895 0.161655 0.852895 0.161655 0.856011 0.158358 0.856011
12 0.153278 0.850149 0.156293 0.850149 0.156293 0.853012 0.153278 0.853012
12 0.153838 0.855595 0.156466 0.855595 0.156466 0.858321 0.153838 0.858321
12 0.157088 0.859356 0.159889 0.859356 0.159889 0.862218 0.157088 0.862218
12 0.151750 0.860579 0.154809 0.860579 0.154809 0.863833 0.151750 0.863833
12 0.147982 0.857856 0.150956 0.857856 0.150956 0.861019 0.147982 0.861019
12 0.147121 0.851881 0.150137 0.851881 0.150137 0.854812 0.147121 0.854812
12 0.139823 0.850911 0.143011 0.850911 0.143011 0.853889 0.139823 0.853889
12 0.142902 0.855504 0.146047 0.855504 0.146047 0.858549 0.142902 0.858549
12 0.144172 0.861040 0.146951 0.861040 0.146951 0.864412 0.144172 0.864412
12 0.135561 0.854972 0.138750 0.854972 0.138750 0.857996 0.135561 0.857996
12 0.139092 0.859840 0.142151 0.859840 0.142151 0.862933 0.139092 0.862933
12 0.168381 0.894070 0.171543 0.894070 0.171543 0.897226 0.168381 0.897226
12 0.163111 0.891212 0.166460 0.891212 0.166460 0.894568 0.163111 0.894568
12 0.162306 0.896861 0.165655 0.896861 0.165655 0.899686 0.162306 0.899686
12 0.156664 0.898821 0.160260 0.898821 0.160260 0.902111 0.156664 0.902111
12 0.167355 0.888421 0.170892 0.888421 0.170892 0.891279 0.167355 0.891279
12 0.172257 0.891246 0.175264 0.891246 0.175264 0.894602 0.172257 0.894602
12 0.172753 0.885398 0.176008 0.885398 0.176008 0.888321 0.172753 0.888321
12 0.177028 0.888321 0.180502 0.888321 0.180502 0.891449 0.177028 0.891449
12 0.176969 0.882574 0.180007 0.882574 0.180007 0.885667 0.176969 0.885667
6 0.891540 0.739491 0.902794 0.739491 0.902794 0.750065 0.891540 0.750065
6 0.871352 0.365921 0.882488 0.365921 0.882488 0.376140 0.871352 0.376140
4 0.959797 0.150051 0.968232 0.150051 0.968232 0.159375 0.959797 0.159375
4 0.604676 0.470728 0.616962 0.470728 0.616962 0.483784 0.604676 0.483784
4 0.743681 0.427805 0.753740 0.427805 0.753740 0.437296 0.743681 0.437296
4 0.554637 0.621014 0.565388 0.621014 0.565388 0.632600 0.554637 0.632600
4 0.438044 0.709951 0.447095 0.709951 0.447095 0.718698 0.438044 0.718698
12 0.210157 0.943900 0.213460 0.943900 0.213460 0.946863 0.210157 0.946863
12 0.215306 0.941728 0.218645 0.941728 0.218645 0.944998 0.215306 0.944998
12 0.214427 0.935479 0.217532 0.935479 0.217532 0.938556 0.214427 0.938556
12 0.219432 0.937498 0.221838 0.937498 0.221838 0.940537 0.219432 0.940537
12 0.223486 0.941382 0.226304 0.941382 0.226304 0.944326 0.223486 0.944326
12 0.217190 0.931518 0.220277 0.931518 0.220277 0.934884 0.217190 0.934884
12 0.212669 0.928709 0.215416 0.928709 0.215416 0.931539 0.212669 0.931539
12 0.217172 0.924691 0.220187 0.924691 0.220187 0.927596 0.217172 0.927596
12 0.221440 0.927691 0.224349 0.927691 0.224349 0.930654 0.221440 0.930654
12 0.223540 0.931825 0.227070 0.931825 0.227070 0.935481 0.223540 0.935481
12 0.227971 0.940189 0.230591 0.940189 0.230591 0.943249 0.227971 0.943249
12 0.229710 0.945170 0.232709 0.945170 0.232709 0.947863 0.229710 0.947863
12 0.232903 0.940747 0.236044 0.940747 0.236044 0.943998 0.232903 0.943998
12 0.229424 0.934825 0.232421 0.934825 0.232421 0.937923 0.229424 0.937923
12 0.226661 0.927556 0.229372 0.927556 0.229372 0.930846 0.226661 0.930846
12 0.224545 0.921672 0.227560 0.921672 0.227560 0.924884 0.224545 0.924884
12 0.229962 0.923075 0.233139 0.923075 0.233139 0.926384 0.229962 0.926384
12 0.231917 0.928940 0.235255 0.928940 0.235255 0.932077 0.231917 0.932077
12 0.235542 0.934940 0.238556 0.934940 0.238556 0.938019 0.235542 0.938019
12 0.238627 0.940651 0.241750 0.940651 0.241750 0.944421 0.238627 0.944421
12 0.245067 0.940112 0.247902 0.940112 0.247902 0.943268 0.245067 0.943268
12 0.241532 0.935632 0.244118 0.935632 0.244118 0.938595 0.241532 0.938595
12 0.237730 0.930056 0.241265 0.930056 0.241265 0.933558 0.237730 0.933558
12 0.235542 0.922768 0.238556 0.922768 0.238556 0.926326 0.235542 0.926326
12 0.242609 0.926691 0.246306 0.926691 0.246306 0.930288 0.242609 0.930288
12 0.245408 0.931960 0.248817 0.931960 0.248817 0.935942 0.245408 0.935942
12 0.249498 0.936940 0.252442 0.936940 0.252442 0.939923 0.249498 0.939923
12 0.250825 0.930921 0.254020 0.930921 0.254020 0.934404 0.250825 0.934404
12 0.254735 0.936037 0.257661 0.936037 0.257661 0.939288 0.254735 0.939288
12 0.259113 0.933228 0.261661 0.933228 0.261661 0.936039 0.259113 0.936039
12 0.252008 0.941863 0.255133 0.941863 0.255133 0.944940 0.252008 0.944940
12 0.256871 0.947114 0.259831 0.947114 0.259831 0.950211 0.256871 0.950211
12 0.257038 0.941421 0.260406 0.941421 0.260406 0.944768 0.257038 0.944768
12 0.262378 0.948612 0.265034 0.948612 0.265034 0.951711 0.262378 0.951711
12 0.267938 0.947419 0.270936 0.947419 0.270936 0.950672 0.267938 0.950672
12 0.263329 0.942919 0.266344 0.942919 0.266344 0.946268 0.263329 0.946268
12 0.268100 0.941402 0.271277 0.941402 0.271277 0.944960 0.268100 0.944960
12 0.266038 0.936325 0.268748 0.936325 0.268748 0.939633 0.266038 0.939633
12 0.261303 0.937923 0.264295 0.937923 0.264295 0.941268 0.261303 0.941268
12 0.073245 0.917342 0.077185 0.917342 0.077185 0.920711 0.073245 0.920711
12 0.064421 0.916096 0.068211 0.916096 0.068211 0.919581 0.064421 0.919581
12 0.080326 0.910560 0.083491 0.910560 0.083491 0.913653 0.080326 0.913653
12 0.087106 0.905737 0.090637 0.905737 0.090637 0.908644 0.087106 0.908644
12 0.082177 0.903430 0.085686 0.903430 0.085686 0.906409 0.082177 0.906409
12 0.086375 0.900523 0.089345 0.900523 0.089345 0.904102 0.086375 0.904102
12 0.090853 0.897846 0.094190 0.897846 0.094190 0.901218 0.090853 0.901218
12 0.088592 0.892746 0.092424 0.892746 0.092424 0.896714 0.088592 0.896714
12 0.093178 0.888546 0.097074 0.888546 0.097074 0.892284 0.093178 0.892284
12 0.098473 0.886423 0.101874 0.886423 0.101874 0.890556 0.098473 0.890556
12 0.104715 0.881854 0.108290 0.881854 0.108290 0.885432 0.104715 0.885432
12 0.099141 0.881070 0.102304 0.881070 0.102304 0.884509 0.099141 0.884509
12 0.108892 0.878577 0.112142 0.878577 0.112142 0.882595 0.108892 0.882595
12 0.103920 0.876547 0.106653 0.876547 0.106653 0.879525 0.103920 0.879525
12 0.107234 0.871656 0.110484 0.871656 0.110484 0.875140 0.107234 0.875140
12 0.112961 0.874032 0.116190 0.874032 0.116190 0.877516 0.112961 0.877516
12 0.119095 0.869995 0.121959 0.869995 0.121959 0.873132 0.119095 0.873132
12 0.113542 0.866947 0.117180 0.866947 0.117180 0.870018 0.113542 0.870018
12 0.125229 0.866118 0.128093 0.866118 0.128093 0.869625 0.125229 0.869625
12 0.119610 0.864063 0.123100 0.864063 0.123100 0.867481 0.119610 0.867481
12 0.124390 0.860463 0.127921 0.860463 0.127921 0.863902 0.124390 0.863902
12 0.129684 0.862011 0.132830 0.862011 0.132830 0.865379 0.129684 0.865379
12 0.181021 0.879056 0.183959 0.879056 0.183959 0.881972 0.181021 0.881972
12 0.184183 0.883123 0.187381 0.883123 0.187381 0.886158 0.184183 0.886158
12 0.188126 0.884839 0.191288 0.884839 0.191288 0.887993 0.188126 0.887993
12 0.188036 0.879774 0.190655 0.879774 0.190655 0.883128 0.188036 0.883128
12 0.191990 0.880811 0.194822 0.880811 0.194822 0.884044 0.191990 0.884044
12 0.190172 0.875309 0.193854 0.875309 0.193854 0.878781 0.190172 0.878781
12 0.185411 0.874870 0.188907 0.874870 0.188907 0.878382 0.185411 0.878382
12 0.216779 0.766579 0.220267 0.766579 0.220267 0.770088 0.216779 0.770088
12 0.215057 0.772993 0.218093 0.772993 0.218093 0.775811 0.215057 0.775811
12 0.221193 0.772186 0.224507 0.772186 0.224507 0.775095 0.221193 0.775095
12 0.226617 0.775300 0.229244 0.775300 0.229244 0.778281 0.226617 0.778281
13 0.368841 0.280940 0.377173 0.280940 0.377173 0.287191 0.368841 0.287191
13 0.227809 0.396933 0.235769 0.396933 0.235769 0.403761 0.227809 0.403761
13 0.149697 0.399774 0.158293 0.399774 0.158293 0.405239 0.149697 0.405239
3 0.196751 0.439289 0.200596 0.439289 0.200596 0.443204 0.196751 0.443204
3 0.199036 0.451839 0.202979 0.451839 0.202979 0.455668 0.199036 0.455668
13 0.160658 0.463458 0.168828 0.463458 0.168828 0.469463 0.160658 0.469463
13 0.340129 0.789504 0.348666 0.789504 0.348666 0.795421 0.340129 0.795421
13 0.302224 0.854198 0.310319 0.854198 0.310319 0.860195 0.302224 0.860195
13 0.380560 0.936037 0.388350 0.936037 0.388350 0.942225 0.380560 0.942225
13 0.411658 0.911119 0.419079 0.911119 0.419079 0.917568 0.411658 0.917568
13 0.506211 0.623156 0.513111 0.623156 0.513111 0.628746 0.506211 0.628746
13 0.457628 0.668067 0.465499 0.668067 0.465499 0.673930 0.457628 0.673930
13 0.563275 0.755823 0.571015 0.755823 0.571015 0.761905 0.563275 0.761905
1 0.611924 0.794912 0.622024 0.785731 0.625452 0.790065 0.615353 0.799246
13 0.960318 0.978391 0.967440 0.978391 0.967440 0.984935 0.960318 0.984935
13 0.921321 0.890512 0.929705 0.890512 0.929705 0.897795 0.921321 0.897795
13 0.939334 0.446261 0.946409 0.446261 0.946409 0.452795 0.939334 0.452795
13 0.975838 0.248656 0.983434 0.248656 0.983434 0.255095 0.975838 0.255095
13 0.923079 0.057765 0.927368 0.057765 0.927368 0.063344 0.923079 0.063344
13 0.984584 0.077396 0.989484 0.077396 0.989484 0.082975 0.984584 0.082975
13 0.851326 0.252316 0.858404 0.252316 0.858404 0.258749 0.851326 0.258749
1 0.573208 0.284090 0.582994 0.275473 0.588455 0.282598 0.578668 0.291215
1 0.053814 0.068221 0.045692 0.077690 0.042258 0.074305 0.050381 0.064837
1 0.303887 0.195451 0.293790 0.204793 0.290476 0.200679 0.300574 0.191336
1 0.302915 0.223503 0.291889 0.231996 0.288813 0.227407 0.299839 0.218914
1 0.341041 0.257452 0.330923 0.266234 0.327471 0.261664 0.337589 0.252881
1 0.285269 0.617991 0.296974 0.613573 0.298734 0.618930 0.287029 0.623348
1 0.111590 0.686775 0.122352 0.678905 0.124440 0.682187 0.113678 0.690056
1 0.107284 0.766867 0.117588 0.757923 0.120695 0.762036 0.110391 0.770981
1 0.059960 0.736065 0.069757 0.727711 0.072477 0.731377 0.062680 0.739731
1 0.005645 0.655861 0.016708 0.647802 0.019028 0.651461 0.007965 0.659521
1 0.203753 0.259701 0.193765 0.268035 0.191065 0.264317 0.201053 0.255982
1 0.210281 0.290880 0.199614 0.299749 0.196737 0.295773 0.207404 0.286904
1 0.231710 0.343507 0.241939 0.334817 0.246351 0.340784 0.236122 0.349474
1 0.268616 0.358190 0.278682 0.348058 0.282416 0.352320 0.272350 0.362453
1 0.181362 0.474407 0.190733 0.465006 0.193499 0.468174 0.184127 0.477574
1 0.237906 0.464564 0.248439 0.456481 0.250934 0.460217 0.240401 0.468300
1 0.325496 0.590094 0.337271 0.584128 0.339581 0.589367 0.327806 0.595333
1 0.359353 0.645472 0.369270 0.636583 0.372561 0.640801 0.362643 0.649690
1 0.399763 0.624245 0.409694 0.616311 0.412630 0.620532 0.402699 0.628467
1 0.380103 0.582794 0.389069 0.572979 0.392692 0.576782 0.383726 0.586596
1 0.339617 0.533759 0.350511 0.525703 0.353092 0.529713 0.342197 0.537769
1 0.431638 0.481950 0.442264 0.473705 0.445133 0.477953 0.434507 0.486198
1 0.323905 0.376854 0.334055 0.368261 0.337266 0.372618 0.327115 0.381211
1 0.406284 0.372835 0.417588 0.363705 0.420678 0.368100 0.409374 0.377231
1 0.442649 0.404834 0.452441 0.395996 0.455549 0.399952 0.445757 0.408790
1 0.427201 0.395412 0.439197 0.390934 0.440545 0.395086 0.428550 0.399564
1 0.587845 0.300928 0.598302 0.292265 0.601571 0.296798 0.591114 0.305462
1 0.561908 0.325036 0.571973 0.316362 0.575341 0.320852 0.565276 0.329526
1 0.638607 0.328220 0.649875 0.320848 0.652395 0.325273 0.641127 0.332645
1 0.535318 0.380324 0.545836 0.371767 0.549435 0.376849 0.538917 0.385407
1 0.426875 0.022918 0.416851 0.030927 0.414492 0.027535 0.424516 0.019525
1 0.144226 0.603668 0.153933 0.594937 0.159341 0.601846 0.149635 0.610577
1 0.082858 0.974366 0.090575 0.967739 0.093306 0.971392 0.085588 0.978019
1 0.729874 0.143035 0.739987 0.133874 0.743469 0.138291 0.733355 0.147452
1 0.746683 0.168218 0.756898 0.159223 0.762160 0.166091 0.751945 0.175085
1 0.778335 0.200806 0.788835 0.192200 0.792516 0.197361 0.782016 0.205967
1 0.855468 0.066427 0.864659 0.056506 0.867953 0.060011 0.858761 0.069933
1 0.679704 0.160569 0.669573 0.169747 0.666379 0.165696 0.676511 0.156518
1 0.623850 0.172559 0.633145 0.164019 0.637620 0.169616 0.628325 0.178156
1 0.639790 0.124890 0.649062 0.116097 0.654144 0.122254 0.644872 0.131047
1 0.608892 0.115864 0.599652 0.125666 0.596556 0.122313 0.605797 0.112511
1 0.599478 0.098417 0.590310 0.108210 0.587354 0.105030 0.596521 0.095237
1 0.568003 0.093684 0.557478 0.102372 0.553910 0.097406 0.564435 0.088717
1 0.530318 0.075179 0.520596 0.084175 0.517461 0.080282 0.527183 0.071287
1 0.535863 0.049796 0.525013 0.055646 0.522917 0.051181 0.533768 0.045331
1 0.469802 0.041901 0.459761 0.050341 0.456964 0.046518 0.467005 0.038079
1 0.387475 0.038611 0.377030 0.046078 0.374860 0.042589 0.385305 0.035122
1 0.340236 0.035799 0.329758 0.044449 0.326908 0.040482 0.337386 0.031832
1 0.182950 0.077798 0.171904 0.085966 0.168833 0.081193 0.179878 0.073025
1 0.093836 0.004858 0.084116 0.014439 0.081176 0.011012 0.090896 0.001431
1 0.311879 0.132181 0.299328 0.135963 0.297931 0.130636 0.310482 0.126854
1 0.363421 0.148157 0.352365 0.155335 0.350071 0.151276 0.361128 0.144098
1 0.500976 0.123292 0.490866 0.132163 0.487627 0.127922 0.497738 0.119051
1 0.503871 0.152877 0.496419 0.162883 0.492518 0.159544 0.499970 0.149538
1 0.523576 0.152798 0.513474 0.162311 0.509966 0.158030 0.520068 0.148517
1 0.524468 0.159716 0.533420 0.149951 0.538635 0.155444 0.529683 0.165209
12 0.219944 0.776777 0.222979 0.776777 0.222979 0.779688 0.219944 0.779688
12 0.214519 0.779061 0.217619 0.779061 0.217619 0.782226 0.214519 0.782226
12 0.223216 0.782246 0.225669 0.782246 0.225669 0.784626 0.223216 0.784626
12 0.228964 0.780909 0.231805 0.780909 0.231805 0.783818 0.228964 0.783818
12 0.217231 0.784416 0.220396 0.784416 0.220396 0.787511 0.217231 0.787511
12 0.227800 0.786307 0.231267 0.786307 0.231267 0.789218 0.227800 0.789218
4 0.338764 0.633386 0.348021 0.633386 0.348021 0.640837 0.338764 0.640837
4 0.207293 0.847639 0.215198 0.847639 0.215198 0.855011 0.207293 0.855011
4 0.295887 0.927898 0.304684 0.927898 0.304684 0.936749 0.295887 0.936749
4 0.437468 0.939488 0.444975 0.939488 0.444975 0.946837 0.437468 0.946837
12 0.222247 0.788777 0.225411 0.788777 0.225411 0.791502 0.222247 0.791502
12 0.231331 0.791339 0.234538 0.791339 0.234538 0.794595 0.231331 0.794595
12 0.212604 0.787600 0.215961 0.787600 0.215961 0.790925 0.212604 0.790925
12 0.218350 0.792677 0.221558 0.792677 0.221558 0.795770 0.218350 0.795770
12 0.225714 0.793207 0.228555 0.793207 0.228555 0.796302 0.225714 0.796302
12 0.230578 0.797753 0.233548 0.797753 0.233548 0.801125 0.230578 0.801125
4 0.576188 0.873088 0.583912 0.873088 0.583912 0.880409 0.576188 0.880409
4 0.683043 0.700484 0.691885 0.700484 0.691885 0.708351 0.683043 0.708351
4 0.777077 0.906739 0.785445 0.906739 0.785445 0.913596 0.777077 0.913596
4 0.878872 0.984958 0.885995 0.984958 0.885995 0.991789 0.878872 0.991789
4 0.946214 0.857156 0.954517 0.857156 0.954517 0.863644 0.946214 0.863644
4 0.857871 0.799684 0.865286 0.799684 0.865286 0.807193 0.857871 0.807193
4 0.725571 0.324909 0.734902 0.324909 0.734902 0.334195 0.725571 0.334195
4 0.890506 0.468830 0.898419 0.468830 0.898419 0.476409 0.890506 0.476409
4 0.970205 0.423637 0.977692 0.423637 0.977692 0.430596 0.970205 0.430596
4 0.954756 0.576140 0.962434 0.576140 0.962434 0.583412 0.954756 0.583412
12 0.211031 0.793507 0.214498 0.793507 0.214498 0.796854 0.211031 0.796854
12 0.215666 0.798302 0.218889 0.798302 0.218889 0.801516 0.215666 0.801516
12 0.221344 0.796807 0.224270 0.796807 0.224270 0.800293 0.221344 0.800293
12 0.226229 0.801307 0.229223 0.801307 0.229223 0.804632 0.226229 0.804632
12 0.206619 0.797637 0.209610 0.797637 0.209610 0.800363 0.206619 0.800363
12 0.210859 0.802414 0.213938 0.802414 0.213938 0.805325 0.210859 0.805325
12 0.216478 0.804791 0.220354 0.804791 0.220354 0.808370 0.216478 0.808370
4 0.914051 0.300475 0.923308 0.300475 0.923308 0.308130 0.914051 0.308130
12 0.222419 0.805714 0.225476 0.805714 0.225476 0.808854 0.222419 0.808854
12 0.228275 0.806382 0.231589 0.806382 0.231589 0.809961 0.228275 0.809961
12 0.220417 0.811689 0.223926 0.811689 0.223926 0.814854 0.220417 0.814854
