1 0.153963 0.202203 0.158452 0.202203 0.158452 0.205697 0.153963 0.205697
2 0.199069 0.050402 0.206131 0.050402 0.206131 0.056947 0.199069 0.056947
2 0.157629 0.487636 0.165298 0.487636 0.165298 0.493857 0.157629 0.493857
2 0.172023 0.513883 0.179045 0.513883 0.179045 0.519904 0.172023 0.519904
1 0.269899 0.505210 0.273590 0.505210 0.273590 0.508144 0.269899 0.508144
1 0.566664 0.092070 0.569553 0.092070 0.569553 0.094774 0.566664 0.094774
1 0.472005 0.138070 0.475214 0.138070 0.475214 0.140414 0.472005 0.140414
1 0.475436 0.138500 0.478781 0.138500 0.478781 0.141086 0.475436 0.141086
3 0.285186 0.290942 0.289262 0.290942 0.289262 0.295594 0.285186 0.295594
1 0.049535 0.610765 0.053585 0.610765 0.053585 0.613954 0.049535 0.613954
1 0.035319 0.579486 0.039599 0.579486 0.039599 0.581693 0.035319 0.581693
2 0.277207 0.545791 0.284654 0.545791 0.284654 0.551923 0.277207 0.551923
1 0.267631 0.541385 0.271374 0.541385 0.271374 0.545065 0.267631 0.545065
1 0.270038 0.544944 0.273247 0.544944 0.273247 0.547705 0.270038 0.547705
1 0.268113 0.518704 0.271214 0.518704 0.271214 0.522384 0.268113 0.522384
1 0.251394 0.521787 0.254925 0.521787 0.254925 0.525059 0.251394 0.525059
1 0.278517 0.519777 0.281406 0.519777 0.281406 0.523566 0.278517 0.523566
1 0.254123 0.506285 0.257814 0.506285 0.257814 0.509614 0.254123 0.509614
1 0.199599 0.310689 0.203237 0.310689 0.203237 0.314197 0.199599 0.314197
1 0.290502 0.266634 0.294691 0.266634 0.294691 0.269697 0.290502 0.269697
1 0.357434 0.359515 0.361274 0.359515 0.361274 0.361907 0.357434 0.361907
1 0.326755 0.367955 0.330132 0.367955 0.330132 0.371082 0.326755 0.371082
1 0.355644 0.390606 0.359101 0.390606 0.359101 0.393756 0.355644 0.393756
1 0.343831 0.392481 0.347175 0.392481 0.347175 0.396547 0.343831 0.396547
1 0.388022 0.467675 0.390808 0.467675 0.390808 0.470425 0.388022 0.470425
1 0.379617 0.447832 0.383148 0.447832 0.383148 0.450464 0.379617 0.450464
1 0.373600 0.454891 0.377278 0.454891 0.377278 0.457841 0.373600 0.457841
1 0.344463 0.494078 0.347956 0.494078 0.347956 0.497831 0.344463 0.497831
2 0.673544 0.325029 0.681696 0.325029 0.681696 0.332539 0.673544 0.332539
2 0.739066 0.799494 0.745530 0.799494 0.745530 0.805380 0.739066 0.805380
2 0.866463 0.836457 0.872927 0.836457 0.872927 0.842678 0.866463 0.842678
2 0.913008 0.909010 0.918037 0.909010 0.918037 0.914406 0.913008 0.914406
2 0.768032 0.905382 0.773945 0.905382 0.773945 0.910067 0.768032 0.910067
2 0.775031 0.908344 0.781327 0.908344 0.781327 0.914270 0.775031 0.914270
1 0.462544 0.208231 0.466646 0.208231 0.466646 0.211388 0.462544 0.211388
1 0.458042 0.214068 0.460716 0.214068 0.460716 0.219044 0.458042 0.219044
1 0.335083 0.243584 0.339203 0.243584 0.339203 0.247036 0.335083 0.247036
1 0.251698 0.239313 0.255704 0.239313 0.255704 0.242716 0.251698 0.242716
1 0.224955 0.546380 0.229101 0.546380 0.229101 0.548730 0.224955 0.548730
1 0.338444 0.617940 0.341881 0.617940 0.341881 0.620336 0.338444 0.620336
2 0.520333 0.746756 0.527020 0.746756 0.527020 0.752879 0.520333 0.752879
1 0.489408 0.092722 0.493565 0.092722 0.493565 0.095815 0.489408 0.095815
1 0.276230 0.302631 0.279886 0.302631 0.279886 0.306081 0.276230 0.306081
1 0.267334 0.289690 0.270767 0.289690 0.270767 0.293763 0.267334 0.293763
2 0.217814 0.284211 0.224204 0.284211 0.224204 0.289554 0.217814 0.289554
2 0.134484 0.316287 0.141394 0.316287 0.141394 0.322316 0.134484 0.322316
1 0.073062 0.120276 0.077632 0.120276 0.077632 0.122387 0.073062 0.122387
1 0.219607 0.161787 0.223785 0.161787 0.223785 0.165748 0.219607 0.165748
1 0.220944 0.168332 0.225016 0.168332 0.225016 0.171491 0.220944 0.171491
1 0.224212 0.174241 0.228172 0.174241 0.228172 0.177117 0.224212 0.177117
1 0.224380 0.133303 0.228541 0.133303 0.228541 0.136363 0.224380 0.136363
1 0.256144 0.107847 0.260079 0.107847 0.260079 0.110838 0.256144 0.110838
1 0.410719 0.232979 0.414376 0.232979 0.414376 0.236949 0.410719 0.236949
1 0.422864 0.234025 0.425182 0.234025 0.425182 0.237949 0.422864 0.237949
1 0.432671 0.227615 0.435479 0.227615 0.435479 0.231250 0.432671 0.231250
3 0.787784 0.089040 0.793222 0.089040 0.793222 0.094925 0.787784 0.094925
1 0.638657 0.010547 0.642765 0.010547 0.642765 0.014787 0.638657 0.014787
1 0.356426 0.185851 0.361379 0.185851 0.361379 0.188628 0.356426 0.188628
3 0.300589 0.193455 0.305827 0.193455 0.305827 0.199355 0.300589 0.199355
1 0.271166 0.191142 0.282831 0.191142 0.282831 0.197122 0.271166 0.197122
1 0.197373 0.118381 0.205085 0.118381 0.205085 0.122304 0.197373 0.122304
1 0.328329 0.086193 0.332919 0.086193 0.332919 0.089398 0.328329 0.089398
1 0.235539 0.005925 0.240406 0.005925 0.240406 0.008914 0.235539 0.008914
2 0.344199 0.335716 0.350115 0.335716 0.350115 0.340880 0.344199 0.340880
2 0.351622 0.373735 0.358047 0.373735 0.358047 0.379026 0.351622 0.379026
2 0.219533 0.655568 0.225479 0.655568 0.225479 0.660668 0.219533 0.660668
3 0.263651 0.668528 0.268474 0.668528 0.268474 0.673007 0.263651 0.673007
1 0.307268 0.649522 0.310388 0.649522 0.310388 0.652794 0.307268 0.652794
2 0.346187 0.652178 0.351566 0.652178 0.351566 0.656604 0.346187 0.656604
1 0.216233 0.065796 0.219589 0.065796 0.219589 0.068295 0.216233 0.068295
1 0.214681 0.055224 0.218944 0.055224 0.218944 0.057995 0.214681 0.057995
1 0.215572 0.305932 0.219835 0.305932 0.219835 0.309674 0.215572 0.309674
1 0.257646 0.302401 0.261127 0.302401 0.261127 0.306134 0.257646 0.306134
1 0.256009 0.285506 0.259322 0.285506 0.259322 0.288693 0.256009 0.288693
2 0.313923 0.303363 0.320079 0.303363 0.320079 0.308079 0.313923 0.308079
2 0.987708 0.533770 0.993344 0.533770 0.993344 0.539092 0.987708 0.539092
0 0.982805 0.539423 0.993344 0.539423 0.993344 0.545475 0.982805 0.545475
0 0.857090 0.823554 0.867573 0.823554 0.867573 0.825709 0.857090 0.825709
0 0.857387 0.819963 0.865120 0.819963 0.865120 0.821719 0.857387 0.821719
0 0.856570 0.815415 0.865715 0.815415 0.865715 0.817250 0.856570 0.817250
0 0.855900 0.809908 0.866458 0.809908 0.866458 0.812222 0.855900 0.812222
0 0.879159 0.585683 0.889129 0.585683 0.889129 0.594702 0.879159 0.594702
0 0.882206 0.589035 0.892028 0.589035 0.892028 0.598373 0.882206 0.598373
0 0.934382 0.564569 0.943001 0.564569 0.943001 0.572948 0.934382 0.572948
0 0.942935 0.574739 0.952699 0.574739 0.952699 0.582886 0.942935 0.582886
2 0.910719 0.586775 0.915882 0.586775 0.915882 0.592456 0.910719 0.592456
0 0.828855 0.635745 0.836708 0.635745 0.836708 0.640117 0.828855 0.640117
0 0.829939 0.638011 0.837948 0.638011 0.837948 0.642284 0.829939 0.642284
0 0.850180 0.622334 0.864074 0.622334 0.864074 0.630425 0.850180 0.630425
0 0.851889 0.624261 0.864841 0.624261 0.864841 0.632143 0.851889 0.632143
0 0.854156 0.628817 0.868154 0.628817 0.868154 0.635911 0.854156 0.635911
0 0.855240 0.631309 0.869345 0.631309 0.869345 0.639070 0.855240 0.639070
0 0.856169 0.633639 0.870632 0.633639 0.870632 0.640455 0.856169 0.640455
0 0.857563 0.635849 0.872542 0.635849 0.872542 0.643336 0.857563 0.643336
0 0.859578 0.638404 0.874504 0.638404 0.874504 0.645720 0.859578 0.645720
0 0.860868 0.640954 0.876519 0.640954 0.876519 0.648658 0.860868 0.648658
0 0.862727 0.643393 0.877964 0.643393 0.877964 0.650425 0.862727 0.650425
0 0.863397 0.645998 0.879254 0.645998 0.879254 0.652869 0.863397 0.652869
0 0.867167 0.657191 0.876415 0.657191 0.876415 0.659908 0.867167 0.659908
0 0.867895 0.660129 0.878377 0.660129 0.878377 0.663232 0.867895 0.663232
0 0.867271 0.662617 0.881732 0.662617 0.881732 0.666503 0.867271 0.666503
2 0.838721 0.656582 0.843782 0.656582 0.843782 0.661842 0.838721 0.661842
2 0.553709 0.865461 0.558443 0.865461 0.558443 0.870356 0.553709 0.870356
2 0.720129 0.203094 0.728051 0.203094 0.728051 0.210333 0.720129 0.210333
1 0.287019 0.313922 0.290140 0.313922 0.290140 0.317948 0.287019 0.317948
1 0.272887 0.314305 0.276141 0.314305 0.276141 0.317948 0.272887 0.317948
1 0.297085 0.229444 0.300206 0.229444 0.300206 0.232077 0.297085 0.232077
1 0.362608 0.235284 0.365646 0.235284 0.365646 0.238250 0.362608 0.238250
1 0.284603 0.237060 0.288467 0.237060 0.288467 0.240331 0.284603 0.240331
1 0.334440 0.225900 0.338495 0.225900 0.338495 0.229063 0.334440 0.229063
1 0.250254 0.421027 0.253391 0.421027 0.253391 0.425095 0.250254 0.425095
1 0.264742 0.425668 0.268220 0.425668 0.268220 0.429927 0.264742 0.429927
1 0.260150 0.440209 0.264252 0.440209 0.264252 0.444473 0.260150 0.444473
2 0.100036 0.585367 0.106679 0.585367 0.106679 0.590869 0.100036 0.590869
2 0.135540 0.582281 0.142410 0.582281 0.142410 0.587861 0.135540 0.587861
2 0.139522 0.615768 0.147416 0.615768 0.147416 0.621967 0.139522 0.621967
2 0.275842 0.593338 0.282932 0.593338 0.282932 0.598937 0.275842 0.598937
2 0.271135 0.562674 0.278741 0.562674 0.278741 0.569077 0.271135 0.569077
1 0.329353 0.647546 0.332117 0.647546 0.332117 0.650034 0.329353 0.650034
1 0.343404 0.642322 0.346837 0.642322 0.346837 0.644953 0.343404 0.644953
1 0.373536 0.726171 0.378738 0.726171 0.378738 0.728764 0.373536 0.728764
1 0.366849 0.716124 0.372571 0.716124 0.372571 0.718755 0.366849 0.718755
1 0.325585 0.779635 0.336055 0.779635 0.336055 0.784183 0.325585 0.784183
1 0.340478 0.774262 0.358909 0.774262 0.358909 0.779911 0.340478 0.779911
1 0.309856 0.783425 0.321996 0.783425 0.321996 0.787560 0.309856 0.787560
1 0.290599 0.788456 0.299913 0.788456 0.299913 0.792520 0.290599 0.792520
1 0.270955 0.791626 0.285469 0.791626 0.285469 0.795277 0.270955 0.795277
1 0.355116 0.755371 0.359122 0.755371 0.359122 0.758181 0.355116 0.758181
1 0.347721 0.757602 0.351188 0.757602 0.351188 0.760579 0.347721 0.760579
1 0.366260 0.706793 0.370310 0.706793 0.370310 0.709894 0.366260 0.709894
1 0.361894 0.695769 0.366715 0.695769 0.366715 0.698318 0.361894 0.698318
1 0.376062 0.805656 0.386547 0.805656 0.386547 0.810537 0.376062 0.810537
1 0.359264 0.813924 0.367931 0.813924 0.367931 0.817829 0.359264 0.817829
1 0.342252 0.818863 0.351401 0.818863 0.351401 0.822366 0.342252 0.822366
1 0.321389 0.824604 0.333425 0.824604 0.333425 0.829141 0.321389 0.829141
1 0.305768 0.829600 0.316468 0.829600 0.316468 0.833676 0.305768 0.833676
1 0.288809 0.835054 0.300097 0.835054 0.300097 0.839189 0.288809 0.839189
1 0.169609 0.874672 0.174463 0.874672 0.174463 0.883363 0.169609 0.883363
1 0.176159 0.886910 0.180472 0.886910 0.180472 0.895185 0.176159 0.895185
1 0.182166 0.900717 0.186095 0.900717 0.186095 0.909159 0.182166 0.909159
1 0.188329 0.915187 0.192335 0.915187 0.192335 0.924208 0.188329 0.924208
1 0.194029 0.929325 0.197882 0.929325 0.197882 0.937602 0.194029 0.937602
1 0.204506 0.961248 0.207896 0.961248 0.207896 0.972074 0.204506 0.972074
1 0.306845 0.936501 0.309446 0.936501 0.309446 0.942642 0.306845 0.942642
1 0.302387 0.922904 0.306695 0.922904 0.306695 0.934108 0.302387 0.934108
1 0.297779 0.908390 0.301569 0.908390 0.301569 0.919116 0.297779 0.919116
1 0.291614 0.891604 0.295031 0.891604 0.295031 0.900375 0.291614 0.900375
1 0.286948 0.874415 0.290431 0.874415 0.290431 0.883336 0.286948 0.883336
2 0.038543 0.611760 0.045097 0.611760 0.045097 0.616736 0.038543 0.616736
1 0.201282 0.657999 0.205072 0.657999 0.205072 0.660356 0.201282 0.660356
1 0.196862 0.650981 0.200317 0.650981 0.200317 0.653379 0.196862 0.653379
1 0.180865 0.634953 0.184432 0.634953 0.184432 0.637783 0.180865 0.637783
1 0.178792 0.641634 0.182061 0.641634 0.182061 0.644112 0.178792 0.644112
1 0.137901 0.652720 0.141727 0.652720 0.141727 0.656233 0.137901 0.656233
1 0.158256 0.658227 0.163014 0.658227 0.163014 0.661856 0.158256 0.661856
2 0.040363 0.868628 0.048441 0.868628 0.048441 0.874942 0.040363 0.874942
3 0.007159 0.682872 0.011831 0.682872 0.011831 0.687995 0.007159 0.687995
2 0.038720 0.764781 0.046156 0.764781 0.046156 0.770638 0.038720 0.770638
3 0.027268 0.677491 0.032399 0.677491 0.032399 0.682518 0.027268 0.682518
1 0.028372 0.635870 0.032755 0.635870 0.032755 0.639741 0.028372 0.639741
1 0.057578 0.603055 0.061168 0.603055 0.061168 0.607340 0.057578 0.607340
1 0.053265 0.569061 0.057055 0.569061 0.057055 0.572215 0.053265 0.572215
3 0.220363 0.381604 0.224648 0.381604 0.224648 0.386150 0.220363 0.386150
3 0.122151 0.426616 0.127027 0.426616 0.127027 0.431932 0.122151 0.431932
3 0.083521 0.434496 0.088611 0.434496 0.088611 0.439240 0.083521 0.439240
3 0.048881 0.416740 0.053592 0.416740 0.053592 0.421218 0.048881 0.421218
1 0.020643 0.393595 0.024121 0.393595 0.024121 0.397443 0.020643 0.397443
1 0.013471 0.396951 0.017627 0.396951 0.017627 0.400910 0.013471 0.400910
3 0.041587 0.388086 0.046451 0.388086 0.046451 0.393335 0.041587 0.393335
2 0.009767 0.328443 0.016669 0.328443 0.016669 0.334988 0.009767 0.334988
2 0.017900 0.341592 0.025496 0.341592 0.025496 0.347965 0.017900 0.347965
1 0.139256 0.273774 0.143925 0.273774 0.143925 0.276788 0.139256 0.276788
1 0.188466 0.266850 0.193082 0.266850 0.193082 0.271335 0.188466 0.271335
3 0.200625 0.238344 0.206408 0.238344 0.206408 0.244464 0.200625 0.244464
1 0.173216 0.218034 0.177372 0.218034 0.177372 0.221266 0.173216 0.221266
1 0.172767 0.216226 0.176656 0.216226 0.176656 0.219017 0.172767 0.219017
1 0.177571 0.204480 0.182371 0.204480 0.182371 0.207471 0.177571 0.207471
1 0.093707 0.240653 0.098574 0.240653 0.098574 0.243648 0.093707 0.243648
1 0.157294 0.235033 0.161845 0.235033 0.161845 0.238259 0.157294 0.238259
1 0.155666 0.207321 0.159538 0.207321 0.159538 0.210482 0.155666 0.210482
1 0.151673 0.195923 0.156255 0.195923 0.156255 0.199749 0.151673 0.199749
1 0.169957 0.147836 0.174192 0.147836 0.174192 0.150228 0.169957 0.150228
1 0.169660 0.128528 0.173859 0.128528 0.173859 0.131723 0.169660 0.131723
1 0.078353 0.122201 0.082688 0.122201 0.082688 0.126554 0.078353 0.126554
1 0.060982 0.126970 0.064956 0.126970 0.064956 0.129641 0.060982 0.129641
1 0.047530 0.127328 0.051694 0.127328 0.051694 0.130359 0.047530 0.130359
2 0.013856 0.126363 0.020246 0.126363 0.020246 0.131548 0.013856 0.131548
2 0.015436 0.020506 0.022749 0.020506 0.022749 0.026345 0.015436 0.026345
2 0.125026 0.139726 0.131218 0.139726 0.131218 0.145576 0.125026 0.145576
1 0.140592 0.134486 0.144834 0.134486 0.144834 0.145645 0.140592 0.145645
1 0.109629 0.067698 0.114050 0.067698 0.114050 0.070250 0.109629 0.070250
1 0.211917 0.015472 0.216438 0.015472 0.216438 0.018498 0.211917 0.018498
1 0.079597 0.033143 0.084192 0.033143 0.084192 0.035870 0.079597 0.035870
1 0.090563 0.052426 0.095159 0.052426 0.095159 0.056159 0.090563 0.056159
1 0.199782 0.677004 0.202717 0.677004 0.202717 0.679834 0.199782 0.679834
1 0.208274 0.673829 0.211658 0.673829 0.211658 0.676262 0.208274 0.676262
1 0.202368 0.678017 0.205900 0.678017 0.205900 0.681086 0.202368 0.681086
1 0.283471 0.666448 0.287162 0.666448 0.287162 0.668884 0.283471 0.668884
1 0.292143 0.675049 0.296263 0.675049 0.296263 0.677641 0.292143 0.677641
1 0.368169 0.521360 0.371110 0.521360 0.371110 0.524758 0.368169 0.524758
2 0.679234 0.057531 0.686448 0.057531 0.686448 0.063613 0.679234 0.063613
1 0.460168 0.008652 0.464930 0.008652 0.464930 0.011351 0.460168 0.011351
1 0.439198 0.017207 0.443103 0.017207 0.443103 0.020136 0.439198 0.020136
1 0.399289 0.045989 0.403598 0.045989 0.403598 0.048900 0.399289 0.048900
1 0.043824 0.052732 0.048216 0.052732 0.048216 0.055546 0.043824 0.055546
1 0.053993 0.049345 0.059022 0.049345 0.059022 0.052561 0.053993 0.052561
1 0.065849 0.047765 0.070074 0.047765 0.070074 0.050981 0.065849 0.050981
1 0.112104 0.016487 0.115855 0.016487 0.115855 0.020076 0.112104 0.020076
1 0.120835 0.003807 0.123843 0.003807 0.123843 0.009230 0.120835 0.009230
