0 0.567705 0.882266 0.570235 0.880469 0.582908 0.901023 0.580378 0.902820
0 0.572300 0.880543 0.574829 0.878746 0.586142 0.897093 0.583613 0.898890
2 0.402508 0.428381 0.408137 0.428381 0.408137 0.432748 0.402508 0.432748
2 0.397269 0.609494 0.402083 0.609494 0.402083 0.613720 0.397269 0.613720
2 0.417014 0.572875 0.422255 0.572875 0.422255 0.576890 0.417014 0.576890
2 0.173585 0.596851 0.178423 0.596851 0.178423 0.601118 0.173585 0.601118
2 0.171166 0.585630 0.176587 0.585630 0.176587 0.589634 0.171166 0.589634
2 0.785957 0.963699 0.790939 0.963699 0.790939 0.968140 0.785957 0.968140
2 0.786473 0.748017 0.791253 0.748017 0.791253 0.751828 0.786473 0.751828
2 0.792690 0.745611 0.797966 0.745611 0.797966 0.749840 0.792690 0.749840
2 0.833365 0.761283 0.839021 0.761283 0.839021 0.765690 0.833365 0.765690
0 0.537496 0.984720 0.551653 0.976434 0.553106 0.979295 0.538949 0.987581
0 0.552078 0.975898 0.561570 0.969920 0.562594 0.971794 0.553102 0.977772
2 0.904616 0.772059 0.908978 0.772059 0.908978 0.775719 0.904616 0.775719
0 0.556413 0.885627 0.558827 0.883624 0.576098 0.907612 0.573684 0.909615
0 0.560706 0.882531 0.562903 0.880760 0.579069 0.903873 0.576872 0.905644
2 0.364888 0.552762 0.370437 0.552762 0.370437 0.557135 0.364888 0.557135
2 0.432910 0.693529 0.437698 0.693529 0.437698 0.697852 0.432910 0.697852
2 0.526166 0.892487 0.532359 0.892487 0.532359 0.897034 0.526166 0.897034
2 0.331622 0.485596 0.336095 0.485596 0.336095 0.489794 0.331622 0.489794
2 0.321161 0.463589 0.325645 0.463589 0.325645 0.467891 0.321161 0.467891
2 0.315615 0.478420 0.320238 0.478420 0.320238 0.482996 0.315615 0.482996
2 0.241668 0.410474 0.247636 0.410474 0.247636 0.415619 0.241668 0.415619
2 0.239102 0.391173 0.244874 0.391173 0.244874 0.396823 0.239102 0.396823
2 0.209582 0.396093 0.215807 0.396093 0.215807 0.401917 0.209582 0.401917
2 0.343619 0.309168 0.348891 0.309168 0.348891 0.313774 0.343619 0.313774
0 0.555470 0.893069 0.557730 0.891255 0.571906 0.911597 0.569646 0.913412
2 0.350129 0.554402 0.354927 0.554402 0.354927 0.558733 0.350129 0.558733
2 0.427569 0.680536 0.432259 0.680536 0.432259 0.684540 0.427569 0.684540
0 0.583613 0.875169 0.585005 0.874079 0.589969 0.881388 0.588577 0.882478
0 0.577815 0.878714 0.579955 0.877099 0.590971 0.893924 0.588831 0.895538
0 0.579230 0.908406 0.582952 0.906677 0.592210 0.929643 0.588488 0.931373
0 0.574271 0.912009 0.578136 0.909913 0.587939 0.930744 0.584074 0.932840
0 0.569797 0.915055 0.572474 0.913527 0.581129 0.931001 0.578452 0.932529
1 0.100455 0.728745 0.103204 0.733521 0.099649 0.735879 0.096900 0.731102
1 0.342074 0.357088 0.339027 0.349671 0.343228 0.347682 0.346275 0.355098
1 0.744446 0.878691 0.748826 0.876858 0.750287 0.880881 0.745908 0.882714
1 0.813970 0.916437 0.819030 0.916276 0.819145 0.920449 0.814085 0.920610
1 0.825154 0.917120 0.829512 0.916057 0.830668 0.921518 0.826310 0.922581
2 0.136442 0.935385 0.140982 0.935385 0.140982 0.939553 0.136442 0.939553
2 0.011870 0.736954 0.017320 0.736954 0.017320 0.741186 0.011870 0.741186
2 0.038553 0.708956 0.044228 0.708956 0.044228 0.714384 0.038553 0.714384
0 0.584727 0.905642 0.586363 0.904412 0.593183 0.914869 0.591547 0.916099
2 0.106923 0.793518 0.111523 0.793518 0.111523 0.797338 0.106923 0.797338
1 0.384368 0.342196 0.382026 0.336951 0.385892 0.334962 0.388234 0.340207
1 0.514157 0.992454 0.513624 0.987971 0.520284 0.987058 0.520817 0.991541
2 0.349963 0.540262 0.354759 0.540289 0.354738 0.544618 0.349941 0.544591
1 0.332020 0.290253 0.334508 0.295194 0.330119 0.297740 0.327632 0.292799
1 0.645008 0.069046 0.640698 0.065914 0.642777 0.062617 0.647087 0.065749
2 0.488918 0.557990 0.494637 0.558027 0.494609 0.563169 0.488889 0.563132
2 0.386743 0.598517 0.391146 0.598568 0.391103 0.602832 0.386700 0.602781
2 0.298985 0.349600 0.293788 0.349565 0.293818 0.344587 0.299014 0.344622
2 0.512555 0.891636 0.517029 0.891686 0.516988 0.895907 0.512514 0.895857
2 0.381168 0.244270 0.386600 0.244318 0.386561 0.249296 0.381130 0.249248
2 0.543439 0.771253 0.539314 0.771182 0.539364 0.767838 0.543489 0.767909
2 0.224164 0.566630 0.219669 0.566576 0.219713 0.562270 0.224209 0.562324
2 0.356758 0.451980 0.352730 0.451921 0.352779 0.447990 0.356807 0.448048
2 0.376968 0.424876 0.382644 0.424876 0.382644 0.429215 0.376968 0.429215
2 0.911667 0.764901 0.917328 0.764901 0.917328 0.769365 0.911667 0.769365
2 0.080893 0.784240 0.085002 0.784240 0.085002 0.788569 0.080893 0.788569
2 0.044486 0.811961 0.049074 0.811961 0.049074 0.815797 0.044486 0.815797
2 0.184011 0.730517 0.189152 0.730517 0.189152 0.735534 0.184011 0.735534
2 0.811735 0.098825 0.817028 0.098857 0.817003 0.103514 0.811711 0.103483
1 0.812996 0.882931 0.816715 0.878481 0.819722 0.881376 0.816004 0.885827
0 0.587652 0.882573 0.588912 0.881611 0.592763 0.887429 0.591503 0.888390
0 0.556327 0.903923 0.558491 0.902682 0.569215 0.924242 0.567051 0.925483
