8 0.499921 0.994632 0.493213 0.994601 0.493249 0.985617 0.499957 0.985648
1 0.375912 0.056188 0.369917 0.053080 0.371626 0.049279 0.377621 0.052387
8 0.705048 0.820457 0.689924 0.820358 0.690000 0.806884 0.705124 0.806983
2 0.773153 0.658785 0.778396 0.658785 0.778396 0.662729 0.773153 0.662729
2 0.273724 0.814410 0.279100 0.814410 0.279100 0.818518 0.273724 0.818518
2 0.830303 0.426510 0.835835 0.426510 0.835835 0.430938 0.830303 0.430938
2 0.336552 0.004275 0.342561 0.004275 0.342561 0.008771 0.336552 0.008771
2 0.390870 0.692288 0.395908 0.692288 0.395908 0.697492 0.390870 0.697492
2 0.014317 0.069988 0.019697 0.069988 0.019697 0.073990 0.014317 0.073990
8 0.316386 0.808569 0.305872 0.808387 0.306038 0.797385 0.316551 0.797567
8 0.120520 0.653208 0.112784 0.653075 0.112899 0.645385 0.120635 0.645518
8 0.081873 0.597211 0.073616 0.597149 0.073674 0.588277 0.081931 0.588340
8 0.759851 0.725607 0.759890 0.715289 0.767514 0.715322 0.767476 0.725640
8 0.795928 0.632948 0.802620 0.633001 0.802576 0.639432 0.795884 0.639379
8 0.366544 0.725366 0.375894 0.725365 0.375895 0.732061 0.366544 0.732063
