13 0.571310 0.446528 0.585725 0.446528 0.585725 0.459297 0.571310 0.459297
13 0.833423 0.045384 0.845153 0.045384 0.845153 0.053413 0.833423 0.053413
13 0.840265 0.714706 0.853859 0.714706 0.853859 0.723291 0.840265 0.723291
13 0.490534 0.272032 0.505428 0.272032 0.505428 0.281929 0.490534 0.281929
13 0.948939 0.951878 0.961298 0.951878 0.961298 0.961158 0.948939 0.961158
13 0.910300 0.987061 0.920098 0.987061 0.920098 0.994075 0.910300 0.994075
13 0.323173 0.296330 0.336233 0.296330 0.336233 0.308057 0.323173 0.308057
13 0.118282 0.052183 0.133672 0.052183 0.133672 0.062085 0.118282 0.062085
13 0.291459 0.128965 0.307686 0.128965 0.307686 0.142570 0.291459 0.142570
4 0.920256 0.808303 0.934073 0.808303 0.934073 0.818688 0.920256 0.818688
4 0.949943 0.180740 0.965017 0.180740 0.965017 0.192808 0.949943 0.192808
4 0.899470 0.738041 0.913025 0.738041 0.913025 0.749380 0.899470 0.749380
