4 0.724929 0.459606 0.734115 0.459606 0.734115 0.468247 0.724929 0.468247
4 0.956901 0.225357 0.965983 0.225357 0.965983 0.233928 0.956901 0.233928
4 0.109242 0.325232 0.118006 0.325232 0.118006 0.333747 0.109242 0.333747
4 0.966806 0.519887 0.975228 0.519887 0.975228 0.528736 0.966806 0.528736
4 0.845110 0.691744 0.853799 0.691744 0.853799 0.697615 0.845110 0.697615
4 0.795816 0.696623 0.805120 0.696623 0.805120 0.702990 0.795816 0.702990
4 0.865762 0.869776 0.874541 0.869776 0.874541 0.876941 0.865762 0.876941
4 0.662328 0.889951 0.670555 0.889951 0.670555 0.895829 0.662328 0.895829
4 0.698979 0.874731 0.708982 0.874731 0.708982 0.879484 0.698979 0.879484
6 0.762246 0.285347 0.768921 0.285347 0.768921 0.289933 0.762246 0.289933
4 0.029494 0.122791 0.037697 0.122791 0.037697 0.130509 0.029494 0.130509
4 0.114955 0.262327 0.124184 0.262327 0.124184 0.270760 0.114955 0.270760
4 0.304115 0.123337 0.313023 0.123337 0.313023 0.131535 0.304115 0.131535
4 0.343943 0.161410 0.350737 0.161410 0.350737 0.168706 0.343943 0.168706
4 0.395661 0.176287 0.403094 0.176287 0.403094 0.183314 0.395661 0.183314
4 0.573911 0.250576 0.582678 0.250576 0.582678 0.258911 0.573911 0.258911
4 0.623632 0.190743 0.632292 0.190743 0.632292 0.198803 0.623632 0.198803
4 0.663423 0.384236 0.672130 0.384236 0.672130 0.392108 0.663423 0.392108
4 0.605657 0.395850 0.613118 0.395850 0.613118 0.403126 0.605657 0.403126
4 0.679915 0.445706 0.687682 0.445706 0.687682 0.453314 0.679915 0.453314
4 0.638312 0.457779 0.645156 0.457779 0.645156 0.464889 0.638312 0.464889
4 0.662791 0.469261 0.669841 0.469261 0.669841 0.476496 0.662791 0.476496
4 0.574903 0.055174 0.583441 0.055174 0.583441 0.064271 0.574903 0.064271
4 0.368851 0.650036 0.360865 0.649954 0.360923 0.643428 0.368909 0.643510
4 0.009745 0.489972 0.017680 0.489972 0.017680 0.497511 0.009745 0.497511
11 0.664916 0.407052 0.669813 0.407052 0.669813 0.413603 0.664916 0.413603
4 0.862823 0.619336 0.862848 0.626345 0.855572 0.626375 0.855547 0.619366
4 0.829651 0.522439 0.829670 0.528065 0.823364 0.528089 0.823346 0.522463
4 0.495811 0.017509 0.502725 0.017681 0.502619 0.022632 0.495705 0.022460
4 0.499142 0.736438 0.491345 0.736156 0.491566 0.729083 0.499364 0.729365
4 0.366100 0.606595 0.373996 0.606683 0.373936 0.612837 0.366040 0.612749
4 0.722889 0.055334 0.731113 0.055544 0.730943 0.063249 0.722719 0.063039
4 0.649737 0.426034 0.657644 0.426099 0.657589 0.433913 0.649681 0.433848
4 0.487829 0.761562 0.487845 0.769492 0.479963 0.769510 0.479947 0.761580
4 0.646718 0.636943 0.655099 0.636943 0.655099 0.644630 0.646718 0.644630
4 0.429628 0.750927 0.437928 0.750927 0.437928 0.758691 0.429628 0.758691
4 0.329276 0.523636 0.336967 0.523636 0.336967 0.531243 0.329276 0.531243
4 0.231959 0.428895 0.240674 0.428895 0.240674 0.437093 0.231959 0.437093
4 0.255595 0.463633 0.262747 0.463633 0.262747 0.470414 0.255595 0.470414
4 0.729563 0.235012 0.737934 0.235012 0.737934 0.242767 0.729563 0.242767
