4 0.155723 0.816642 0.162166 0.816750 0.162096 0.821573 0.155653 0.821465
4 0.704949 0.453862 0.704961 0.461225 0.698377 0.461238 0.698365 0.453875
4 0.168375 0.811210 0.168360 0.807398 0.177334 0.807358 0.177349 0.811170
4 0.190079 0.748720 0.190040 0.742641 0.196606 0.742593 0.196645 0.748671
4 0.732127 0.545057 0.732096 0.538707 0.738975 0.538668 0.739006 0.545018
4 0.447241 0.466185 0.439890 0.466101 0.439942 0.460820 0.447294 0.460904
4 0.911921 0.325510 0.918388 0.325672 0.918269 0.331139 0.911802 0.330977
4 0.751253 0.505949 0.751305 0.513072 0.744290 0.513131 0.744238 0.506008
4 0.168906 0.082456 0.177692 0.082456 0.177692 0.089499 0.168906 0.089499
4 0.031747 0.418112 0.041535 0.418112 0.041535 0.427123 0.031747 0.427123
4 0.089781 0.336009 0.097179 0.336009 0.097179 0.343038 0.089781 0.343038
4 0.051172 0.143516 0.060421 0.143516 0.060421 0.152197 0.051172 0.152197
4 0.610558 0.701684 0.610503 0.694649 0.616944 0.694591 0.616999 0.701626
