11 0.559883 0.235256 0.564775 0.235256 0.564775 0.240711 0.559883 0.240711
4 0.690018 0.194733 0.697581 0.194733 0.697581 0.202666 0.690018 0.202666
4 0.523251 0.868736 0.529910 0.868742 0.529905 0.874811 0.523247 0.874805
4 0.602076 0.112682 0.610187 0.112761 0.610128 0.119703 0.602016 0.119624
4 0.573900 0.725760 0.581442 0.725760 0.581442 0.732631 0.573900 0.732631
4 0.625027 0.699385 0.632457 0.699385 0.632457 0.706289 0.625027 0.706289
4 0.836193 0.032517 0.843952 0.032517 0.843952 0.039669 0.836193 0.039669
4 0.734285 0.135955 0.741370 0.135955 0.741370 0.142892 0.734285 0.142892
4 0.607493 0.328169 0.614678 0.328169 0.614678 0.334547 0.607493 0.334547
4 0.374988 0.638660 0.382026 0.638660 0.382026 0.645244 0.374988 0.645244
4 0.649284 0.280277 0.655999 0.280277 0.655999 0.286864 0.649284 0.286864
4 0.430294 0.537033 0.438156 0.537033 0.438156 0.543798 0.430294 0.543798
4 0.564166 0.044601 0.571440 0.044601 0.571440 0.050679 0.564166 0.050679
2 0.273568 0.696862 0.267271 0.696831 0.267296 0.690976 0.273592 0.691007
4 0.679729 0.611274 0.672699 0.611193 0.672776 0.603460 0.679806 0.603541
3 0.714977 0.736413 0.710743 0.736354 0.710796 0.731985 0.715030 0.732044
4 0.100670 0.971866 0.093259 0.971693 0.093363 0.966567 0.100774 0.966740
4 0.625439 0.031685 0.633658 0.031685 0.633658 0.038646 0.625439 0.038646
4 0.514306 0.460974 0.522168 0.460974 0.522168 0.469409 0.514306 0.469409
11 0.919838 0.533322 0.923851 0.533322 0.923851 0.538892 0.919838 0.538892
3 0.751757 0.715228 0.755770 0.715228 0.755770 0.719247 0.751757 0.719247
11 0.491187 0.395308 0.502083 0.395308 0.502083 0.404078 0.491187 0.404078
11 0.569618 0.291495 0.575986 0.291495 0.575986 0.301657 0.569618 0.301657
