1 0.026742 0.599417 0.035382 0.591357 0.037726 0.594251 0.029086 0.602311
1 0.593801 0.515405 0.586027 0.520339 0.583939 0.516549 0.591713 0.511615
1 0.576852 0.485882 0.568687 0.491189 0.566345 0.487038 0.574510 0.481731
2 0.617537 0.420091 0.623918 0.420091 0.623918 0.425423 0.617537 0.425423
1 0.619155 0.736564 0.627062 0.730622 0.629513 0.734378 0.621605 0.740320
1 0.619526 0.723387 0.626438 0.717096 0.628870 0.720174 0.621958 0.726464
1 0.611988 0.718148 0.617854 0.710881 0.620449 0.713293 0.614583 0.720560
1 0.606719 0.708284 0.612812 0.702932 0.615600 0.706587 0.609507 0.711939
1 0.594402 0.545475 0.586825 0.551920 0.584170 0.548325 0.591747 0.541880
1 0.622897 0.545021 0.615559 0.551130 0.612924 0.547485 0.620263 0.541376
1 0.591104 0.570250 0.586214 0.574204 0.583668 0.570578 0.588558 0.566624
1 0.596554 0.579182 0.589381 0.584297 0.587086 0.580589 0.594259 0.575475
1 0.590311 0.587026 0.599400 0.580322 0.602900 0.585787 0.593812 0.592491
1 0.593211 0.591597 0.601369 0.586643 0.603224 0.590162 0.595066 0.595115
3 0.723537 0.669866 0.727888 0.669866 0.727888 0.673965 0.723537 0.673965
1 0.678121 0.719034 0.687557 0.714483 0.689084 0.718130 0.679648 0.722681
1 0.698872 0.712453 0.708511 0.707295 0.710321 0.711191 0.700682 0.716349
1 0.691141 0.736363 0.700242 0.730994 0.701900 0.734230 0.692799 0.739600
1 0.697977 0.748350 0.706398 0.742877 0.708413 0.746446 0.699991 0.751920
1 0.719667 0.762923 0.726424 0.758903 0.728146 0.762239 0.721390 0.766258
1 0.661490 0.706373 0.671545 0.702100 0.673104 0.706325 0.663048 0.710597
1 0.624158 0.704150 0.631619 0.698268 0.633786 0.701433 0.626324 0.707315
1 0.630764 0.713089 0.636887 0.704649 0.639945 0.707204 0.633822 0.715644
1 0.609043 0.671188 0.616355 0.666227 0.618453 0.669788 0.611141 0.674749
1 0.585441 0.664279 0.592559 0.657937 0.595008 0.661104 0.587890 0.667446
1 0.669322 0.751903 0.676801 0.746220 0.679028 0.749595 0.671549 0.755278
1 0.654316 0.743936 0.662141 0.738523 0.664077 0.741746 0.656251 0.747159
1 0.646987 0.731169 0.654749 0.725508 0.656840 0.728810 0.649078 0.734471
1 0.638084 0.757261 0.645149 0.752449 0.646949 0.755492 0.639883 0.760304
1 0.635769 0.775754 0.643233 0.771111 0.644914 0.774225 0.637451 0.778868
1 0.948845 0.288821 0.938924 0.294845 0.936189 0.289656 0.946110 0.283633
1 0.957572 0.266120 0.950033 0.271454 0.947498 0.267329 0.955037 0.261994
1 0.933178 0.159527 0.925770 0.163508 0.924076 0.159878 0.931484 0.155897
1 0.867975 0.491144 0.876135 0.486290 0.879057 0.491947 0.870897 0.496801
1 0.902259 0.408577 0.910135 0.403213 0.912353 0.406964 0.904477 0.412327
1 0.898745 0.397946 0.907104 0.392209 0.909061 0.395494 0.900703 0.401231
1 0.896955 0.391174 0.903954 0.384291 0.906308 0.387047 0.899308 0.393930
1 0.966095 0.394291 0.974410 0.388844 0.976419 0.392376 0.968104 0.397823
1 0.912027 0.366761 0.920025 0.360817 0.923764 0.366611 0.915766 0.372554
1 0.899141 0.365989 0.907050 0.359708 0.909500 0.363261 0.901591 0.369541
1 0.982492 0.381235 0.989962 0.376437 0.991698 0.379549 0.984227 0.384347
1 0.990618 0.188506 0.982836 0.194754 0.980073 0.190790 0.987855 0.184542
1 0.983922 0.179946 0.976964 0.185511 0.974290 0.181661 0.981247 0.176096
1 0.986109 0.166124 0.978774 0.170910 0.976400 0.166719 0.983735 0.161933
1 0.961923 0.171990 0.954533 0.178739 0.951810 0.175306 0.959200 0.168556
1 0.989520 0.138287 0.981333 0.144036 0.978955 0.140136 0.987142 0.134387
1 0.970882 0.132106 0.962837 0.138803 0.959925 0.134774 0.967970 0.128077
1 0.960157 0.496248 0.967682 0.491122 0.969837 0.494765 0.962311 0.499891
1 0.920136 0.515085 0.927819 0.508432 0.930334 0.511778 0.922652 0.518430
1 0.935139 0.513873 0.925976 0.522153 0.923800 0.519380 0.932963 0.511100
1 0.944133 0.524986 0.935489 0.531505 0.933659 0.528711 0.942303 0.522192
1 0.935807 0.528152 0.945075 0.521790 0.947178 0.525318 0.937909 0.531679
1 0.932601 0.538662 0.940525 0.532066 0.942805 0.535222 0.934882 0.541817
1 0.937409 0.541136 0.946035 0.534361 0.948370 0.537785 0.939744 0.544560
1 0.809240 0.516352 0.817116 0.510586 0.819315 0.514045 0.811439 0.519811
1 0.783807 0.498587 0.792295 0.492137 0.796271 0.498162 0.787783 0.504612
1 0.709195 0.485198 0.716457 0.479494 0.718874 0.483038 0.711612 0.488742
1 0.946152 0.590598 0.955665 0.584440 0.957652 0.587976 0.948139 0.594134
1 0.954167 0.595207 0.961842 0.588864 0.964229 0.592190 0.956553 0.598533
1 0.912064 0.607013 0.920507 0.599437 0.923709 0.603547 0.915266 0.611123
1 0.818666 0.659477 0.828373 0.654261 0.831484 0.660928 0.821777 0.666144
1 0.780102 0.668300 0.789519 0.662652 0.793103 0.669534 0.783686 0.675181
1 0.782857 0.652571 0.791898 0.646879 0.794217 0.651122 0.785177 0.656814
1 0.691412 0.693706 0.699798 0.689278 0.701722 0.693474 0.693336 0.697902
1 0.702369 0.673911 0.710183 0.668191 0.713164 0.672882 0.705351 0.678602
1 0.909277 0.953542 0.917637 0.945293 0.919535 0.947509 0.911176 0.955758
1 0.898933 0.948044 0.906380 0.940746 0.908445 0.943173 0.900997 0.950471
1 0.883675 0.941901 0.892615 0.935526 0.894729 0.938939 0.885788 0.945314
1 0.888539 0.949691 0.881482 0.956486 0.879204 0.953762 0.886261 0.946967
1 0.855513 0.916973 0.863766 0.912654 0.865383 0.916213 0.857131 0.920533
1 0.624599 0.775959 0.631670 0.769704 0.633686 0.772328 0.626615 0.778583
1 0.613544 0.763202 0.621636 0.758066 0.623312 0.761108 0.615220 0.766244
1 0.602823 0.773969 0.609980 0.768244 0.612361 0.771673 0.605204 0.777398
1 0.608571 0.781529 0.615255 0.776691 0.617525 0.780303 0.610841 0.785141
1 0.588884 0.742755 0.596126 0.735406 0.599007 0.738675 0.591765 0.746025
1 0.560441 0.757729 0.567253 0.750571 0.569860 0.753428 0.563048 0.760586
1 0.570186 0.778719 0.578146 0.771727 0.580543 0.774870 0.572583 0.781862
1 0.484107 0.380624 0.475569 0.386372 0.472959 0.381908 0.481498 0.376160
1 0.494767 0.389756 0.486994 0.395382 0.484429 0.391301 0.492202 0.385675
1 0.501665 0.395626 0.493746 0.402123 0.491115 0.398429 0.499033 0.391932
1 0.532780 0.404039 0.523585 0.410821 0.520902 0.406632 0.530097 0.399850
1 0.537209 0.420019 0.530946 0.425365 0.528522 0.422094 0.534784 0.416748
1 0.541557 0.429051 0.533880 0.434140 0.531651 0.430268 0.539329 0.425179
1 0.545324 0.441087 0.537324 0.445847 0.535216 0.441766 0.543216 0.437007
1 0.553318 0.452377 0.544733 0.457697 0.542723 0.453961 0.551309 0.448642
1 0.564119 0.463579 0.555417 0.468992 0.553307 0.465086 0.562009 0.459672
1 0.470457 0.378383 0.478018 0.372681 0.479976 0.375669 0.472414 0.381372
1 0.515114 0.470191 0.508558 0.477476 0.505635 0.474446 0.512190 0.467161
1 0.528063 0.463282 0.520890 0.470435 0.518139 0.467258 0.525312 0.460105
1 0.506645 0.475572 0.513615 0.467799 0.516446 0.470723 0.509476 0.478496
1 0.529713 0.518904 0.521924 0.526837 0.518725 0.523219 0.526514 0.515287
1 0.555142 0.536793 0.546658 0.544820 0.543894 0.541455 0.552377 0.533429
1 0.546506 0.541441 0.554320 0.533970 0.557158 0.537389 0.549344 0.544860
1 0.558344 0.591900 0.550857 0.598642 0.548000 0.594989 0.555487 0.588247
1 0.546023 0.603102 0.553713 0.596747 0.557422 0.601916 0.549732 0.608271
1 0.557324 0.607076 0.549998 0.613043 0.547919 0.610102 0.555244 0.604136
1 0.545915 0.613303 0.552685 0.607525 0.554634 0.610156 0.547865 0.615934
1 0.546376 0.617912 0.553722 0.611709 0.555893 0.614670 0.548548 0.620874
1 0.705061 0.341365 0.697265 0.347670 0.694642 0.343936 0.702439 0.337631
1 0.669993 0.419250 0.663591 0.425954 0.660810 0.422894 0.667211 0.416191
1 0.626315 0.405518 0.620127 0.410688 0.617391 0.406916 0.623580 0.401746
1 0.642131 0.396025 0.634147 0.402091 0.632126 0.399027 0.640109 0.392961
1 0.630215 0.384407 0.623974 0.390027 0.621544 0.386920 0.627785 0.381300
1 0.604554 0.380036 0.597106 0.386863 0.594727 0.383874 0.602175 0.377047
1 0.591921 0.374612 0.585166 0.380074 0.582788 0.376687 0.589542 0.371225
1 0.581563 0.365078 0.573516 0.372880 0.570635 0.369459 0.578682 0.361656
1 0.573395 0.356009 0.565946 0.362077 0.563448 0.358545 0.570898 0.352477
1 0.569049 0.335387 0.561871 0.339924 0.560095 0.336688 0.567273 0.332150
1 0.547121 0.334536 0.539818 0.340003 0.537387 0.336264 0.544691 0.330796
1 0.509931 0.318669 0.518139 0.314219 0.519828 0.317807 0.511620 0.322257
1 0.540984 0.321149 0.533651 0.326537 0.531496 0.323159 0.538828 0.317770
1 0.566824 0.320734 0.560139 0.323677 0.558553 0.319528 0.565239 0.316585
1 0.849743 0.084507 0.841636 0.090093 0.839093 0.085842 0.847200 0.080256
1 0.801563 0.124294 0.793729 0.130561 0.791009 0.126645 0.798843 0.120379
1 0.814011 0.135364 0.806157 0.140985 0.803627 0.136913 0.811480 0.131292
1 0.813097 0.149511 0.806433 0.157289 0.802772 0.153675 0.809436 0.145898
1 0.818478 0.152241 0.811774 0.160316 0.807926 0.156638 0.814631 0.148563
1 0.798811 0.155351 0.790996 0.161512 0.788315 0.157596 0.796131 0.151435
1 0.793941 0.146407 0.786045 0.152956 0.783630 0.149603 0.791526 0.143054
1 0.758328 0.201972 0.750809 0.209262 0.747256 0.205043 0.754775 0.197752
1 0.760441 0.214647 0.753095 0.221846 0.749627 0.217770 0.756973 0.210571
1 0.745987 0.222642 0.736962 0.228648 0.734356 0.224138 0.743382 0.218132
1 0.744590 0.238752 0.735824 0.245363 0.733069 0.241156 0.741835 0.234544
1 0.736235 0.251323 0.728887 0.257551 0.726152 0.253835 0.733500 0.247607
1 0.729899 0.281408 0.721676 0.287249 0.719276 0.283359 0.727500 0.277518
1 0.729904 0.295429 0.723291 0.302728 0.720581 0.299900 0.727194 0.292602
1 0.703782 0.312578 0.696728 0.317899 0.694352 0.314272 0.701406 0.308951
1 0.721190 0.321704 0.714092 0.329138 0.711354 0.326127 0.718453 0.318693
1 0.747337 0.299988 0.739582 0.305250 0.737119 0.301068 0.744874 0.295807
1 0.756528 0.308132 0.748288 0.314604 0.745496 0.310510 0.753736 0.304037
1 0.805896 0.304843 0.797674 0.310124 0.794682 0.304759 0.802904 0.299478
1 0.800173 0.354558 0.792185 0.360319 0.789858 0.356603 0.797846 0.350842
1 0.812713 0.359602 0.806199 0.365985 0.803313 0.362593 0.809826 0.356210
1 0.818401 0.365212 0.810857 0.371138 0.808136 0.367149 0.815681 0.361223
1 0.767421 0.366201 0.758960 0.372896 0.756629 0.369503 0.765090 0.362809
1 0.755615 0.385927 0.749842 0.391664 0.747161 0.388557 0.752934 0.382820
1 0.751579 0.397877 0.759491 0.392612 0.761636 0.396325 0.753724 0.401590
1 0.761009 0.406413 0.767657 0.401637 0.769588 0.404732 0.762940 0.409508
1 0.784224 0.422400 0.791189 0.416283 0.793887 0.419821 0.786922 0.425938
1 0.793187 0.435147 0.799696 0.427838 0.803842 0.432090 0.797333 0.439400
1 0.790168 0.447189 0.796961 0.441072 0.800818 0.446003 0.794025 0.452120
1 0.739380 0.438869 0.731565 0.444829 0.728883 0.440778 0.736697 0.434818
1 0.480730 0.372741 0.471854 0.378419 0.469994 0.375070 0.478870 0.369391
1 0.469013 0.369889 0.476971 0.365594 0.478610 0.369091 0.470652 0.373387
1 0.965115 0.044528 0.958703 0.050221 0.955667 0.046283 0.962080 0.040590
1 0.874905 0.068969 0.868527 0.076309 0.864750 0.072529 0.871128 0.065189
1 0.895601 0.074510 0.888806 0.080436 0.885982 0.076707 0.892777 0.070781
1 0.888441 0.059608 0.881031 0.065579 0.878117 0.061413 0.885527 0.055443
1 0.883759 0.047041 0.874684 0.053246 0.872240 0.049129 0.881315 0.042925
13 0.036726 0.200327 0.041897 0.200327 0.041897 0.205395 0.036726 0.205395
13 0.196612 0.826218 0.201832 0.826218 0.201832 0.830955 0.196612 0.830955
13 0.202844 0.862443 0.208373 0.862443 0.208373 0.866223 0.202844 0.866223
13 0.289868 0.907983 0.295914 0.907983 0.295914 0.913559 0.289868 0.913559
13 0.478555 0.850318 0.483262 0.850318 0.483262 0.854804 0.478555 0.854804
13 0.439497 0.859735 0.444634 0.859735 0.444634 0.864851 0.439497 0.864851
13 0.459811 0.849880 0.465205 0.849880 0.465205 0.853351 0.459811 0.853351
13 0.534369 0.818542 0.540371 0.818542 0.540371 0.822827 0.534369 0.822827
13 0.547925 0.807445 0.554361 0.807445 0.554361 0.813515 0.547925 0.813515
13 0.517572 0.419213 0.523869 0.419213 0.523869 0.423290 0.517572 0.423290
13 0.557236 0.518729 0.563283 0.518729 0.563283 0.523003 0.557236 0.523003
13 0.532459 0.512825 0.538706 0.512825 0.538706 0.516885 0.532459 0.516885
13 0.555247 0.494437 0.561111 0.494437 0.561111 0.500307 0.555247 0.500307
13 0.558799 0.479223 0.564348 0.479223 0.564348 0.483026 0.558799 0.483026
13 0.605571 0.630161 0.611303 0.630161 0.611303 0.635926 0.605571 0.635926
13 0.688637 0.743309 0.695218 0.743309 0.695218 0.748711 0.688637 0.748711
13 0.734811 0.856307 0.740482 0.856307 0.740482 0.861998 0.734811 0.861998
13 0.799235 0.962546 0.804767 0.962546 0.804767 0.966620 0.799235 0.966620
13 0.875109 0.957386 0.879987 0.957386 0.879987 0.962277 0.875109 0.962277
13 0.806059 0.988275 0.811368 0.988275 0.811368 0.993113 0.806059 0.993113
13 0.966123 0.932736 0.971367 0.932736 0.971367 0.937330 0.966123 0.937330
13 0.928667 0.626277 0.935351 0.626277 0.935351 0.630894 0.928667 0.630894
13 0.938401 0.591903 0.944335 0.591903 0.944335 0.597072 0.938401 0.597072
13 0.962971 0.511338 0.969268 0.511338 0.969268 0.516794 0.962971 0.516794
13 0.809512 0.289869 0.816513 0.289869 0.816513 0.296548 0.809512 0.296548
13 0.935657 0.335471 0.942104 0.335471 0.942104 0.340840 0.935657 0.340840
13 0.965945 0.268795 0.972280 0.268795 0.972280 0.274641 0.965945 0.274641
13 0.969940 0.284749 0.976939 0.284749 0.976939 0.289644 0.969940 0.289644
13 0.946085 0.206644 0.953420 0.206644 0.953420 0.213562 0.946085 0.213562
13 0.920791 0.178903 0.927903 0.178903 0.927903 0.183321 0.920791 0.183321
13 0.963277 0.155334 0.970504 0.155334 0.970504 0.161889 0.963277 0.161889
13 0.990687 0.114610 0.997465 0.114610 0.997465 0.119384 0.990687 0.119384
13 0.755382 0.045053 0.762039 0.045053 0.762039 0.049352 0.755382 0.049352
13 0.726647 0.049696 0.733082 0.049696 0.733082 0.055663 0.726647 0.055663
13 0.701129 0.064222 0.708008 0.064222 0.708008 0.070545 0.701129 0.070545
13 0.731085 0.065771 0.737631 0.065771 0.737631 0.071021 0.731085 0.071021
13 0.748947 0.065771 0.754051 0.065771 0.754051 0.070901 0.748947 0.070901
13 0.822725 0.123873 0.828051 0.123873 0.828051 0.130075 0.822725 0.130075
13 0.792550 0.057316 0.797652 0.057316 0.797652 0.062448 0.792550 0.062448
13 0.795766 0.064461 0.801757 0.064461 0.801757 0.069473 0.795766 0.069473
13 0.798651 0.079939 0.805086 0.079939 0.805086 0.084357 0.798651 0.084357
13 0.744287 0.101131 0.750278 0.101131 0.750278 0.106263 0.744287 0.106263
13 0.700908 0.136255 0.706344 0.136255 0.706344 0.141030 0.700908 0.141030
13 0.721655 0.120658 0.727201 0.120658 0.727201 0.127218 0.721655 0.127218
13 0.765145 0.201262 0.770028 0.201262 0.770028 0.206752 0.765145 0.206752
13 0.697315 0.178191 0.703638 0.178191 0.703638 0.184238 0.697315 0.184238
13 0.719445 0.215210 0.724909 0.215210 0.724909 0.219282 0.719445 0.219282
13 0.713733 0.235953 0.719836 0.235953 0.719836 0.240435 0.713733 0.240435
13 0.685867 0.217987 0.691609 0.217987 0.691609 0.222858 0.685867 0.222858
13 0.686608 0.281685 0.692255 0.281685 0.692255 0.287742 0.686608 0.287742
13 0.663401 0.299148 0.667847 0.299148 0.667847 0.303920 0.663401 0.303920
13 0.650827 0.335760 0.656847 0.335760 0.656847 0.341228 0.650827 0.341228
13 0.611627 0.374058 0.618570 0.374058 0.618570 0.379822 0.611627 0.379822
13 0.585404 0.337631 0.590573 0.337631 0.590573 0.342177 0.585404 0.342177
13 0.555664 0.339698 0.562066 0.339698 0.562066 0.344079 0.555664 0.344079
13 0.575156 0.332752 0.581482 0.332752 0.581482 0.338870 0.575156 0.338870
13 0.627009 0.297611 0.632717 0.297611 0.632717 0.303482 0.627009 0.303482
13 0.563292 0.273222 0.568230 0.273222 0.568230 0.278760 0.563292 0.278760
13 0.569300 0.274205 0.574857 0.274205 0.574857 0.279256 0.569300 0.279256
13 0.570226 0.288022 0.576320 0.288022 0.576320 0.294140 0.570226 0.294140
13 0.629165 0.261729 0.633796 0.261729 0.633796 0.266523 0.629165 0.266523
13 0.575286 0.219750 0.582099 0.219750 0.582099 0.223333 0.575286 0.223333
13 0.591337 0.205280 0.597379 0.205280 0.597379 0.209483 0.591337 0.209483
13 0.604627 0.198528 0.611183 0.198528 0.611183 0.203903 0.604627 0.203903
13 0.588153 0.139907 0.593168 0.139907 0.593168 0.144599 0.588153 0.144599
13 0.473677 0.137012 0.480296 0.137012 0.480296 0.140602 0.473677 0.140602
13 0.489855 0.142801 0.495384 0.142801 0.495384 0.147631 0.489855 0.147631
13 0.479989 0.181339 0.485558 0.181339 0.485558 0.186686 0.479989 0.186686
13 0.445259 0.162466 0.451204 0.162466 0.451204 0.168214 0.445259 0.168214
13 0.450823 0.172801 0.457302 0.172801 0.457302 0.177458 0.450823 0.177458
13 0.385376 0.212254 0.391861 0.212254 0.391861 0.217835 0.385376 0.217835
13 0.395778 0.235612 0.401941 0.235612 0.401941 0.241950 0.395778 0.241950
13 0.402968 0.263311 0.408682 0.263311 0.408682 0.267995 0.402968 0.267995
13 0.378885 0.268615 0.384927 0.268615 0.384927 0.274748 0.378885 0.274748
13 0.436990 0.341444 0.443674 0.341444 0.443674 0.347646 0.436990 0.347646
13 0.395212 0.370108 0.401248 0.370108 0.401248 0.374241 0.395212 0.374241
13 0.394377 0.414039 0.399128 0.414039 0.399128 0.418518 0.394377 0.418518
13 0.362660 0.402050 0.369146 0.402050 0.369146 0.408044 0.362660 0.408044
13 0.346237 0.477365 0.352800 0.477365 0.352800 0.483426 0.346237 0.483426
13 0.360844 0.486890 0.367315 0.486890 0.367315 0.492357 0.360844 0.492357
13 0.354372 0.535109 0.360011 0.535109 0.360011 0.540279 0.354372 0.540279
13 0.355851 0.551977 0.362045 0.551977 0.362045 0.555856 0.355851 0.555856
13 0.396809 0.532827 0.402634 0.532827 0.402634 0.537402 0.396809 0.537402
13 0.369442 0.543346 0.375914 0.543346 0.375914 0.548415 0.369442 0.548415
13 0.394956 0.605656 0.398622 0.605656 0.398622 0.610072 0.394956 0.610072
13 0.341409 0.638383 0.347450 0.638383 0.347450 0.642455 0.341409 0.642455
13 0.371842 0.624259 0.377691 0.624259 0.377691 0.628539 0.371842 0.628539
13 0.391118 0.658528 0.397514 0.658528 0.397514 0.663241 0.391118 0.663241
13 0.419702 0.657039 0.424941 0.657039 0.424941 0.661173 0.419702 0.661173
13 0.388498 0.693337 0.394354 0.693337 0.394354 0.698959 0.388498 0.698959
13 0.233848 0.658717 0.239951 0.658717 0.239951 0.664779 0.233848 0.664779
13 0.295330 0.662387 0.300138 0.662387 0.300138 0.668153 0.295330 0.668153
13 0.280260 0.655443 0.285716 0.655443 0.285716 0.660215 0.280260 0.660215
13 0.226360 0.567138 0.232924 0.567138 0.232924 0.572406 0.226360 0.572406
13 0.262509 0.577555 0.268241 0.577555 0.268241 0.582823 0.262509 0.582823
13 0.262437 0.560871 0.268295 0.560871 0.268295 0.566159 0.262437 0.566159
13 0.222603 0.414882 0.228741 0.414882 0.228741 0.421455 0.222603 0.421455
13 0.191689 0.090400 0.198759 0.090400 0.198759 0.096972 0.191689 0.096972
13 0.037301 0.039375 0.043303 0.039375 0.043303 0.045209 0.037301 0.045209
13 0.093827 0.026277 0.100594 0.026277 0.100594 0.031874 0.093827 0.031874
13 0.128802 0.145687 0.134535 0.145687 0.134535 0.150648 0.128802 0.150648
13 0.106612 0.251751 0.112899 0.251751 0.112899 0.257307 0.106612 0.257307
13 0.109941 0.282113 0.116414 0.282113 0.116414 0.287173 0.109941 0.287173
13 0.026884 0.405675 0.033176 0.405675 0.033176 0.410636 0.026884 0.410636
13 0.041329 0.419593 0.046980 0.419593 0.046980 0.424002 0.041329 0.424002
13 0.069972 0.492408 0.076271 0.492408 0.076271 0.495998 0.069972 0.495998
13 0.171276 0.527330 0.176832 0.527330 0.176832 0.531697 0.171276 0.531697
13 0.145111 0.540924 0.151222 0.540924 0.151222 0.546083 0.145111 0.546083
13 0.140766 0.580412 0.146137 0.580412 0.146137 0.586068 0.140766 0.586068
13 0.141967 0.558287 0.147524 0.558287 0.147524 0.564439 0.141967 0.564439
13 0.026123 0.603630 0.033344 0.603630 0.033344 0.608690 0.026123 0.608690
13 0.027047 0.629029 0.033251 0.629029 0.033251 0.635280 0.027047 0.635280
13 0.034813 0.650461 0.040369 0.650461 0.040369 0.656513 0.034813 0.656513
13 0.106835 0.659094 0.112299 0.659094 0.112299 0.664650 0.106835 0.664650
13 0.067449 0.665939 0.073469 0.665939 0.073469 0.671694 0.067449 0.671694
13 0.024273 0.684891 0.029460 0.684891 0.029460 0.691439 0.024273 0.691439
13 0.028988 0.727653 0.034544 0.727653 0.034544 0.732415 0.028988 0.732415
13 0.039159 0.767540 0.045639 0.767540 0.045639 0.771805 0.039159 0.771805
13 0.120906 0.740730 0.126555 0.740730 0.126555 0.745691 0.120906 0.745691
13 0.132013 0.949179 0.137605 0.949179 0.137605 0.953726 0.132013 0.953726
13 0.077075 0.820113 0.083931 0.820113 0.083931 0.824908 0.077075 0.824908
13 0.056272 0.849548 0.062974 0.849548 0.062974 0.853683 0.056272 0.853683
13 0.080773 0.863026 0.087167 0.863026 0.087167 0.869144 0.080773 0.869144
13 0.097568 0.869144 0.103116 0.869144 0.103116 0.875097 0.097568 0.875097
13 0.078230 0.881049 0.083855 0.881049 0.083855 0.885928 0.078230 0.885928
13 0.093407 0.920737 0.099263 0.920737 0.099263 0.926443 0.093407 0.926443
13 0.115519 0.960094 0.121298 0.960094 0.121298 0.964807 0.115519 0.964807
13 0.412768 0.782881 0.418700 0.782881 0.418700 0.787512 0.412768 0.787512
13 0.299121 0.827884 0.306611 0.827884 0.306611 0.832359 0.299121 0.832359
13 0.318075 0.751287 0.323715 0.751287 0.323715 0.756059 0.318075 0.756059
13 0.326118 0.761308 0.332590 0.761308 0.332590 0.767767 0.326118 0.767767
13 0.317613 0.778771 0.324917 0.778771 0.324917 0.784435 0.317613 0.784435
13 0.327875 0.805361 0.333884 0.805361 0.333884 0.810332 0.327875 0.810332
13 0.305316 0.797920 0.310771 0.797920 0.310771 0.802593 0.305316 0.802593
13 0.205003 0.784030 0.211012 0.784030 0.211012 0.789398 0.205003 0.789398
13 0.214803 0.713087 0.220812 0.713087 0.220812 0.718654 0.214803 0.718654
13 0.265838 0.760812 0.271663 0.760812 0.271663 0.765387 0.265838 0.765387
13 0.402675 0.763700 0.407914 0.763700 0.407914 0.769239 0.402675 0.769239
1 0.247987 0.899867 0.241939 0.906851 0.239010 0.903929 0.245057 0.896945
1 0.248433 0.908355 0.254498 0.900946 0.258147 0.904386 0.252082 0.911795
1 0.252362 0.911603 0.258815 0.904124 0.261603 0.906896 0.255151 0.914374
1 0.252311 0.920720 0.258989 0.912704 0.261389 0.915007 0.254711 0.923023
1 0.416877 0.971643 0.423838 0.966275 0.426100 0.969654 0.419140 0.975022
1 0.408901 0.954337 0.416040 0.949438 0.418044 0.952801 0.410905 0.957700
1 0.405605 0.944429 0.414229 0.938419 0.416542 0.942241 0.407918 0.948251
1 0.408983 0.929060 0.416991 0.922273 0.418988 0.924986 0.410980 0.931773
1 0.388582 0.921170 0.396381 0.916454 0.398362 0.920227 0.390563 0.924943
1 0.425084 0.916246 0.433004 0.910071 0.434566 0.912378 0.426646 0.918553
1 0.424676 0.905160 0.431080 0.900681 0.433134 0.904063 0.426730 0.908542
1 0.438450 0.886800 0.446298 0.880220 0.448662 0.883467 0.440814 0.890047
1 0.420955 0.886216 0.427292 0.880941 0.430016 0.884711 0.423679 0.889986
1 0.396233 0.885696 0.402520 0.877030 0.405287 0.879341 0.399000 0.888008
1 0.414100 0.867020 0.422035 0.860765 0.424262 0.864019 0.416327 0.870274
1 0.426984 0.869322 0.434374 0.862181 0.437162 0.865504 0.429772 0.872645
1 0.431080 0.852327 0.438276 0.846592 0.440906 0.850392 0.433710 0.856127
1 0.413406 0.847726 0.420827 0.840753 0.423373 0.843874 0.415951 0.850846
1 0.066316 0.970276 0.058761 0.975283 0.057018 0.972254 0.064572 0.967247
1 0.031583 0.946145 0.025377 0.951812 0.023051 0.948879 0.029256 0.943211
1 0.011898 0.943275 0.018117 0.938023 0.020302 0.941003 0.014083 0.946255
1 0.004789 0.841403 0.011206 0.835289 0.013789 0.838411 0.007372 0.844525
1 0.033209 0.865725 0.026419 0.872568 0.023857 0.869641 0.030647 0.862798
1 0.026667 0.852713 0.032712 0.846913 0.035149 0.849838 0.029104 0.855638
1 0.055075 0.852610 0.047623 0.858045 0.045644 0.854920 0.053096 0.849484
1 0.108833 0.862484 0.115603 0.857225 0.117890 0.860616 0.111120 0.865874
1 0.190216 0.836713 0.183138 0.842975 0.180662 0.839752 0.187741 0.833491
1 0.185120 0.820366 0.178608 0.826882 0.176149 0.824052 0.182661 0.817536
1 0.183959 0.773334 0.190448 0.767573 0.192806 0.770633 0.186317 0.776394
1 0.209477 0.795214 0.218323 0.791106 0.219797 0.794761 0.210951 0.798869
1 0.231281 0.805400 0.224303 0.810489 0.222069 0.806961 0.229047 0.801872
1 0.258923 0.823371 0.250017 0.829229 0.248552 0.826663 0.257458 0.820806
1 0.226625 0.844734 0.220679 0.849508 0.218272 0.846055 0.224219 0.841282
1 0.156513 0.858882 0.147745 0.865973 0.145296 0.862485 0.154064 0.855394
1 0.163150 0.867841 0.156482 0.874584 0.154044 0.871808 0.160711 0.865065
2 0.174271 0.863148 0.179531 0.863148 0.179531 0.867784 0.174271 0.867784
1 0.185622 0.863390 0.179461 0.868336 0.177110 0.864964 0.183271 0.860017
1 0.173459 0.877493 0.165616 0.886088 0.162678 0.883001 0.170522 0.874406
1 0.156438 0.912637 0.148842 0.920427 0.146463 0.917756 0.154059 0.909966
1 0.172915 0.916298 0.165178 0.922950 0.163165 0.920253 0.170902 0.913601
1 0.152309 0.929197 0.160253 0.928135 0.160665 0.931685 0.152721 0.932747
1 0.127548 0.908405 0.127662 0.918422 0.123801 0.918473 0.123687 0.908456
1 0.138245 0.908911 0.143580 0.918439 0.140418 0.920478 0.135083 0.910950
1 0.174226 0.937376 0.166570 0.944006 0.164254 0.940925 0.171910 0.934295
1 0.199721 0.937909 0.192665 0.946142 0.189863 0.943377 0.196918 0.935143
1 0.139088 0.971831 0.147425 0.965065 0.150752 0.969786 0.142416 0.976552
1 0.164042 0.970276 0.156762 0.977116 0.154492 0.974334 0.161772 0.967494
1 0.177443 0.952291 0.170808 0.957426 0.168928 0.954629 0.175564 0.949494
1 0.189778 0.964341 0.182263 0.970687 0.180631 0.968461 0.188145 0.962115
1 0.178732 0.965433 0.185398 0.959682 0.187280 0.962194 0.180614 0.967945
1 0.186660 0.961339 0.178986 0.968080 0.177045 0.965534 0.184719 0.958793
1 0.174670 0.963046 0.182706 0.956186 0.184600 0.958742 0.176564 0.965602
1 0.194763 0.952884 0.201729 0.946720 0.205668 0.951848 0.198702 0.958012
1 0.183386 0.968543 0.190790 0.961993 0.192703 0.964483 0.185298 0.971033
1 0.186346 0.969913 0.193331 0.964078 0.195902 0.967623 0.188918 0.973458
1 0.190228 0.974280 0.196835 0.969166 0.198606 0.971800 0.191998 0.976914
1 0.255089 0.886439 0.260598 0.881134 0.263272 0.884333 0.257763 0.889637
1 0.242997 0.874809 0.250316 0.869688 0.252535 0.873341 0.245216 0.878461
1 0.292975 0.868509 0.301003 0.860418 0.305624 0.865699 0.297596 0.873790
1 0.306231 0.868277 0.313623 0.860696 0.315793 0.863134 0.308401 0.870715
1 0.323914 0.876288 0.331120 0.868053 0.333782 0.870735 0.326576 0.878970
1 0.350827 0.908816 0.358899 0.903693 0.360384 0.906386 0.352311 0.911509
1 0.345060 0.930598 0.352950 0.924287 0.355064 0.927331 0.347174 0.933642
1 0.302247 0.915485 0.309729 0.910230 0.311841 0.913693 0.304358 0.918948
1 0.308850 0.925144 0.315919 0.919693 0.318296 0.923242 0.311227 0.928694
1 0.303962 0.949487 0.310397 0.942771 0.313114 0.945769 0.306679 0.952485
1 0.339725 0.954541 0.346313 0.948545 0.348617 0.951460 0.342029 0.957456
1 0.385982 0.941608 0.393581 0.934814 0.395832 0.937713 0.388233 0.944507
1 0.377077 0.926130 0.383649 0.919998 0.385858 0.922725 0.379286 0.928856
1 0.371294 0.915042 0.378714 0.908145 0.380972 0.910943 0.373553 0.917840
1 0.345471 0.881151 0.351605 0.875224 0.353945 0.878013 0.347811 0.883940
1 0.358334 0.888470 0.365835 0.882382 0.368058 0.885536 0.360557 0.891624
1 0.366593 0.892059 0.373031 0.885729 0.375297 0.888384 0.368860 0.894714
1 0.380512 0.889771 0.387385 0.883314 0.389850 0.886335 0.382977 0.892792
1 0.020740 0.814506 0.027600 0.807993 0.029977 0.810877 0.023118 0.817390
1 0.135366 0.960580 0.141762 0.954090 0.143960 0.956584 0.137564 0.963075
1 0.252482 0.718830 0.259899 0.713318 0.262447 0.717266 0.255029 0.722778
1 0.306999 0.298488 0.299799 0.304417 0.297101 0.300645 0.304302 0.294715
1 0.292426 0.329069 0.301213 0.320844 0.303571 0.323745 0.294785 0.331971
1 0.243253 0.271015 0.234917 0.277095 0.232616 0.273462 0.240952 0.267382
1 0.107675 0.361670 0.101230 0.366127 0.099459 0.363177 0.105903 0.358720
1 0.165371 0.555305 0.174464 0.558933 0.172907 0.563424 0.163815 0.559795
1 0.175101 0.550099 0.184139 0.553881 0.182517 0.558345 0.173479 0.554563
1 0.140817 0.576870 0.134117 0.584883 0.131513 0.582376 0.138213 0.574362
1 0.130916 0.581492 0.123090 0.588896 0.120493 0.585735 0.128319 0.578331
1 0.092669 0.587189 0.099870 0.580976 0.102273 0.584183 0.095072 0.590397
1 0.096097 0.588694 0.089233 0.594285 0.087118 0.591295 0.093982 0.585704
1 0.060364 0.499507 0.067513 0.506787 0.064942 0.509695 0.057793 0.502415
1 0.200169 0.287207 0.190974 0.292745 0.188897 0.288773 0.198092 0.283236
1 0.174330 0.337873 0.165206 0.345578 0.162266 0.341569 0.171390 0.333863
1 0.188538 0.339220 0.197123 0.329713 0.199689 0.332381 0.191104 0.341888
1 0.155893 0.398609 0.146190 0.405116 0.143587 0.400645 0.153290 0.394139
1 0.124478 0.402247 0.115782 0.407943 0.113650 0.404193 0.122345 0.398497
1 0.134721 0.420480 0.125452 0.426410 0.122982 0.421963 0.132251 0.416033
1 0.064485 0.517013 0.072712 0.511191 0.075380 0.515533 0.067153 0.521355
1 0.077231 0.465735 0.083561 0.473549 0.080648 0.476266 0.074318 0.468452
1 0.088286 0.464416 0.094201 0.472779 0.091416 0.475048 0.085501 0.466685
1 0.163794 0.483328 0.171817 0.488583 0.169725 0.492262 0.161702 0.487006
1 0.210536 0.489544 0.203531 0.494926 0.201177 0.491398 0.208182 0.486015
1 0.213735 0.501428 0.222860 0.495309 0.225004 0.498991 0.215879 0.505110
1 0.211528 0.513029 0.218658 0.507263 0.221083 0.510717 0.213953 0.516483
1 0.294905 0.576170 0.286175 0.582828 0.284125 0.579732 0.292855 0.573074
1 0.297101 0.589158 0.289319 0.595682 0.286900 0.592359 0.294682 0.585835
1 0.357547 0.582301 0.349708 0.588257 0.347472 0.584868 0.355311 0.578912
1 0.353126 0.566596 0.346606 0.573618 0.343927 0.570753 0.350447 0.563732
1 0.324876 0.537842 0.317727 0.544997 0.315299 0.542203 0.322449 0.535048
1 0.349290 0.516121 0.340739 0.523768 0.338287 0.520610 0.346839 0.512964
1 0.349215 0.501500 0.339020 0.507099 0.337122 0.503120 0.347318 0.497521
1 0.344506 0.444309 0.353344 0.437444 0.355564 0.440735 0.346726 0.447600
1 0.342592 0.432810 0.352315 0.426737 0.354443 0.430661 0.344720 0.436734
1 0.307520 0.408603 0.316686 0.401350 0.319309 0.405169 0.310143 0.412421
1 0.318360 0.400045 0.327451 0.392313 0.329829 0.395532 0.320738 0.403265
1 0.353819 0.396602 0.362201 0.389081 0.364552 0.392099 0.356170 0.399620
1 0.367953 0.375115 0.376016 0.365836 0.378939 0.368761 0.370876 0.378040
1 0.308722 0.348991 0.316255 0.342135 0.319067 0.345693 0.311534 0.352550
1 0.371811 0.353061 0.379098 0.346429 0.381882 0.349953 0.374596 0.356585
1 0.370423 0.330897 0.361850 0.325036 0.363911 0.321563 0.372485 0.327425
1 0.367617 0.313793 0.359270 0.306513 0.361942 0.302984 0.370289 0.310264
1 0.366849 0.301790 0.359616 0.295527 0.362513 0.291674 0.369746 0.297937
1 0.359642 0.278346 0.368124 0.272160 0.370370 0.275707 0.361888 0.281893
1 0.333485 0.271848 0.325716 0.277664 0.323362 0.274042 0.331131 0.268226
1 0.334113 0.263917 0.325825 0.269605 0.323567 0.265816 0.331855 0.260128
1 0.319732 0.264101 0.313029 0.269366 0.310263 0.265309 0.316966 0.260044
1 0.307530 0.237930 0.316414 0.244557 0.314202 0.247974 0.305317 0.241347
1 0.367580 0.208600 0.376604 0.203076 0.378634 0.206897 0.369610 0.212421
1 0.390631 0.148791 0.398778 0.143157 0.401092 0.147011 0.392945 0.152646
1 0.049820 0.589022 0.057243 0.582931 0.059271 0.585778 0.051848 0.591869
1 0.023364 0.593904 0.016950 0.598289 0.015080 0.595139 0.021494 0.590754
1 0.021831 0.586293 0.012358 0.592572 0.010100 0.588648 0.019573 0.582370
1 0.063384 0.545649 0.070691 0.539230 0.072998 0.542254 0.065690 0.548673
1 0.032547 0.524376 0.040359 0.518263 0.042321 0.521151 0.034509 0.527264
1 0.025188 0.507831 0.033475 0.500552 0.035932 0.503773 0.027644 0.511053
1 0.029832 0.489846 0.021499 0.496038 0.019496 0.492934 0.027829 0.486742
1 0.036309 0.473185 0.044271 0.468051 0.046016 0.471168 0.038054 0.476302
1 0.029154 0.475880 0.019532 0.481557 0.018114 0.478789 0.027736 0.473112
1 0.100834 0.320704 0.109027 0.315567 0.110796 0.318815 0.102603 0.323953
1 0.039677 0.375255 0.050147 0.368794 0.052030 0.372307 0.041560 0.378768
1 0.069734 0.229526 0.078568 0.222864 0.081005 0.226585 0.072171 0.233248
1 0.077384 0.270843 0.086996 0.265879 0.088812 0.269927 0.079200 0.274891
1 0.099886 0.273933 0.092559 0.279645 0.090196 0.276155 0.097522 0.270442
1 0.270768 0.225497 0.262201 0.220060 0.264183 0.216464 0.272750 0.221901
1 0.276201 0.245207 0.268178 0.239616 0.270329 0.236062 0.278351 0.241653
1 0.287746 0.277690 0.278815 0.273542 0.280287 0.269892 0.289218 0.274039
1 0.281787 0.279539 0.288000 0.273056 0.290536 0.275855 0.284324 0.282338
1 0.294075 0.279617 0.288282 0.286237 0.285230 0.283161 0.291023 0.276541
1 0.278378 0.304694 0.272293 0.295804 0.275157 0.293546 0.281242 0.302436
1 0.282522 0.297951 0.274562 0.291491 0.276931 0.288129 0.284891 0.294589
1 0.311584 0.603145 0.302678 0.610505 0.300093 0.606904 0.309000 0.599544
1 0.315287 0.630387 0.307886 0.636265 0.305583 0.632925 0.312985 0.627048
1 0.342136 0.765158 0.334589 0.771042 0.332223 0.767547 0.339770 0.761663
1 0.337824 0.747502 0.329197 0.752761 0.326933 0.748484 0.335560 0.743225
1 0.330580 0.718010 0.324459 0.723904 0.321646 0.720539 0.327767 0.714645
1 0.330517 0.705055 0.322790 0.711281 0.319930 0.707194 0.327658 0.700968
1 0.323348 0.681931 0.317194 0.688866 0.314587 0.686203 0.320742 0.679267
1 0.321661 0.664013 0.314146 0.669937 0.311699 0.666363 0.319214 0.660438
1 0.345511 0.663234 0.337828 0.670453 0.335293 0.667345 0.342976 0.660127
1 0.343236 0.636577 0.334925 0.643249 0.332285 0.639461 0.340596 0.632789
1 0.365430 0.601597 0.359183 0.606468 0.356750 0.602875 0.362998 0.598004
1 0.228894 0.130355 0.219267 0.135085 0.217727 0.131475 0.227353 0.126745
1 0.272315 0.118759 0.263284 0.123507 0.261432 0.119451 0.270463 0.114703
1 0.248599 0.100462 0.239199 0.104035 0.237829 0.099883 0.247230 0.096311
1 0.384590 0.093966 0.376533 0.100553 0.373850 0.096774 0.381907 0.090187
1 0.525948 0.107822 0.534922 0.100079 0.537438 0.103437 0.528464 0.111180
1 0.509569 0.103605 0.517979 0.095815 0.521206 0.099826 0.512796 0.107617
1 0.517383 0.075561 0.526074 0.068609 0.528764 0.072483 0.520073 0.079435
1 0.501954 0.075455 0.510203 0.068856 0.513092 0.073016 0.504843 0.079614
1 0.472135 0.031158 0.480302 0.023099 0.482676 0.025870 0.474509 0.033929
1 0.494500 0.130571 0.501757 0.122971 0.504761 0.126275 0.497504 0.133875
1 0.486247 0.130487 0.493987 0.123904 0.496864 0.127798 0.489124 0.134382
1 0.482331 0.123595 0.489491 0.117124 0.492298 0.120701 0.485138 0.127171
1 0.478023 0.116793 0.484908 0.111464 0.487208 0.114885 0.480323 0.120214
1 0.469432 0.112250 0.476978 0.106452 0.479442 0.110146 0.471896 0.115944
1 0.473434 0.101353 0.480444 0.096164 0.482921 0.100017 0.475911 0.105207
1 0.449084 0.107502 0.455514 0.101044 0.458539 0.104513 0.452109 0.110971
1 0.443660 0.104398 0.437158 0.097589 0.440300 0.094133 0.446802 0.100943
1 0.428450 0.121488 0.436035 0.114486 0.439046 0.118242 0.431460 0.125243
1 0.412942 0.118328 0.421456 0.113531 0.423209 0.117115 0.414695 0.121912
1 0.458531 0.074116 0.467621 0.080598 0.465303 0.084343 0.456212 0.077861
1 0.441691 0.041952 0.448516 0.034260 0.451806 0.037622 0.444980 0.045314
1 0.436842 0.047162 0.431054 0.040042 0.434419 0.036892 0.440207 0.044012
1 0.416627 0.027873 0.420823 0.017946 0.424631 0.019799 0.420435 0.029727
1 0.402059 0.029053 0.410242 0.022649 0.412926 0.026600 0.404744 0.033003
1 0.349677 0.062549 0.343465 0.054960 0.346452 0.052143 0.352664 0.059732
1 0.360263 0.072674 0.359072 0.063466 0.363554 0.062798 0.364745 0.072006
1 0.357190 0.072705 0.350886 0.066308 0.353624 0.063201 0.359927 0.069598
1 0.219561 0.361832 0.211330 0.368157 0.209215 0.364986 0.217446 0.358662
1 0.341917 0.012922 0.333181 0.018917 0.330945 0.015166 0.339681 0.009171
1 0.299385 0.011423 0.290308 0.016343 0.288516 0.012536 0.297593 0.007615
1 0.297010 0.021329 0.287643 0.027465 0.285630 0.023927 0.294998 0.017791
1 0.293625 0.035576 0.284826 0.041755 0.282758 0.038364 0.291557 0.032184
1 0.629833 0.129717 0.622078 0.136432 0.619497 0.133000 0.627252 0.126285
1 0.616555 0.124944 0.624213 0.118796 0.626680 0.122335 0.619022 0.128483
1 0.675326 0.107386 0.682875 0.101147 0.685491 0.104793 0.677942 0.111032
1 0.577107 0.123625 0.587256 0.118684 0.589562 0.124140 0.579414 0.129081
1 0.567245 0.116363 0.575564 0.110654 0.578159 0.115008 0.569840 0.120717
1 0.600872 0.096451 0.608558 0.089773 0.611822 0.094099 0.604137 0.100778
1 0.574917 0.081101 0.582389 0.074419 0.585070 0.077872 0.577597 0.084554
1 0.555924 0.074597 0.563924 0.067767 0.566496 0.071237 0.558495 0.078066
1 0.696441 0.047599 0.704276 0.042222 0.706394 0.045776 0.698559 0.051153
1 0.562915 0.021568 0.571596 0.015045 0.574145 0.018951 0.565464 0.025474
1 0.531865 0.028781 0.540909 0.021197 0.543671 0.024991 0.534626 0.032574
1 0.334384 0.043880 0.327789 0.037022 0.330784 0.033705 0.337379 0.040563
1 0.054808 0.042496 0.062744 0.033798 0.066032 0.037253 0.058095 0.045951
1 0.147509 0.173464 0.153952 0.167193 0.156400 0.170090 0.149956 0.176360
1 0.370805 0.831593 0.379249 0.825686 0.381250 0.828981 0.372806 0.834889
1 0.386887 0.829867 0.393807 0.823636 0.396360 0.826901 0.389440 0.833132
2 0.430447 0.192287 0.435893 0.192287 0.435893 0.197067 0.430447 0.197067
1 0.515667 0.156749 0.523900 0.151566 0.526106 0.155603 0.517874 0.160786
1 0.448738 0.381060 0.455105 0.375407 0.457619 0.378668 0.451252 0.384321
1 0.443442 0.366981 0.451030 0.361571 0.453312 0.365256 0.445724 0.370666
1 0.435681 0.324814 0.442888 0.319772 0.445101 0.323416 0.437895 0.328457
1 0.413799 0.320994 0.420515 0.316095 0.422604 0.319394 0.415887 0.324292
1 0.467686 0.416797 0.459131 0.420922 0.457248 0.416425 0.465802 0.412299
1 0.476904 0.428010 0.470492 0.432937 0.468151 0.429428 0.474564 0.424502
1 0.466721 0.428291 0.458825 0.432135 0.457022 0.427871 0.464919 0.424027
1 0.468376 0.439687 0.461104 0.444892 0.458924 0.441383 0.466195 0.436179
1 0.473037 0.445729 0.465794 0.451979 0.463055 0.448322 0.470298 0.442072
1 0.443706 0.420562 0.434309 0.427288 0.432331 0.424105 0.441728 0.417379
1 0.431118 0.419304 0.439474 0.413164 0.441716 0.416678 0.433360 0.422818
1 0.442227 0.412402 0.434300 0.417413 0.432232 0.413644 0.440158 0.408634
1 0.461271 0.607384 0.453197 0.614350 0.451048 0.611481 0.459122 0.604515
1 0.634305 0.159298 0.627113 0.166725 0.623551 0.162752 0.630742 0.155325
1 0.634164 0.167601 0.626094 0.175130 0.622751 0.171004 0.630822 0.163475
1 0.663546 0.166479 0.655020 0.172815 0.652246 0.168517 0.660773 0.162181
1 0.625274 0.182069 0.617081 0.186862 0.614380 0.181546 0.622573 0.176752
1 0.634120 0.209662 0.625376 0.215057 0.622869 0.210379 0.631612 0.204983
1 0.624001 0.237123 0.615613 0.243241 0.612008 0.237548 0.620396 0.231430
1 0.686191 0.233406 0.678928 0.238986 0.676523 0.235380 0.683786 0.229800
1 0.609702 0.263990 0.600403 0.270010 0.597712 0.265224 0.607012 0.259204
1 0.608933 0.272037 0.600166 0.279387 0.597286 0.275432 0.606053 0.268081
1 0.599240 0.303297 0.591340 0.308113 0.589250 0.304166 0.597150 0.299350
1 0.581026 0.982601 0.588670 0.976879 0.590689 0.979985 0.583045 0.985707
1 0.732205 0.870468 0.741349 0.866503 0.742883 0.870578 0.733739 0.874543
1 0.742393 0.883386 0.733622 0.887597 0.731928 0.883534 0.740700 0.879323
1 0.733925 0.875583 0.741119 0.872819 0.742316 0.876408 0.735123 0.879172
1 0.723307 0.890459 0.714127 0.893433 0.713146 0.889946 0.722326 0.886972
1 0.725729 0.902407 0.735084 0.898792 0.736375 0.902638 0.727019 0.906253
1 0.745285 0.919955 0.753359 0.916061 0.754851 0.919626 0.746778 0.923520
1 0.715980 0.960047 0.723197 0.955094 0.725252 0.958542 0.718035 0.963495
1 0.710897 0.947591 0.718948 0.943414 0.720512 0.946886 0.712461 0.951063
1 0.731428 0.947640 0.738152 0.943373 0.739813 0.946388 0.733090 0.950655
1 0.735727 0.962153 0.741537 0.957472 0.743718 0.960590 0.737909 0.965271
1 0.420329 0.488040 0.412382 0.494922 0.409749 0.491420 0.417696 0.484538
1 0.421101 0.498443 0.414976 0.504116 0.412532 0.501079 0.418658 0.495405
1 0.428908 0.507920 0.420962 0.514323 0.418634 0.510995 0.426580 0.504593
1 0.441186 0.542202 0.434122 0.548608 0.431398 0.545149 0.438462 0.538743
1 0.417778 0.532843 0.409714 0.539507 0.407388 0.536266 0.415452 0.529602
1 0.424753 0.543091 0.416136 0.550796 0.413353 0.547212 0.421971 0.539506
1 0.433507 0.556180 0.426336 0.564403 0.423493 0.561548 0.430664 0.553325
1 0.415905 0.554511 0.408337 0.561472 0.406399 0.559044 0.413967 0.552083
1 0.399020 0.564456 0.390703 0.570033 0.388964 0.567046 0.397281 0.561469
1 0.413289 0.574019 0.406619 0.579532 0.404547 0.576644 0.411217 0.571132
1 0.421897 0.589143 0.413439 0.596363 0.411032 0.593115 0.419489 0.585895
1 0.407781 0.594251 0.400960 0.601054 0.398628 0.598361 0.405449 0.591559
1 0.412730 0.613389 0.405517 0.618849 0.403314 0.615497 0.410527 0.610037
1 0.415942 0.622359 0.407812 0.629152 0.405208 0.625563 0.413339 0.618770
1 0.420224 0.630927 0.411116 0.638871 0.408502 0.635418 0.417610 0.627475
1 0.423638 0.638329 0.416159 0.644735 0.413367 0.640981 0.420845 0.634575
1 0.435555 0.656094 0.427078 0.662752 0.424494 0.658963 0.432971 0.652305
1 0.430733 0.685604 0.439233 0.680359 0.441395 0.684393 0.432895 0.689638
1 0.435592 0.673573 0.428344 0.678510 0.426439 0.675288 0.433687 0.670352
1 0.460935 0.687614 0.453518 0.693855 0.451273 0.690783 0.458690 0.684542
1 0.512047 0.691669 0.518915 0.685700 0.521198 0.688724 0.514329 0.694693
1 0.474638 0.725061 0.483799 0.716956 0.487684 0.722014 0.478523 0.730119
1 0.466518 0.741406 0.474097 0.736164 0.476353 0.739920 0.468773 0.745162
1 0.437426 0.740641 0.444291 0.736335 0.445879 0.739251 0.439013 0.743556
1 0.440915 0.746771 0.448825 0.741890 0.450826 0.745624 0.442916 0.750506
1 0.436053 0.724727 0.442996 0.720732 0.444578 0.723897 0.437635 0.727892
1 0.448766 0.752528 0.456991 0.747391 0.459208 0.751479 0.450983 0.756616
1 0.464190 0.751531 0.471164 0.746348 0.473484 0.749943 0.466509 0.755126
1 0.467023 0.771547 0.474668 0.766962 0.476405 0.770297 0.468760 0.774882
1 0.479049 0.774049 0.470501 0.779870 0.468595 0.776648 0.477143 0.770826
1 0.462330 0.781567 0.470404 0.776524 0.472471 0.780336 0.464398 0.785379
1 0.521183 0.818651 0.529010 0.811921 0.531450 0.815189 0.523622 0.821919
1 0.512314 0.816913 0.520128 0.810686 0.523553 0.815634 0.515739 0.821862
1 0.444787 0.830152 0.452350 0.824080 0.454935 0.827788 0.447372 0.833860
1 0.439781 0.825942 0.447067 0.820029 0.449545 0.823545 0.442260 0.829458
1 0.453313 0.814119 0.460372 0.808072 0.462383 0.810775 0.455324 0.816822
1 0.436921 0.784992 0.444316 0.779760 0.446525 0.783356 0.439130 0.788589
1 0.437591 0.803797 0.446031 0.798651 0.447889 0.802161 0.439449 0.807307
1 0.457956 0.792839 0.466431 0.786518 0.468716 0.790047 0.460242 0.796368
1 0.467335 0.827427 0.474614 0.821583 0.476688 0.824558 0.469409 0.830402
1 0.452094 0.840733 0.460346 0.835200 0.462247 0.838465 0.453995 0.843998
1 0.465249 0.839134 0.472581 0.832875 0.474676 0.835703 0.467344 0.841961
1 0.489981 0.833877 0.494129 0.828261 0.496849 0.830574 0.492701 0.836190
1 0.505423 0.836301 0.514325 0.829808 0.516401 0.833087 0.507499 0.839579
1 0.641280 0.876729 0.649070 0.872095 0.651180 0.876180 0.643390 0.880814
1 0.545841 0.926143 0.553643 0.921728 0.555261 0.925022 0.547459 0.929436
1 0.499267 0.913428 0.506636 0.908429 0.508523 0.911632 0.501154 0.916631
1 0.527663 0.905658 0.535424 0.900673 0.537083 0.903647 0.529322 0.908632
1 0.525305 0.899034 0.532223 0.894626 0.533994 0.897827 0.527076 0.902235
1 0.520053 0.893599 0.526672 0.887743 0.529095 0.890897 0.522476 0.896753
1 0.513739 0.883452 0.521786 0.878546 0.523501 0.881786 0.515454 0.886692
1 0.493393 0.888618 0.500346 0.882334 0.502548 0.885140 0.495594 0.891424
1 0.509892 0.874398 0.516186 0.869083 0.518253 0.871902 0.511959 0.877217
1 0.501237 0.866876 0.508459 0.860555 0.511034 0.863943 0.503812 0.870264
1 0.494718 0.855390 0.502461 0.850841 0.504196 0.854243 0.496454 0.858792
1 0.487617 0.852436 0.494783 0.846910 0.496830 0.849967 0.489664 0.855493
1 0.510591 0.851590 0.517334 0.845752 0.519498 0.848630 0.512755 0.854469
1 0.523225 0.852273 0.531101 0.846133 0.533321 0.849412 0.525445 0.855552
1 0.539658 0.837576 0.547092 0.831411 0.549401 0.834617 0.541968 0.840783
1 0.588936 0.838470 0.598274 0.833625 0.599826 0.837069 0.590487 0.841914
1 0.555039 0.805267 0.562823 0.799461 0.564844 0.802582 0.557060 0.808388
1 0.572940 0.815584 0.581157 0.809433 0.583400 0.812884 0.575184 0.819036
1 0.644215 0.847673 0.651566 0.842667 0.653480 0.845903 0.646128 0.850909
1 0.692870 0.819015 0.701227 0.813648 0.703251 0.817278 0.694894 0.822645
1 0.688354 0.808293 0.696405 0.802789 0.698305 0.805989 0.690254 0.811493
1 0.681621 0.802498 0.690166 0.797118 0.691996 0.800465 0.683451 0.805846
1 0.641605 0.826393 0.650440 0.821181 0.652263 0.824738 0.643427 0.829951
1 0.644085 0.813033 0.653557 0.809253 0.654650 0.812406 0.645178 0.816187
1 0.791333 0.986196 0.799301 0.981707 0.800950 0.985079 0.792982 0.989568
1 0.791426 0.975456 0.799427 0.971305 0.801103 0.975026 0.793102 0.979177
1 0.821099 0.963175 0.827525 0.958576 0.829934 0.962451 0.823508 0.967050
1 0.818026 0.946094 0.827577 0.941205 0.829420 0.945350 0.819868 0.950239
1 0.786649 0.931491 0.795605 0.925624 0.797795 0.929474 0.788838 0.935341
1 0.818002 0.925542 0.826879 0.920130 0.828739 0.923643 0.819862 0.929055
1 0.800455 0.891879 0.808897 0.887062 0.810970 0.891246 0.802528 0.896063
1 0.796452 0.885690 0.787004 0.891035 0.785231 0.887425 0.794678 0.882080
1 0.771455 0.860745 0.780790 0.854338 0.783039 0.858111 0.773704 0.864518
1 0.768681 0.849678 0.776239 0.845108 0.778186 0.848815 0.770627 0.853385
1 0.746893 0.849568 0.754082 0.845059 0.756131 0.848820 0.748941 0.853329
1 0.721548 0.824135 0.728986 0.819692 0.730916 0.823413 0.723478 0.827856
1 0.730175 0.834038 0.737498 0.829410 0.739149 0.832419 0.731827 0.837047
1 0.713426 0.808598 0.721632 0.802408 0.723758 0.805654 0.715551 0.811844
1 0.703516 0.797870 0.709829 0.793538 0.711503 0.796347 0.705191 0.800679
1 0.729338 0.434234 0.722882 0.440320 0.720667 0.437614 0.727122 0.431528
1 0.713247 0.437427 0.706393 0.443555 0.703976 0.440441 0.710830 0.434313
1 0.814902 0.461152 0.823756 0.453037 0.827887 0.458228 0.819033 0.466343
3 0.748391 0.487534 0.753091 0.487534 0.753091 0.492596 0.748391 0.492596
1 0.734906 0.490029 0.742584 0.484174 0.745021 0.487854 0.737343 0.493710
1 0.734173 0.499943 0.740139 0.492065 0.743152 0.494693 0.737186 0.502571
1 0.737170 0.510518 0.728936 0.516797 0.726790 0.513556 0.735024 0.507277
1 0.729520 0.524587 0.738022 0.519488 0.740805 0.524832 0.732303 0.529931
1 0.671583 0.494960 0.663638 0.501042 0.661189 0.497357 0.669134 0.491275
1 0.668928 0.495671 0.676468 0.488687 0.679521 0.492483 0.671982 0.499467
1 0.699642 0.511248 0.690612 0.518160 0.688212 0.514548 0.697242 0.507635
1 0.635797 0.511534 0.642715 0.505692 0.645023 0.508840 0.638105 0.514682
1 0.609583 0.493155 0.616536 0.486737 0.620862 0.492136 0.613910 0.498553
4 0.488458 0.292794 0.496381 0.292794 0.496381 0.301235 0.488458 0.301235
4 0.769427 0.127596 0.776276 0.127596 0.776276 0.134659 0.769427 0.134659
4 0.813640 0.060765 0.820296 0.060765 0.820296 0.068306 0.813640 0.068306
4 0.890003 0.836279 0.896798 0.836279 0.896798 0.843573 0.890003 0.843573
4 0.860700 0.787526 0.867922 0.787526 0.867922 0.794416 0.860700 0.794416
4 0.785397 0.808102 0.792118 0.808102 0.792118 0.813920 0.785397 0.813920
4 0.774011 0.717678 0.780791 0.717678 0.780791 0.724467 0.774011 0.724467
4 0.924361 0.717019 0.931381 0.717019 0.931381 0.722481 0.924361 0.722481
1 0.442506 0.764896 0.450649 0.764896 0.450649 0.771840 0.442506 0.771840
7 0.450482 0.769687 0.458412 0.769687 0.458412 0.776768 0.450482 0.776768
2 0.535843 0.715659 0.541912 0.715659 0.541912 0.721406 0.535843 0.721406
7 0.440174 0.705280 0.447901 0.705280 0.447901 0.712497 0.440174 0.712497
7 0.424774 0.815624 0.431868 0.815624 0.431868 0.822902 0.424774 0.822902
7 0.653057 0.365540 0.661782 0.365540 0.661782 0.373180 0.653057 0.373180
3 0.610975 0.238649 0.616238 0.238649 0.616238 0.243660 0.610975 0.243660
1 0.517999 0.430250 0.523809 0.430250 0.523809 0.435607 0.517999 0.435607
7 0.139583 0.925820 0.146604 0.925820 0.146604 0.932357 0.139583 0.932357
4 0.115526 0.786012 0.123171 0.786012 0.123171 0.793316 0.115526 0.793316
4 0.147576 0.225808 0.155023 0.225808 0.155023 0.233807 0.147576 0.233807
4 0.230703 0.068343 0.238799 0.068343 0.238799 0.076115 0.230703 0.076115
