1 0.074425 0.160539 0.083694 0.160539 0.083694 0.167668 0.074425 0.167668
1 0.035913 0.221252 0.044736 0.221252 0.044736 0.228372 0.035913 0.228372
1 0.030783 0.239345 0.039209 0.239345 0.039209 0.246522 0.030783 0.246522
1 0.035734 0.248531 0.043844 0.248531 0.043844 0.255326 0.035734 0.255326
1 0.073409 0.283704 0.082291 0.283704 0.082291 0.291213 0.073409 0.291213
1 0.086500 0.289718 0.095381 0.289718 0.095381 0.296995 0.086500 0.296995
1 0.181423 0.372718 0.191811 0.372718 0.191811 0.380182 0.181423 0.380182
1 0.775750 0.098878 0.784605 0.098878 0.784605 0.105423 0.775750 0.105423
4 0.138363 0.003711 0.147033 0.003711 0.147033 0.011985 0.138363 0.011985
1 0.058458 0.378272 0.067776 0.378272 0.067776 0.384159 0.058458 0.384159
1 0.120231 0.410947 0.129094 0.410947 0.129094 0.417838 0.120231 0.417838
1 0.101686 0.393653 0.110867 0.393653 0.110867 0.399510 0.101686 0.399510
1 0.073577 0.405160 0.083339 0.405160 0.083339 0.411292 0.073577 0.411292
1 0.080662 0.424569 0.089517 0.424569 0.089517 0.431115 0.080662 0.431115
1 0.624971 0.509428 0.634649 0.509428 0.634649 0.515003 0.624971 0.515003
1 0.689090 0.446701 0.697113 0.446701 0.697113 0.452557 0.689090 0.452557
1 0.585104 0.594908 0.594583 0.594908 0.594583 0.601027 0.585104 0.601027
1 0.769076 0.052093 0.778701 0.052093 0.778701 0.058225 0.769076 0.058225
1 0.695815 0.043130 0.705763 0.043130 0.705763 0.049123 0.695815 0.049123
1 0.654635 0.059127 0.664206 0.059127 0.664206 0.065621 0.654635 0.065621
1 0.637949 0.036331 0.645703 0.036331 0.645703 0.042193 0.637949 0.042193
1 0.639286 0.017670 0.646933 0.017670 0.646933 0.023361 0.639286 0.023361
1 0.893071 0.179323 0.900926 0.179323 0.900926 0.185451 0.893071 0.185451
1 0.565230 0.139935 0.574728 0.139935 0.574728 0.146688 0.565230 0.146688
1 0.564711 0.132323 0.574529 0.132323 0.574529 0.139219 0.564711 0.139219
1 0.587385 0.093084 0.596625 0.093084 0.596625 0.099930 0.587385 0.099930
1 0.594038 0.077208 0.603094 0.077208 0.603094 0.085046 0.594038 0.085046
1 0.751351 0.127616 0.761105 0.127616 0.761105 0.133342 0.751351 0.133342
1 0.691221 0.112176 0.699821 0.112176 0.699821 0.117619 0.691221 0.117619
1 0.651819 0.100187 0.661894 0.100187 0.661894 0.106251 0.651819 0.106251
3 0.650504 0.172701 0.654922 0.172701 0.654922 0.177010 0.650504 0.177010
1 0.637812 0.167369 0.646684 0.167369 0.646684 0.173818 0.637812 0.173818
1 0.673944 0.173422 0.682723 0.173422 0.682723 0.180068 0.673944 0.180068
1 0.689007 0.177192 0.697416 0.177192 0.697416 0.183839 0.689007 0.183839
1 0.696676 0.188006 0.706565 0.188006 0.706565 0.194555 0.696676 0.194555
1 0.749442 0.224320 0.757944 0.224320 0.757944 0.230770 0.749442 0.230770
1 0.546780 0.264703 0.555380 0.264703 0.555380 0.270147 0.546780 0.270147
1 0.604151 0.310627 0.612237 0.310627 0.612237 0.317110 0.604151 0.317110
1 0.626739 0.321306 0.635724 0.321306 0.635724 0.327721 0.626739 0.327721
1 0.614933 0.333639 0.622890 0.333639 0.622890 0.339779 0.614933 0.339779
1 0.570075 0.367332 0.578803 0.367332 0.578803 0.373128 0.570075 0.373128
1 0.651006 0.362802 0.659092 0.362802 0.659092 0.368516 0.651006 0.368516
1 0.660732 0.345291 0.669974 0.345291 0.669974 0.352568 0.660732 0.352568
6 0.701223 0.400597 0.712696 0.400597 0.712696 0.409865 0.701223 0.409865
1 0.571423 0.802998 0.580471 0.802998 0.580471 0.811610 0.571423 0.811610
1 0.679407 0.780803 0.688878 0.780803 0.688878 0.787177 0.679407 0.787177
1 0.662773 0.775263 0.672938 0.775263 0.672938 0.781969 0.662773 0.781969
1 0.701836 0.680222 0.711076 0.680222 0.711076 0.686286 0.701836 0.686286
1 0.602344 0.900186 0.611167 0.900186 0.611167 0.907028 0.602344 0.907028
1 0.655002 0.919477 0.664500 0.919477 0.664500 0.926856 0.655002 0.926856
1 0.728208 0.900215 0.737090 0.900215 0.737090 0.907163 0.728208 0.907163
1 0.236484 0.037840 0.245683 0.037840 0.245683 0.045419 0.236484 0.045419
1 0.232687 0.031754 0.242206 0.031754 0.242206 0.039851 0.232687 0.039851
1 0.219586 0.022626 0.228730 0.022626 0.228730 0.031295 0.219586 0.031295
1 0.211938 0.022223 0.220923 0.022223 0.220923 0.030950 0.211938 0.030950
1 0.209050 0.019582 0.217714 0.019582 0.217714 0.027735 0.209050 0.027735
1 0.202740 0.055584 0.212846 0.055584 0.212846 0.063793 0.202740 0.063793
1 0.730520 0.813438 0.740082 0.813438 0.740082 0.820602 0.730520 0.820602
1 0.833492 0.784822 0.842413 0.784822 0.842413 0.792477 0.833492 0.792477
1 0.737048 0.949772 0.745453 0.949772 0.745453 0.956319 0.737048 0.956319
1 0.744054 0.987887 0.751448 0.987887 0.751448 0.993263 0.744054 0.993263
1 0.811855 0.848006 0.820054 0.848006 0.820054 0.854661 0.811855 0.854661
6 0.836735 0.912344 0.845292 0.912344 0.845292 0.920382 0.836735 0.920382
6 0.863909 0.902335 0.873347 0.902335 0.873347 0.910954 0.863909 0.910954
6 0.967180 0.869256 0.976810 0.869256 0.976810 0.878304 0.967180 0.878304
6 0.915293 0.826543 0.924470 0.826543 0.924470 0.837429 0.915293 0.837429
1 0.877440 0.791549 0.886576 0.791549 0.886576 0.798493 0.877440 0.798493
1 0.887230 0.736356 0.897124 0.736356 0.897124 0.743534 0.887230 0.743534
1 0.861071 0.718605 0.869672 0.718605 0.869672 0.725017 0.861071 0.725017
1 0.781118 0.692494 0.790210 0.692494 0.790210 0.699613 0.781118 0.699613
6 0.871270 0.579034 0.883053 0.579034 0.883053 0.588129 0.871270 0.588129
6 0.952540 0.565894 0.962172 0.565894 0.962172 0.575953 0.952540 0.575953
4 0.931234 0.543018 0.939063 0.543018 0.939063 0.551017 0.931234 0.551017
1 0.963226 0.469676 0.970915 0.469676 0.970915 0.476658 0.963226 0.476658
1 0.174033 0.005153 0.182007 0.005153 0.182007 0.012617 0.174033 0.012617
1 0.927615 0.408498 0.933818 0.408498 0.933818 0.415682 0.927615 0.415682
1 0.966355 0.319286 0.975267 0.319286 0.975267 0.325841 0.966355 0.325841
1 0.946435 0.313018 0.955080 0.313018 0.955080 0.319380 0.946435 0.319380
1 0.858859 0.253366 0.867682 0.253366 0.867682 0.259624 0.858859 0.259624
1 0.245864 0.039247 0.255597 0.039247 0.255597 0.047287 0.245864 0.047287
1 0.330316 0.035017 0.340422 0.035017 0.340422 0.043744 0.330316 0.043744
1 0.302882 0.008145 0.311330 0.008145 0.311330 0.014518 0.302882 0.014518
1 0.311813 0.011647 0.320690 0.011647 0.320690 0.020145 0.311813 0.020145
1 0.327535 0.025713 0.336893 0.025713 0.336893 0.033637 0.327535 0.033637
1 0.360262 0.016986 0.368552 0.016986 0.368552 0.024509 0.360262 0.024509
1 0.374221 0.012279 0.383365 0.012279 0.383365 0.021178 0.374221 0.021178
1 0.187638 0.118188 0.197881 0.118188 0.197881 0.126373 0.187638 0.126373
1 0.223794 0.097079 0.233342 0.097079 0.233342 0.105265 0.223794 0.105265
3 0.411029 0.224926 0.415437 0.224926 0.415437 0.229587 0.411029 0.229587
1 0.410364 0.266623 0.419281 0.266623 0.419281 0.274080 0.410364 0.274080
4 0.540251 0.443763 0.547957 0.443763 0.547957 0.451745 0.540251 0.451745
1 0.387982 0.815792 0.396490 0.815792 0.396490 0.821533 0.387982 0.821533
1 0.392959 0.868642 0.401355 0.868642 0.401355 0.876221 0.392959 0.876221
1 0.407452 0.871455 0.415848 0.871455 0.415848 0.878862 0.407452 0.878862
1 0.340328 0.932036 0.350132 0.932036 0.350132 0.937698 0.340328 0.937698
1 0.286844 0.773632 0.297540 0.773632 0.297540 0.781038 0.286844 0.781038
1 0.201510 0.808631 0.212070 0.808631 0.212070 0.815048 0.201510 0.815048
1 0.217051 0.833384 0.227004 0.833384 0.227004 0.840207 0.217051 0.840207
1 0.213952 0.899893 0.223181 0.899893 0.223181 0.906879 0.213952 0.906879
1 0.048003 0.849641 0.056025 0.849641 0.056025 0.855389 0.048003 0.855389
1 0.080999 0.857049 0.091267 0.857049 0.091267 0.863082 0.080999 0.863082
1 0.047323 0.874913 0.055456 0.874913 0.055456 0.882055 0.047323 0.882055
1 0.244348 0.761057 0.253459 0.761057 0.253459 0.766853 0.244348 0.766853
1 0.313968 0.727352 0.321881 0.727352 0.321881 0.733440 0.313968 0.733440
6 0.274602 0.681861 0.286368 0.681861 0.286368 0.692482 0.274602 0.692482
6 0.241929 0.684042 0.251232 0.684042 0.251232 0.693285 0.241929 0.693285
4 0.288340 0.599408 0.297064 0.599408 0.297064 0.607217 0.288340 0.607217
4 0.200515 0.638521 0.208430 0.638521 0.208430 0.646445 0.200515 0.646445
1 0.182996 0.584281 0.193321 0.584281 0.193321 0.590861 0.182996 0.590861
4 0.054852 0.596764 0.063944 0.596764 0.063944 0.605572 0.054852 0.605572
4 0.156606 0.557570 0.164271 0.557570 0.164271 0.564896 0.156606 0.564896
4 0.254185 0.481302 0.263106 0.481302 0.263106 0.490812 0.254185 0.490812
1 0.215699 0.444560 0.225333 0.444560 0.225333 0.453737 0.215699 0.453737
1 0.015657 0.350779 0.024482 0.350779 0.024482 0.357387 0.015657 0.357387
1 0.109724 0.213597 0.126614 0.213597 0.126614 0.226804 0.109724 0.226804
1 0.246515 0.137226 0.254530 0.137226 0.254530 0.144702 0.246515 0.144702
1 0.248363 0.151773 0.256184 0.151773 0.256184 0.159067 0.248363 0.159067
3 0.255582 0.161511 0.258895 0.161511 0.258895 0.165319 0.255582 0.165319
1 0.270016 0.193371 0.278632 0.193371 0.278632 0.200947 0.270016 0.200947
1 0.254679 0.192853 0.262366 0.192853 0.262366 0.199751 0.254679 0.199751
3 0.161831 0.190382 0.165595 0.190382 0.165595 0.194703 0.161831 0.194703
1 0.152351 0.124348 0.162411 0.124348 0.162411 0.131358 0.152351 0.131358
1 0.153309 0.130063 0.163124 0.130063 0.163124 0.137639 0.153309 0.137639
1 0.151330 0.145381 0.160024 0.145381 0.160024 0.152367 0.151330 0.152367
1 0.124098 0.159233 0.133476 0.159233 0.133476 0.166545 0.124098 0.166545
1 0.071979 0.008843 0.081267 0.008843 0.081267 0.016459 0.071979 0.016459
1 0.072579 0.067325 0.082879 0.067325 0.082879 0.075125 0.072579 0.075125
1 0.082321 0.110016 0.093151 0.110016 0.093151 0.117623 0.082321 0.117623
1 0.031852 0.193805 0.040732 0.193805 0.040732 0.200226 0.031852 0.200226
1 0.147196 0.461190 0.155033 0.461190 0.155033 0.468908 0.147196 0.468908
1 0.139752 0.443896 0.148037 0.443896 0.148037 0.451476 0.139752 0.451476
1 0.126019 0.430254 0.135460 0.430254 0.135460 0.437765 0.126019 0.437765
1 0.194985 0.470977 0.203001 0.470977 0.203001 0.478169 0.194985 0.478169
1 0.183518 0.500824 0.193067 0.500824 0.193067 0.508104 0.183518 0.508104
3 0.266695 0.091355 0.271453 0.091355 0.271453 0.096419 0.266695 0.096419
3 0.529214 0.268299 0.533536 0.268299 0.533536 0.272988 0.529214 0.272988
4 0.098678 0.720147 0.107127 0.720147 0.107127 0.727840 0.098678 0.727840
4 0.351350 0.406676 0.360020 0.406676 0.360020 0.415708 0.351350 0.415708
4 0.833140 0.560327 0.841674 0.560327 0.841674 0.569491 0.833140 0.569491
4 0.895233 0.474502 0.903319 0.474502 0.903319 0.482571 0.895233 0.482571
4 0.945015 0.266461 0.949252 0.266461 0.949252 0.270886 0.945015 0.270886
3 0.534330 0.239233 0.539002 0.239233 0.539002 0.243620 0.534330 0.243620
1 0.984180 0.266149 0.993799 0.266149 0.993799 0.272409 0.984180 0.272409
1 0.872421 0.175036 0.880923 0.175036 0.880923 0.181932 0.872421 0.181932
1 0.835238 0.118915 0.843839 0.118915 0.843839 0.125088 0.835238 0.125088
1 0.877224 0.120226 0.885786 0.120226 0.885786 0.127341 0.877224 0.127341
1 0.861418 0.071055 0.870368 0.071055 0.870368 0.077080 0.861418 0.077080
1 0.849649 0.049634 0.857832 0.049634 0.857832 0.055841 0.849649 0.055841
1 0.842948 0.028626 0.852038 0.028626 0.852038 0.034798 0.842948 0.034798
1 0.919837 0.032615 0.928050 0.032615 0.928050 0.039305 0.919837 0.039305
1 0.024713 0.547788 0.033492 0.547788 0.033492 0.553079 0.024713 0.553079
1 0.040577 0.555965 0.049509 0.555965 0.049509 0.562423 0.040577 0.562423
6 0.063156 0.564035 0.074175 0.564035 0.074175 0.572468 0.063156 0.572468
6 0.090802 0.591486 0.102052 0.591486 0.102052 0.601572 0.090802 0.601572
4 0.445005 0.527766 0.452269 0.527766 0.452269 0.535043 0.445005 0.535043
4 0.519231 0.523082 0.528174 0.523082 0.528174 0.530026 0.519231 0.530026
4 0.636244 0.533392 0.645486 0.533392 0.645486 0.541497 0.636244 0.541497
4 0.675677 0.641684 0.683223 0.641684 0.683223 0.649436 0.675677 0.649436
1 0.586105 0.613926 0.594276 0.613926 0.594276 0.621201 0.586105 0.621201
1 0.256906 0.184001 0.263813 0.184001 0.263813 0.190182 0.256906 0.190182
3 0.639319 0.077397 0.643820 0.077397 0.643820 0.082421 0.639319 0.082421
1 0.527219 0.040775 0.535990 0.040775 0.535990 0.047901 0.527219 0.047901
1 0.503155 0.015339 0.511122 0.015339 0.511122 0.022809 0.503155 0.022809
1 0.490673 0.098836 0.498699 0.098836 0.498699 0.106186 0.490673 0.106186
1 0.489923 0.107793 0.498593 0.107793 0.498593 0.114626 0.489923 0.114626
1 0.495646 0.209981 0.504149 0.209981 0.504149 0.216757 0.495646 0.216757
1 0.487625 0.206937 0.495913 0.206937 0.495913 0.213770 0.487625 0.213770
1 0.476133 0.202976 0.485913 0.202976 0.485913 0.210784 0.476133 0.210784
1 0.458746 0.201999 0.466554 0.201999 0.466554 0.208717 0.458746 0.208717
1 0.468212 0.191549 0.476127 0.191549 0.476127 0.197577 0.468212 0.197577
1 0.464094 0.187415 0.472170 0.187415 0.472170 0.194075 0.464094 0.194075
1 0.488159 0.190630 0.497357 0.190630 0.497357 0.196487 0.488159 0.196487
1 0.492758 0.183109 0.502010 0.183109 0.502010 0.189023 0.492758 0.189023
3 0.482757 0.191819 0.487033 0.191819 0.487033 0.196111 0.482757 0.196111
1 0.427189 0.201563 0.436549 0.201563 0.436549 0.208860 0.427189 0.208860
1 0.393231 0.208453 0.401681 0.208453 0.401681 0.215349 0.393231 0.215349
1 0.393499 0.202482 0.402269 0.202482 0.402269 0.209034 0.393499 0.209034
1 0.385478 0.176988 0.393820 0.176988 0.393820 0.184688 0.385478 0.184688
1 0.413393 0.190366 0.421146 0.190366 0.421146 0.196804 0.413393 0.196804
1 0.412431 0.172501 0.420346 0.172501 0.420346 0.180037 0.412431 0.180037
1 0.408313 0.157236 0.416387 0.157236 0.416387 0.164246 0.408313 0.164246
1 0.335163 0.163222 0.342204 0.163222 0.342204 0.169683 0.335163 0.169683
1 0.327765 0.157672 0.336321 0.157672 0.336321 0.165281 0.327765 0.165281
1 0.448500 0.335775 0.456363 0.335775 0.456363 0.342058 0.448500 0.342058
6 0.441061 0.410445 0.452998 0.410445 0.452998 0.419457 0.441061 0.419457
6 0.347043 0.448215 0.355445 0.448215 0.355445 0.457803 0.347043 0.457803
1 0.479534 0.658738 0.489330 0.658738 0.489330 0.665981 0.479534 0.665981
1 0.450748 0.648440 0.459897 0.648440 0.459897 0.654304 0.450748 0.654304
1 0.478194 0.691196 0.487343 0.691196 0.487343 0.698059 0.478194 0.698059
1 0.483461 0.702713 0.493350 0.702713 0.493350 0.708577 0.483461 0.708577
1 0.466678 0.767516 0.475181 0.767516 0.475181 0.773489 0.466678 0.773489
1 0.432944 0.797728 0.441493 0.797728 0.441493 0.804267 0.432944 0.804267
1 0.410152 0.784969 0.418815 0.784969 0.418815 0.791287 0.410152 0.791287
