1 0.680105 0.106805 0.690914 0.099939 0.693600 0.104816 0.682791 0.111682
1 0.623267 0.090243 0.633454 0.082176 0.637304 0.087785 0.627118 0.095852
1 0.586748 0.130781 0.597215 0.123757 0.600011 0.128562 0.589544 0.135587
1 0.524215 0.150996 0.531643 0.140967 0.535208 0.144012 0.527780 0.154042
1 0.511459 0.182145 0.522471 0.173956 0.527604 0.181918 0.516591 0.190107
1 0.467219 0.173220 0.476827 0.164375 0.480506 0.168985 0.470898 0.177830
1 0.051747 0.029235 0.060735 0.023480 0.063258 0.028025 0.054270 0.033780
1 0.090123 0.160608 0.099289 0.155721 0.101601 0.160723 0.092434 0.165610
1 0.131442 0.119575 0.141202 0.110333 0.144961 0.114912 0.135201 0.124155
1 0.218894 0.196508 0.229021 0.187699 0.232720 0.192605 0.222593 0.201413
1 0.272392 0.198387 0.261806 0.207529 0.258252 0.202782 0.268838 0.193640
1 0.331233 0.239535 0.341727 0.230570 0.349145 0.240586 0.338651 0.249551
1 0.148566 0.483499 0.158511 0.474568 0.164561 0.482340 0.154615 0.491270
1 0.049216 0.640099 0.056956 0.629344 0.061130 0.632810 0.053390 0.643565
1 0.448122 0.887329 0.456860 0.877438 0.463169 0.883868 0.454430 0.893758
1 0.442335 0.771477 0.430866 0.779975 0.427982 0.775484 0.439451 0.766986
1 0.363344 0.841869 0.371916 0.832099 0.377453 0.837703 0.368881 0.847473
1 0.382869 0.837950 0.374046 0.847695 0.371493 0.845029 0.380316 0.835284
1 0.375227 0.882395 0.385638 0.872945 0.388708 0.876845 0.378297 0.886296
1 0.261867 0.945801 0.272140 0.936962 0.278035 0.944866 0.267762 0.953704
1 0.095591 0.731209 0.104306 0.721517 0.111710 0.729198 0.102996 0.738890
1 0.193489 0.630299 0.201072 0.623561 0.204520 0.628036 0.196937 0.634774
6 0.576379 0.279186 0.584090 0.279186 0.584090 0.285491 0.576379 0.285491
1 0.723060 0.960234 0.735003 0.952343 0.737341 0.956426 0.725399 0.964316
1 0.897856 0.438168 0.908158 0.430620 0.911022 0.435128 0.900720 0.442677
1 0.897837 0.425528 0.907572 0.416147 0.913004 0.422649 0.903269 0.432030
1 0.818941 0.454639 0.827673 0.447494 0.831408 0.452761 0.822677 0.459906
1 0.788870 0.436175 0.798396 0.428037 0.801646 0.432425 0.792120 0.440563
1 0.776717 0.950376 0.785568 0.943596 0.788497 0.948006 0.779646 0.954787
1 0.771354 0.976154 0.781148 0.967935 0.784283 0.972244 0.774489 0.980463
1 0.727589 0.969426 0.736827 0.963154 0.739548 0.967776 0.730309 0.974048
1 0.685269 0.940535 0.695477 0.930347 0.698689 0.934060 0.688481 0.944248
1 0.676603 0.930417 0.685454 0.923958 0.688161 0.928237 0.679311 0.934697
1 0.545086 0.937588 0.553703 0.928896 0.556739 0.932368 0.548122 0.941060
1 0.609119 0.921191 0.619080 0.912802 0.622222 0.917106 0.612261 0.925494
1 0.955629 0.296958 0.965238 0.286708 0.969413 0.291223 0.959804 0.301473
1 0.935330 0.262070 0.944253 0.252846 0.950374 0.259677 0.941451 0.268901
1 0.814247 0.960099 0.822975 0.952932 0.825606 0.956628 0.816878 0.963795
1 0.759042 0.942225 0.770001 0.933643 0.774625 0.940454 0.763666 0.949036
1 0.980045 0.270133 0.990014 0.262238 0.993319 0.267052 0.983349 0.274946
1 0.863501 0.213095 0.873252 0.203531 0.879599 0.210996 0.869848 0.220560
1 0.860660 0.182599 0.871083 0.173598 0.877364 0.181987 0.866940 0.190988
1 0.768656 0.151546 0.779729 0.143524 0.782633 0.148147 0.771560 0.156169
1 0.317175 0.518518 0.307707 0.528758 0.303247 0.524001 0.312715 0.513761
1 0.392476 0.450281 0.382628 0.458816 0.379303 0.454391 0.389151 0.445856
1 0.450965 0.473066 0.441670 0.481806 0.438138 0.477472 0.447433 0.468733
1 0.487273 0.381486 0.478294 0.391063 0.474359 0.386807 0.483338 0.377230
1 0.518847 0.370037 0.507811 0.378555 0.504276 0.373272 0.515313 0.364754
1 0.561658 0.343462 0.550996 0.350786 0.547986 0.345731 0.558648 0.338407
1 0.682705 0.267902 0.672948 0.274943 0.669546 0.269505 0.679303 0.262464
1 0.781712 0.215879 0.792478 0.208737 0.795072 0.213248 0.784306 0.220389
1 0.708468 0.488735 0.701255 0.501181 0.698268 0.499184 0.705481 0.486738
1 0.696396 0.491745 0.703418 0.480854 0.706833 0.483394 0.699811 0.494285
1 0.704690 0.484240 0.697747 0.494889 0.694193 0.492216 0.701136 0.481567
1 0.699312 0.470168 0.709322 0.458758 0.715451 0.464962 0.705441 0.476372
1 0.601076 0.572406 0.608994 0.563158 0.612833 0.566950 0.604915 0.576198
1 0.621628 0.567665 0.612772 0.577379 0.608782 0.573182 0.617638 0.563469
1 0.637929 0.582902 0.630051 0.593095 0.626656 0.590068 0.634534 0.579875
1 0.619112 0.586564 0.611391 0.597332 0.606966 0.593673 0.614687 0.582904
1 0.626946 0.594312 0.618155 0.604090 0.614341 0.600134 0.623132 0.590356
1 0.622878 0.605289 0.631631 0.595243 0.637820 0.601463 0.629066 0.611510
1 0.815781 0.840327 0.824885 0.832181 0.827760 0.835887 0.818657 0.844034
1 0.820675 0.855779 0.830872 0.847496 0.836044 0.854840 0.825847 0.863124
1 0.820583 0.866434 0.829108 0.858886 0.832348 0.863107 0.823822 0.870655
1 0.830764 0.884439 0.840743 0.875188 0.846390 0.882215 0.836411 0.891466
1 0.912841 0.884066 0.903836 0.892959 0.900274 0.888799 0.909279 0.879906
1 0.955763 0.979727 0.965455 0.972706 0.968313 0.977257 0.958621 0.984278
1 0.858940 0.993136 0.868715 0.985731 0.873071 0.992364 0.863296 0.999769
1 0.874486 0.949527 0.864120 0.959835 0.860820 0.956006 0.871185 0.945699
1 0.806606 0.957572 0.815489 0.949567 0.818682 0.953654 0.809799 0.961659
1 0.646945 0.903287 0.658300 0.896965 0.660886 0.902323 0.649531 0.908645
1 0.622981 0.863830 0.632295 0.856695 0.635271 0.861177 0.625957 0.868312
1 0.936198 0.358108 0.947565 0.347077 0.952129 0.352503 0.940763 0.363533
1 0.657740 0.810304 0.669123 0.801583 0.671956 0.805847 0.660573 0.814568
1 0.664260 0.825599 0.674594 0.816801 0.680008 0.824136 0.669674 0.832934
1 0.703124 0.818205 0.712807 0.809449 0.718279 0.816428 0.708596 0.825185
1 0.737478 0.824766 0.746432 0.816978 0.749595 0.821173 0.740641 0.828961
1 0.828142 0.757091 0.836732 0.749239 0.841526 0.755290 0.832937 0.763141
1 0.826538 0.755498 0.816383 0.764267 0.813379 0.760254 0.823534 0.751485
1 0.810865 0.751943 0.819402 0.745183 0.822191 0.749247 0.813654 0.756007
1 0.802390 0.734545 0.812439 0.727155 0.816496 0.733518 0.806447 0.740908
1 0.766504 0.718014 0.776810 0.710118 0.779768 0.714572 0.769462 0.722468
1 0.975200 0.635237 0.985313 0.627965 0.988340 0.632821 0.978226 0.640093
1 0.788231 0.551807 0.799635 0.542340 0.803157 0.547235 0.791753 0.556702
1 0.854790 0.577713 0.865148 0.568865 0.868617 0.573550 0.858260 0.582398
1 0.874887 0.549945 0.885930 0.541390 0.888998 0.545957 0.877954 0.554512
1 0.977269 0.522475 0.986140 0.510917 0.990549 0.514820 0.981678 0.526378
1 0.979900 0.415628 0.989668 0.408524 0.992824 0.413530 0.983056 0.420634
1 0.963993 0.419447 0.975227 0.410648 0.981211 0.419462 0.969977 0.428261
1 0.924794 0.457612 0.935483 0.447738 0.941813 0.455642 0.931125 0.465517
1 0.968980 0.942874 0.978165 0.934915 0.981512 0.939370 0.972327 0.947329
1 0.786594 0.031571 0.798246 0.023598 0.801014 0.028265 0.789362 0.036237
6 0.535321 0.196875 0.542098 0.196972 0.542008 0.204225 0.535231 0.204128
1 0.409268 0.905849 0.416642 0.898914 0.420287 0.903386 0.412914 0.910321
6 0.604552 0.495175 0.613427 0.495175 0.613427 0.503386 0.604552 0.503386
6 0.538079 0.439714 0.545279 0.439714 0.545279 0.447088 0.538079 0.447088
6 0.447122 0.493518 0.457481 0.493518 0.457481 0.501719 0.447122 0.501719
6 0.150163 0.750867 0.158167 0.750867 0.158167 0.757421 0.150163 0.757421
6 0.117070 0.969935 0.126370 0.969935 0.126370 0.976509 0.117070 0.976509
6 0.459695 0.373874 0.468295 0.373874 0.468295 0.380175 0.459695 0.380175
6 0.391179 0.406125 0.399562 0.406125 0.399562 0.412561 0.391179 0.412561
6 0.354770 0.373611 0.361800 0.373611 0.361800 0.380404 0.354770 0.380404
4 0.304863 0.027663 0.312774 0.027663 0.312774 0.035386 0.304863 0.035386
6 0.545684 0.610911 0.554884 0.610911 0.554884 0.618596 0.545684 0.618596
6 0.101442 0.541711 0.108535 0.541711 0.108535 0.548851 0.101442 0.548851
6 0.120142 0.710675 0.128471 0.710675 0.128471 0.717754 0.120142 0.717754
6 0.685336 0.204275 0.693221 0.204275 0.693221 0.211456 0.685336 0.211456
1 0.450475 0.037054 0.460817 0.031780 0.463032 0.036790 0.452690 0.042064
1 0.715167 0.746319 0.723699 0.737893 0.729090 0.744190 0.720558 0.752616
6 0.354874 0.198118 0.361772 0.198118 0.361772 0.204877 0.354874 0.204877
4 0.396418 0.827986 0.403605 0.827986 0.403605 0.833872 0.396418 0.833872
4 0.161091 0.244728 0.168981 0.244728 0.168981 0.251667 0.161091 0.251667
4 0.285755 0.143546 0.293139 0.143546 0.293139 0.150228 0.285755 0.150228
4 0.140627 0.090370 0.148203 0.090370 0.148203 0.096667 0.140627 0.096667
4 0.184214 0.116911 0.191833 0.116911 0.191833 0.124421 0.184214 0.124421
4 0.450498 0.081332 0.457694 0.081332 0.457694 0.088649 0.450498 0.088649
4 0.378550 0.855221 0.378624 0.862022 0.372128 0.862104 0.372054 0.855302
4 0.580774 0.694667 0.588843 0.694840 0.588692 0.702991 0.580623 0.702818
4 0.967044 0.749251 0.959832 0.749105 0.959970 0.741254 0.967182 0.741400
4 0.922355 0.035826 0.930203 0.035826 0.930203 0.043140 0.922355 0.043140
4 0.467767 0.011579 0.475515 0.011579 0.475515 0.018246 0.467767 0.018246
6 0.117713 0.411230 0.125939 0.411230 0.125939 0.418088 0.117713 0.418088
6 0.189089 0.523679 0.197671 0.523679 0.197671 0.530246 0.189089 0.530246
6 0.200214 0.677711 0.207988 0.677711 0.207988 0.685123 0.200214 0.685123
6 0.291415 0.751040 0.299592 0.751040 0.299592 0.758579 0.291415 0.758579
6 0.072700 0.937151 0.081885 0.937151 0.081885 0.944456 0.072700 0.944456
6 0.014353 0.862563 0.023015 0.862563 0.023015 0.870281 0.014353 0.870281
6 0.049837 0.801507 0.059115 0.801507 0.059115 0.809772 0.049837 0.809772
6 0.904394 0.773816 0.912790 0.773816 0.912790 0.780895 0.904394 0.780895
6 0.927071 0.657696 0.935364 0.657696 0.935364 0.664175 0.927071 0.664175
4 0.790756 0.256735 0.798840 0.256735 0.798840 0.263614 0.790756 0.263614
6 0.539569 0.019711 0.547730 0.019711 0.547730 0.027088 0.539569 0.027088
6 0.717560 0.424507 0.724717 0.424507 0.724717 0.432140 0.717560 0.432140
6 0.738259 0.386932 0.746243 0.386932 0.746243 0.394561 0.738259 0.394561
6 0.310696 0.592242 0.317952 0.592242 0.317952 0.600158 0.310696 0.600158
