1 0.922352 0.571230 0.935819 0.571230 0.935819 0.576272 0.922352 0.576272
1 0.933658 0.566044 0.938196 0.566044 0.938196 0.580267 0.933658 0.580267
1 0.968989 0.427892 0.980419 0.427892 0.980419 0.436217 0.968989 0.436217
1 0.951753 0.297163 0.957522 0.297163 0.957522 0.310723 0.951753 0.310723
1 0.891548 0.322687 0.903076 0.322687 0.903076 0.328292 0.891548 0.328292
1 0.758373 0.119030 0.767676 0.119030 0.767676 0.129864 0.758373 0.129864
1 0.801630 0.167882 0.809936 0.167882 0.809936 0.180276 0.801630 0.180276
1 0.810258 0.179203 0.822782 0.179203 0.822782 0.186228 0.810258 0.186228
1 0.829160 0.219337 0.841121 0.219337 0.841121 0.226337 0.829160 0.226337
1 0.850025 0.233039 0.863315 0.233039 0.863315 0.237912 0.850025 0.237912
1 0.612942 0.276182 0.616915 0.276182 0.616915 0.290721 0.612942 0.290721
1 0.614891 0.417334 0.628564 0.417334 0.628564 0.421645 0.614891 0.421645
1 0.510859 0.592958 0.514961 0.592958 0.514961 0.607428 0.510859 0.607428
1 0.577832 0.558693 0.584056 0.558693 0.584056 0.569717 0.577832 0.569717
1 0.770214 0.303867 0.776289 0.303867 0.776289 0.316933 0.770214 0.316933
4 0.604225 0.024360 0.629302 0.024360 0.629302 0.034862 0.604225 0.034862
4 0.659481 0.113440 0.684038 0.113440 0.684038 0.121774 0.659481 0.121774
4 0.767210 0.929606 0.788041 0.929606 0.788041 0.949369 0.767210 0.949369
1 0.648477 0.087896 0.662044 0.087896 0.662044 0.092580 0.648477 0.092580
1 0.661086 0.100788 0.664578 0.100788 0.664578 0.115208 0.661086 0.115208
1 0.673755 0.070852 0.680343 0.070852 0.680343 0.083770 0.673755 0.083770
1 0.682608 0.097360 0.687464 0.097360 0.687464 0.111523 0.682608 0.111523
1 0.598601 0.125235 0.610779 0.125235 0.610779 0.131265 0.598601 0.131265
10 0.685949 0.299325 0.695371 0.299325 0.695371 0.305576 0.685949 0.305576
10 0.621353 0.421009 0.630646 0.421009 0.630646 0.427387 0.621353 0.427387
10 0.605900 0.340935 0.614876 0.340935 0.614876 0.346401 0.605900 0.346401
10 0.335811 0.530184 0.344840 0.530184 0.344840 0.535638 0.335811 0.535638
10 0.398998 0.516760 0.408163 0.516760 0.408163 0.523106 0.398998 0.523106
10 0.391371 0.521521 0.400151 0.521521 0.400151 0.527447 0.391371 0.527447
10 0.399638 0.525580 0.408483 0.525580 0.408483 0.531166 0.399638 0.531166
1 0.652440 0.128853 0.658204 0.128853 0.658204 0.141714 0.652440 0.141714
1 0.727944 0.989629 0.735394 0.989629 0.735394 0.995246 0.727944 0.995246
1 0.721150 0.938823 0.735037 0.938823 0.735037 0.942843 0.721150 0.942843
1 0.656291 0.974072 0.669599 0.974072 0.669599 0.978958 0.656291 0.978958
1 0.931354 0.811417 0.935946 0.811417 0.935946 0.825829 0.931354 0.825829
1 0.924624 0.830187 0.931514 0.830187 0.931514 0.843170 0.924624 0.843170
1 0.888294 0.945528 0.899703 0.945528 0.899703 0.954072 0.888294 0.954072
1 0.814151 0.886512 0.819380 0.886512 0.819380 0.899906 0.814151 0.899906
1 0.870754 0.875102 0.875985 0.875102 0.875985 0.889820 0.870754 0.889820
0 0.720452 0.800346 0.729482 0.800346 0.729482 0.804769 0.720452 0.804769
0 0.730118 0.795122 0.739256 0.795122 0.739256 0.799313 0.730118 0.799313
0 0.722214 0.791044 0.731032 0.791044 0.731032 0.795178 0.722214 0.795178
0 0.730064 0.786049 0.739362 0.786049 0.739362 0.789839 0.730064 0.789839
0 0.740159 0.780882 0.750205 0.780882 0.750205 0.784671 0.740159 0.784671
0 0.731721 0.776461 0.740271 0.776461 0.740271 0.780481 0.731721 0.780481
0 0.740319 0.772442 0.749403 0.772442 0.749403 0.776002 0.740319 0.776002
1 0.772460 0.592067 0.785149 0.592067 0.785149 0.598470 0.772460 0.598470
1 0.809180 0.568984 0.821459 0.568984 0.821459 0.575405 0.809180 0.575405
1 0.842570 0.574587 0.845970 0.574587 0.845970 0.585486 0.842570 0.585486
1 0.852069 0.574394 0.856508 0.574394 0.856508 0.584385 0.852069 0.584385
1 0.869481 0.579217 0.882518 0.579217 0.882518 0.584845 0.869481 0.584845
1 0.911824 0.593470 0.925359 0.593470 0.925359 0.598348 0.911824 0.598348
1 0.898518 0.570567 0.907132 0.570567 0.907132 0.582473 0.898518 0.582473
1 0.640626 0.101848 0.650731 0.101848 0.650731 0.111786 0.640626 0.111786
1 0.920053 0.574281 0.924128 0.574281 0.924128 0.588758 0.920053 0.588758
1 0.793468 0.911746 0.798723 0.911746 0.798723 0.925258 0.793468 0.925258
1 0.744360 0.854680 0.751407 0.854680 0.751407 0.867640 0.744360 0.867640
1 0.704859 0.898781 0.715282 0.898781 0.715282 0.902129 0.704859 0.902129
2 0.586952 0.883852 0.594302 0.883852 0.594302 0.889864 0.586952 0.889864
1 0.466380 0.877009 0.479730 0.877009 0.479730 0.881435 0.466380 0.881435
1 0.376371 0.948862 0.387988 0.948862 0.387988 0.956949 0.376371 0.956949
1 0.326723 0.954353 0.339328 0.954353 0.339328 0.960495 0.326723 0.960495
1 0.310168 0.980537 0.322878 0.980537 0.322878 0.986451 0.310168 0.986451
1 0.314072 0.910018 0.318301 0.910018 0.318301 0.924807 0.314072 0.924807
1 0.455099 0.898445 0.460263 0.898445 0.460263 0.911793 0.455099 0.911793
1 0.202463 0.931373 0.212432 0.931373 0.212432 0.941182 0.202463 0.941182
1 0.269931 0.861777 0.279500 0.861777 0.279500 0.872145 0.269931 0.872145
1 0.267780 0.850693 0.277090 0.850693 0.277090 0.861539 0.267780 0.861539
1 0.254910 0.847698 0.267632 0.847698 0.267632 0.853323 0.254910 0.853323
1 0.284564 0.825322 0.290444 0.825322 0.290444 0.839102 0.284564 0.839102
1 0.250383 0.824843 0.261114 0.824843 0.261114 0.834557 0.250383 0.834557
1 0.219474 0.803000 0.225131 0.803000 0.225131 0.816972 0.219474 0.816972
1 0.194817 0.818408 0.208258 0.818408 0.208258 0.823240 0.194817 0.823240
1 0.163175 0.886945 0.172562 0.886945 0.172562 0.897751 0.163175 0.897751
1 0.094072 0.894963 0.106993 0.894963 0.106993 0.900578 0.094072 0.900578
1 0.085048 0.888018 0.093239 0.888018 0.093239 0.899814 0.085048 0.899814
1 0.106989 0.705193 0.112626 0.705193 0.112626 0.718910 0.106989 0.718910
1 0.129635 0.698447 0.135537 0.698447 0.135537 0.712159 0.129635 0.712159
1 0.167338 0.682966 0.175195 0.682966 0.175195 0.695196 0.167338 0.695196
1 0.241137 0.704223 0.252033 0.704223 0.252033 0.713466 0.241137 0.713466
1 0.233660 0.716625 0.237505 0.716625 0.237505 0.731152 0.233660 0.731152
1 0.273573 0.777403 0.287196 0.777403 0.287196 0.781502 0.273573 0.781502
1 0.304182 0.764769 0.315717 0.764769 0.315717 0.773067 0.304182 0.773067
1 0.334659 0.753693 0.348325 0.753693 0.348325 0.757880 0.334659 0.757880
1 0.368868 0.774113 0.376468 0.774113 0.376468 0.783972 0.368868 0.783972
1 0.386537 0.658963 0.394325 0.658963 0.394325 0.671594 0.386537 0.671594
1 0.405804 0.633163 0.418409 0.633163 0.418409 0.638961 0.405804 0.638961
3 0.423969 0.638553 0.431339 0.638553 0.431339 0.646541 0.423969 0.646541
1 0.495671 0.638163 0.501239 0.638163 0.501239 0.651890 0.495671 0.651890
1 0.523088 0.601505 0.527048 0.601505 0.527048 0.616147 0.523088 0.616147
1 0.512220 0.577318 0.521901 0.577318 0.521901 0.587885 0.512220 0.587885
1 0.405279 0.559417 0.415277 0.559417 0.415277 0.569546 0.405279 0.569546
1 0.289614 0.658860 0.300370 0.658860 0.300370 0.666754 0.289614 0.666754
1 0.281652 0.666878 0.288368 0.666878 0.288368 0.680436 0.281652 0.680436
1 0.249903 0.661535 0.262999 0.661535 0.262999 0.667516 0.249903 0.667516
1 0.213556 0.655670 0.225017 0.655670 0.225017 0.664244 0.213556 0.664244
1 0.195048 0.657504 0.200947 0.657504 0.200947 0.671141 0.195048 0.671141
1 0.101487 0.690108 0.110204 0.690108 0.110204 0.698382 0.101487 0.698382
1 0.007775 0.737253 0.020266 0.737253 0.020266 0.743922 0.007775 0.743922
1 0.135859 0.646928 0.148766 0.646928 0.148766 0.652910 0.135859 0.652910
1 0.090730 0.652000 0.104081 0.652000 0.104081 0.656929 0.090730 0.656929
1 0.118136 0.625129 0.131221 0.625129 0.131221 0.629919 0.118136 0.629919
1 0.070320 0.600345 0.080133 0.600345 0.080133 0.610758 0.070320 0.610758
1 0.131185 0.579772 0.143024 0.579772 0.143024 0.587811 0.131185 0.587811
1 0.115290 0.553235 0.126120 0.553235 0.126120 0.562131 0.115290 0.562131
1 0.008342 0.533208 0.017707 0.533208 0.017707 0.541848 0.008342 0.541848
3 0.257560 0.208917 0.265198 0.208917 0.265198 0.216329 0.257560 0.216329
4 0.032227 0.056608 0.059045 0.056608 0.059045 0.075972 0.032227 0.075972
1 0.538357 0.043693 0.551620 0.043693 0.551620 0.049053 0.538357 0.049053
1 0.543694 0.058336 0.556917 0.058336 0.556917 0.063120 0.543694 0.063120
1 0.548189 0.074173 0.561057 0.074173 0.561057 0.080249 0.548189 0.080249
1 0.572343 0.070896 0.585162 0.070896 0.585162 0.076972 0.572343 0.076972
1 0.604104 0.074173 0.617144 0.074173 0.617144 0.080249 0.604104 0.080249
4 0.601136 0.092634 0.625106 0.092634 0.625106 0.104417 0.601136 0.104417
1 0.616565 0.081302 0.629249 0.081302 0.629249 0.087618 0.616565 0.087618
