4 0.396257 0.642936 0.399984 0.642936 0.399984 0.652858 0.396257 0.652858
4 0.383059 0.734988 0.388255 0.734988 0.388255 0.742430 0.383059 0.742430
4 0.307229 0.704551 0.311192 0.704551 0.311192 0.715993 0.307229 0.715993
4 0.298399 0.694909 0.307849 0.694909 0.307849 0.705302 0.298399 0.705302
4 0.287400 0.696458 0.297492 0.696458 0.297492 0.706163 0.287400 0.706163
4 0.297438 0.684861 0.303152 0.684861 0.303152 0.693473 0.297438 0.693473
4 0.294128 0.680209 0.297438 0.680209 0.297438 0.683999 0.294128 0.683999
4 0.332836 0.667808 0.338388 0.667808 0.338388 0.674238 0.332836 0.674238
4 0.329578 0.664018 0.332623 0.664018 0.332623 0.668038 0.329578 0.668038
4 0.326002 0.658047 0.328671 0.658047 0.328671 0.662180 0.326002 0.662180
4 0.313402 0.657586 0.322745 0.657586 0.322745 0.664535 0.313402 0.664535
4 0.304378 0.654199 0.313135 0.654199 0.313135 0.665109 0.304378 0.665109
4 0.302671 0.665109 0.313723 0.665109 0.313723 0.669070 0.302671 0.669070
4 0.307849 0.645413 0.318954 0.645413 0.318954 0.653683 0.307849 0.653683
4 0.294983 0.650985 0.306888 0.650985 0.306888 0.656380 0.294983 0.656380
4 0.288576 0.655405 0.293914 0.655405 0.293914 0.661148 0.288576 0.661148
4 0.285745 0.647021 0.290878 0.647021 0.290878 0.653515 0.285745 0.653515
4 0.278805 0.646619 0.282221 0.646619 0.282221 0.649203 0.278805 0.649203
4 0.280781 0.651902 0.285478 0.651902 0.285478 0.658851 0.280781 0.658851
4 0.286921 0.662295 0.292900 0.662295 0.292900 0.674123 0.286921 0.674123
4 0.314202 0.640763 0.316819 0.640763 0.316819 0.645529 0.314202 0.645529
4 0.322692 0.627902 0.326216 0.627902 0.326216 0.630946 0.322692 0.630946
4 0.328885 0.622791 0.331235 0.622791 0.331235 0.625835 0.328885 0.625835
4 0.333530 0.620839 0.335452 0.620839 0.335452 0.623945 0.333530 0.623945
4 0.335238 0.616591 0.338228 0.616591 0.338228 0.620266 0.335238 0.620266
4 0.339157 0.589334 0.344816 0.589334 0.344816 0.600071 0.339157 0.600071
4 0.347326 0.594726 0.350636 0.594726 0.350636 0.599090 0.347326 0.599090
4 0.344604 0.592543 0.347326 0.592543 0.347326 0.595931 0.344604 0.595931
4 0.350423 0.591452 0.353040 0.591452 0.353040 0.594215 0.350423 0.594215
4 0.348714 0.587549 0.351438 0.587549 0.351438 0.590648 0.348714 0.590648
4 0.352771 0.587260 0.355655 0.587260 0.355655 0.590884 0.352771 0.590884
4 0.343749 0.581519 0.350423 0.581519 0.350423 0.587893 0.343749 0.587893
4 0.350369 0.570668 0.356941 0.570668 0.356941 0.578706 0.350369 0.578706
4 0.352292 0.561767 0.365640 0.561767 0.365640 0.569295 0.352292 0.569295
4 0.359126 0.569518 0.362169 0.569518 0.362169 0.573366 0.359126 0.573366
2 0.069000 0.890825 0.077141 0.890825 0.077141 0.897859 0.069000 0.897859
2 0.080779 0.884785 0.087749 0.884785 0.087749 0.891564 0.080779 0.891564
2 0.086298 0.873253 0.093270 0.873253 0.093270 0.880232 0.086298 0.880232
2 0.039121 0.860563 0.046562 0.860563 0.046562 0.867014 0.039121 0.867014
2 0.032427 0.849713 0.040244 0.849713 0.040244 0.856391 0.032427 0.856391
3 0.056214 0.812690 0.061808 0.812690 0.061808 0.817774 0.056214 0.817774
2 0.125342 0.718569 0.133417 0.718569 0.133417 0.725321 0.125342 0.725321
2 0.132602 0.757960 0.140436 0.757960 0.140436 0.764758 0.132602 0.764758
2 0.101693 0.673405 0.109386 0.673405 0.109386 0.680250 0.101693 0.680250
2 0.107993 0.649729 0.116038 0.649729 0.116038 0.656228 0.107993 0.656228
2 0.112916 0.635343 0.121370 0.635343 0.121370 0.642720 0.112916 0.642720
3 0.134128 0.904691 0.139359 0.904691 0.139359 0.910262 0.134128 0.910262
3 0.117598 0.911369 0.122990 0.911369 0.122990 0.917232 0.117598 0.917232
3 0.108574 0.909589 0.113754 0.909589 0.113754 0.915222 0.108574 0.915222
3 0.093465 0.908844 0.098003 0.908844 0.098003 0.914475 0.093465 0.914475
3 0.065329 0.933878 0.070454 0.933878 0.070454 0.939509 0.065329 0.939509
2 0.116402 0.956472 0.124098 0.956472 0.124098 0.962980 0.116402 0.962980
2 0.047759 0.928194 0.054462 0.928194 0.054462 0.933345 0.047759 0.933345
2 0.044752 0.883265 0.054095 0.883265 0.054095 0.890730 0.044752 0.890730
2 0.543764 0.764930 0.550418 0.764930 0.550418 0.770145 0.543764 0.770145
2 0.215661 0.525970 0.222783 0.525970 0.222783 0.532787 0.215661 0.532787
2 0.525442 0.366294 0.531368 0.366294 0.531368 0.371006 0.525442 0.371006
2 0.744683 0.508739 0.750525 0.508739 0.750525 0.514052 0.744683 0.514052
2 0.125633 0.576968 0.133321 0.576968 0.133321 0.583111 0.125633 0.583111
2 0.859508 0.811004 0.865735 0.811004 0.865735 0.815300 0.859508 0.815300
0 0.619809 0.400832 0.627663 0.400832 0.627663 0.413228 0.619809 0.413228
0 0.611757 0.420689 0.616555 0.420689 0.616555 0.435895 0.611757 0.435895
0 0.601729 0.454418 0.612910 0.454418 0.612910 0.458066 0.601729 0.458066
0 0.601251 0.459536 0.620303 0.459536 0.620303 0.465114 0.601251 0.465114
0 0.601764 0.472123 0.616909 0.472123 0.616909 0.479125 0.601764 0.479125
0 0.617504 0.479688 0.635946 0.479688 0.635946 0.483956 0.617504 0.483956
0 0.599868 0.482752 0.614145 0.482752 0.614145 0.485072 0.599868 0.485072
0 0.616812 0.485656 0.635426 0.485656 0.635426 0.488295 0.616812 0.488295
0 0.605714 0.486736 0.614803 0.486736 0.614803 0.489658 0.605714 0.489658
0 0.602256 0.490505 0.611755 0.490505 0.611755 0.493625 0.602256 0.493625
0 0.566524 0.470126 0.579730 0.470126 0.579730 0.476164 0.566524 0.476164
0 0.557747 0.460882 0.569501 0.460882 0.569501 0.468753 0.557747 0.468753
0 0.567578 0.460900 0.579697 0.460900 0.579697 0.469001 0.567578 0.469001
0 0.566503 0.462883 0.578880 0.462883 0.578880 0.471399 0.566503 0.471399
0 0.547658 0.410345 0.552040 0.410345 0.552040 0.431016 0.547658 0.431016
0 0.532043 0.406534 0.539740 0.406534 0.539740 0.419359 0.532043 0.419359
0 0.556422 0.402656 0.561266 0.402656 0.561266 0.415720 0.556422 0.415720
0 0.558729 0.403898 0.564573 0.403898 0.564573 0.420019 0.558729 0.420019
0 0.569801 0.392562 0.585246 0.392562 0.585246 0.399515 0.569801 0.399515
0 0.560728 0.386699 0.574336 0.386699 0.574336 0.394140 0.560728 0.394140
0 0.560497 0.376777 0.572183 0.376777 0.572183 0.383226 0.560497 0.383226
4 0.629666 0.351852 0.637780 0.351852 0.637780 0.360816 0.629666 0.360816
4 0.615730 0.338589 0.622565 0.338589 0.622565 0.357027 0.615730 0.357027
4 0.617780 0.319180 0.622460 0.319180 0.622460 0.336758 0.617780 0.336758
4 0.612720 0.306984 0.618742 0.306984 0.618742 0.313538 0.612720 0.313538
4 0.604775 0.304443 0.612335 0.304443 0.612335 0.308991 0.604775 0.308991
4 0.608299 0.295961 0.612656 0.295961 0.612656 0.304029 0.608299 0.304029
4 0.608363 0.287624 0.611823 0.287624 0.611823 0.291282 0.608363 0.291282
4 0.609773 0.276944 0.613684 0.276944 0.613684 0.285288 0.609773 0.285288
4 0.608299 0.266678 0.613552 0.266678 0.613552 0.275089 0.608299 0.275089
4 0.596894 0.258615 0.606890 0.258615 0.606890 0.266959 0.596894 0.266959
4 0.587733 0.260138 0.594844 0.260138 0.594844 0.275089 0.587733 0.275089
4 0.579916 0.277916 0.587989 0.277916 0.587989 0.289904 0.579916 0.289904
4 0.574150 0.291558 0.580044 0.291558 0.580044 0.305545 0.574150 0.305545
4 0.570242 0.304512 0.574150 0.304512 0.574150 0.314709 0.570242 0.314709
4 0.566461 0.315536 0.569985 0.315536 0.569985 0.324285 0.566461 0.324285
4 0.638493 0.072157 0.641787 0.072157 0.641787 0.075219 0.638493 0.075219
4 0.626037 0.071727 0.635246 0.071727 0.635246 0.077811 0.626037 0.077811
4 0.621276 0.078521 0.629689 0.078521 0.629689 0.088904 0.621276 0.088904
4 0.626392 0.086942 0.640807 0.086942 0.640807 0.091819 0.626392 0.091819
4 0.632042 0.084454 0.635335 0.084454 0.635335 0.088091 0.632042 0.088091
4 0.339129 0.599651 0.355006 0.599651 0.355006 0.622957 0.339129 0.622957
4 0.364051 0.540893 0.376415 0.540893 0.376415 0.552063 0.364051 0.552063
4 0.358604 0.552123 0.370649 0.552123 0.370649 0.561907 0.358604 0.561907
4 0.371163 0.528835 0.379170 0.528835 0.379170 0.541169 0.371163 0.541169
4 0.382182 0.525527 0.386346 0.525527 0.386346 0.529042 0.382182 0.529042
4 0.389549 0.510506 0.401787 0.510506 0.401787 0.520016 0.389549 0.520016
4 0.423423 0.514296 0.434321 0.514296 0.434321 0.528008 0.423423 0.528008
4 0.416631 0.513814 0.423621 0.513814 0.423621 0.522771 0.416631 0.522771
4 0.403626 0.510714 0.412921 0.510714 0.412921 0.514641 0.403626 0.514641
4 0.414838 0.576101 0.419009 0.576101 0.419009 0.580097 0.414838 0.580097
4 0.412210 0.583887 0.417150 0.583887 0.417150 0.592570 0.412210 0.592570
4 0.402600 0.592982 0.411321 0.592982 0.411321 0.604558 0.402600 0.604558
4 0.403945 0.604627 0.412537 0.604627 0.412537 0.609380 0.403945 0.609380
4 0.411505 0.609518 0.415228 0.609518 0.415228 0.613653 0.411505 0.613653
4 0.417016 0.620749 0.421123 0.620749 0.421123 0.624677 0.417016 0.624677
4 0.413557 0.615376 0.416830 0.615376 0.416830 0.618821 0.413557 0.618821
4 0.412147 0.627158 0.418752 0.627158 0.418752 0.633841 0.412147 0.633841
4 0.404907 0.632945 0.411256 0.632945 0.411256 0.639904 0.404907 0.639904
4 0.399974 0.638939 0.404016 0.638939 0.404016 0.643281 0.399974 0.643281
4 0.397667 0.665328 0.402928 0.665328 0.402928 0.675458 0.397667 0.675458
4 0.394207 0.677870 0.399083 0.677870 0.399083 0.691374 0.394207 0.691374
4 0.389786 0.690893 0.393766 0.690893 0.393766 0.695164 0.389786 0.695164
4 0.385943 0.694749 0.389857 0.694749 0.389857 0.710802 0.385943 0.710802
4 0.382676 0.711287 0.394214 0.711287 0.394214 0.720383 0.382676 0.720383
4 0.382290 0.721002 0.389473 0.721002 0.389473 0.733062 0.382290 0.733062
3 0.051778 0.923735 0.056567 0.923735 0.056567 0.929051 0.051778 0.929051
