2 0.655015 0.174666 0.659686 0.174666 0.659686 0.179499 0.655015 0.179499
2 0.141201 0.004265 0.146551 0.004265 0.146551 0.008981 0.141201 0.008981
4 0.599076 0.332149 0.620530 0.332149 0.620530 0.341418 0.599076 0.341418
4 0.293594 0.368885 0.307662 0.368885 0.307662 0.378401 0.293594 0.378401
4 0.524858 0.676768 0.532015 0.676768 0.532015 0.682233 0.524858 0.682233
4 0.578018 0.558679 0.587649 0.558679 0.587649 0.567968 0.578018 0.567968
4 0.474776 0.743548 0.485069 0.743548 0.485069 0.759276 0.474776 0.759276
4 0.459305 0.742625 0.474366 0.742625 0.474366 0.759024 0.459305 0.759024
4 0.456167 0.758541 0.480066 0.758541 0.480066 0.766534 0.456167 0.766534
4 0.213188 0.480130 0.229401 0.480130 0.229401 0.485650 0.213188 0.485650
4 0.208767 0.486883 0.238112 0.486883 0.238112 0.501360 0.208767 0.501360
4 0.061218 0.436377 0.067944 0.436377 0.067944 0.442405 0.061218 0.442405
4 0.084794 0.428390 0.089790 0.428390 0.089790 0.433021 0.084794 0.433021
4 0.092020 0.424579 0.097399 0.424579 0.097399 0.429382 0.092020 0.429382
4 0.080104 0.415410 0.092865 0.415410 0.092865 0.426738 0.080104 0.426738
4 0.078875 0.401924 0.091789 0.401924 0.091789 0.415824 0.078875 0.415824
4 0.070419 0.385396 0.084409 0.385396 0.084409 0.402677 0.070419 0.402677
4 0.099711 0.397751 0.114876 0.397751 0.114876 0.415729 0.099711 0.415729
4 0.117647 0.392991 0.135162 0.392991 0.135162 0.409127 0.117647 0.409127
4 0.142946 0.380708 0.149403 0.380708 0.149403 0.385511 0.142946 0.385511
4 0.130109 0.371282 0.140182 0.371282 0.140182 0.382126 0.130109 0.382126
4 0.148711 0.368802 0.160318 0.368802 0.160318 0.377078 0.148711 0.377078
4 0.140716 0.354911 0.151632 0.354911 0.151632 0.368562 0.140716 0.368562
4 0.149403 0.350529 0.163162 0.350529 0.163162 0.359468 0.149403 0.359468
4 0.164622 0.355573 0.186069 0.355573 0.186069 0.371869 0.164622 0.371869
4 0.290569 0.310859 0.298129 0.310859 0.298129 0.317687 0.290569 0.317687
4 0.243960 0.287467 0.251142 0.287467 0.251142 0.293813 0.243960 0.293813
4 0.252160 0.275754 0.269015 0.275754 0.269015 0.288921 0.252160 0.288921
4 0.268944 0.281748 0.274139 0.281748 0.274139 0.287543 0.268944 0.287543
4 0.265292 0.270380 0.270680 0.270380 0.270680 0.274934 0.265292 0.274934
4 0.275734 0.263834 0.280160 0.263834 0.280160 0.268319 0.275734 0.268319
4 0.286624 0.267217 0.290987 0.267217 0.290987 0.271420 0.286624 0.271420
4 0.226538 0.267148 0.233847 0.267148 0.233847 0.278449 0.226538 0.278449
4 0.220132 0.280240 0.225455 0.280240 0.225455 0.287543 0.220132 0.287543
4 0.216233 0.439297 0.230761 0.439297 0.230761 0.445745 0.216233 0.445745
4 0.213696 0.430119 0.228149 0.430119 0.228149 0.439132 0.213696 0.439132
4 0.214772 0.410524 0.221691 0.410524 0.221691 0.425737 0.214772 0.425737
4 0.230708 0.393756 0.237318 0.393756 0.237318 0.409631 0.230708 0.409631
4 0.241719 0.268587 0.247363 0.268587 0.247363 0.273280 0.241719 0.273280
4 0.250046 0.264317 0.255114 0.264317 0.255114 0.269285 0.250046 0.269285
4 0.241142 0.255566 0.247234 0.255566 0.247234 0.261084 0.241142 0.261084
4 0.249150 0.258321 0.254025 0.258321 0.254025 0.263083 0.249150 0.263083
4 0.231419 0.247993 0.246785 0.247993 0.246785 0.255779 0.231419 0.255779
4 0.065637 0.443876 0.080635 0.443876 0.080635 0.456205 0.065637 0.456205
4 0.059257 0.471244 0.066261 0.471244 0.066261 0.477041 0.059257 0.477041
4 0.052262 0.452806 0.067721 0.452806 0.067721 0.469104 0.052262 0.469104
4 0.074446 0.515327 0.090893 0.515327 0.090893 0.525490 0.074446 0.525490
4 0.063129 0.496092 0.078668 0.496092 0.078668 0.502350 0.063129 0.502350
4 0.143868 0.523715 0.149640 0.523715 0.149640 0.528933 0.143868 0.528933
4 0.484754 0.218411 0.492295 0.218411 0.492295 0.225935 0.484754 0.225935
4 0.659318 0.164702 0.673736 0.164702 0.673736 0.179574 0.659318 0.179574
0 0.142915 0.501417 0.150223 0.500243 0.150649 0.503309 0.143341 0.504484
0 0.139549 0.499487 0.145922 0.498192 0.146378 0.500790 0.140006 0.502085
0 0.123414 0.501018 0.130397 0.500162 0.130657 0.502610 0.123674 0.503466
0 0.111116 0.503710 0.117518 0.501149 0.118209 0.503147 0.111807 0.505708
0 0.103726 0.501635 0.110269 0.500061 0.110771 0.502474 0.104227 0.504048
0 0.093707 0.498025 0.100502 0.498152 0.100468 0.500241 0.093673 0.500114
0 0.091516 0.502056 0.099204 0.502301 0.099156 0.504027 0.091468 0.503782
0 0.090504 0.504913 0.099093 0.505284 0.099019 0.507270 0.090430 0.506899
0 0.061831 0.508104 0.068906 0.505349 0.069575 0.507335 0.062499 0.510090
0 0.065556 0.504947 0.070552 0.500422 0.071922 0.502172 0.066926 0.506697
0 0.077110 0.459630 0.079023 0.460113 0.076839 0.470129 0.074926 0.469646
0 0.073968 0.458425 0.075819 0.458992 0.073137 0.469118 0.071287 0.468551
0 0.070465 0.457858 0.072695 0.458605 0.069817 0.468542 0.067588 0.467795
0 0.073272 0.476217 0.075311 0.476834 0.072976 0.485771 0.070936 0.485154
0 0.098139 0.440807 0.099769 0.442654 0.092180 0.450400 0.090550 0.448553
0 0.087496 0.442784 0.089077 0.444485 0.081813 0.452298 0.080232 0.450597
0 0.062942 0.444436 0.064522 0.444882 0.062939 0.451373 0.061359 0.450927
0 0.060411 0.442533 0.062156 0.442980 0.060158 0.451998 0.058414 0.451551
0 0.055949 0.439814 0.057821 0.440191 0.056176 0.449647 0.054304 0.449270
4 0.853746 0.041191 0.866429 0.041191 0.866429 0.050534 0.853746 0.050534
4 0.841518 0.050442 0.851361 0.050442 0.851361 0.058466 0.841518 0.058466
4 0.825064 0.051278 0.838531 0.051278 0.838531 0.059711 0.825064 0.059711
0 0.085938 0.436810 0.087159 0.438386 0.082498 0.442564 0.081276 0.440987
4 0.201330 0.430367 0.209094 0.430367 0.209094 0.437064 0.201330 0.437064
0 0.096555 0.417659 0.101406 0.411944 0.102762 0.413276 0.097911 0.418991
0 0.097559 0.420399 0.103836 0.413879 0.105088 0.415273 0.098811 0.421793
0 0.097952 0.424695 0.104771 0.416966 0.106413 0.418642 0.099594 0.426371
0 0.098727 0.429924 0.105754 0.422444 0.107311 0.424137 0.100284 0.431617
0 0.092938 0.430363 0.093980 0.431612 0.089141 0.436283 0.088099 0.435033
0 0.199101 0.433780 0.208814 0.441398 0.206792 0.444381 0.197079 0.436763
0 0.212894 0.407720 0.220685 0.401743 0.222352 0.404257 0.214561 0.410234
0 0.206116 0.414491 0.211054 0.409657 0.212815 0.411739 0.207877 0.416573
0 0.198226 0.424163 0.204584 0.416568 0.206569 0.418491 0.200211 0.426086
0 0.209045 0.449673 0.214655 0.461022 0.211982 0.462551 0.206371 0.451202
2 0.187018 0.152309 0.191502 0.152309 0.191502 0.156319 0.187018 0.156319
0 0.809448 0.872703 0.819666 0.865290 0.821194 0.867727 0.810976 0.875140
0 0.867704 0.858944 0.876746 0.863335 0.875550 0.866182 0.866509 0.861791
0 0.602616 0.601457 0.611620 0.594574 0.613338 0.597174 0.604334 0.604057
0 0.351995 0.363778 0.359541 0.357572 0.361503 0.360333 0.353958 0.366538
0 0.344287 0.371021 0.351253 0.366062 0.353010 0.368917 0.346044 0.373876
0 0.369564 0.348504 0.371715 0.351185 0.364388 0.357988 0.362237 0.355308
2 0.024517 0.116368 0.030561 0.116368 0.030561 0.120589 0.024517 0.120589
1 0.660876 0.903337 0.667175 0.903337 0.667175 0.906539 0.660876 0.906539
2 0.632248 0.076303 0.639752 0.076303 0.639752 0.082570 0.632248 0.082570
2 0.152715 0.004608 0.158597 0.004608 0.158597 0.009247 0.152715 0.009247
0 0.025347 0.171949 0.028723 0.171949 0.028723 0.183490 0.025347 0.183490
0 0.026342 0.187660 0.030010 0.196910 0.027576 0.198027 0.023907 0.188777
0 0.027580 0.215687 0.035441 0.225908 0.033041 0.228044 0.025179 0.217823
0 0.048976 0.208970 0.069463 0.210550 0.069197 0.214532 0.048710 0.212952
0 0.106075 0.205951 0.120579 0.213458 0.119212 0.216513 0.104708 0.209005
0 0.167476 0.201974 0.177275 0.194594 0.179245 0.197620 0.169446 0.205000
0 0.187090 0.184574 0.193125 0.175770 0.195972 0.178029 0.189938 0.186832
0 0.474702 0.106081 0.476865 0.103919 0.484417 0.112660 0.482253 0.114823
0 0.500616 0.116986 0.507134 0.125551 0.505090 0.127351 0.498572 0.118785
2 0.369649 0.075415 0.374439 0.075415 0.374439 0.079925 0.369649 0.079925
2 0.398916 0.060098 0.403515 0.060098 0.403515 0.064377 0.398916 0.064377
0 0.547382 0.019374 0.557252 0.013096 0.558349 0.015090 0.548479 0.021368
0 0.439870 0.039214 0.456810 0.031367 0.457785 0.033801 0.440845 0.041648
0 0.442186 0.047588 0.453710 0.042017 0.454553 0.044036 0.443030 0.049607
0 0.465894 0.041290 0.480019 0.034621 0.480964 0.036935 0.466839 0.043604
0 0.503246 0.030016 0.511653 0.026991 0.512318 0.029128 0.503911 0.032154
0 0.536446 0.027123 0.542666 0.024406 0.543537 0.026715 0.537318 0.029431
0 0.520731 0.011506 0.535693 0.007938 0.536182 0.010312 0.521220 0.013880
0 0.527067 0.016291 0.543994 0.009844 0.544748 0.012133 0.527821 0.018580
0 0.532233 0.020607 0.543725 0.017016 0.544355 0.019347 0.532863 0.022938
0 0.668025 0.130908 0.670434 0.132604 0.658983 0.151426 0.656574 0.149730
0 0.672293 0.136929 0.674545 0.138669 0.662750 0.156325 0.660498 0.154585
0 0.678588 0.149527 0.680706 0.151570 0.670930 0.163290 0.668812 0.161246
0 0.674989 0.145533 0.677234 0.147288 0.667681 0.161430 0.665436 0.159676
0 0.686321 0.158391 0.689730 0.156482 0.696159 0.169765 0.692750 0.171674
0 0.696815 0.160496 0.710334 0.171816 0.708053 0.174967 0.694534 0.163647
0 0.156863 0.378289 0.158930 0.379811 0.152757 0.389508 0.150690 0.387986
0 0.697799 0.168501 0.710631 0.176893 0.708609 0.180471 0.695776 0.172079
0 0.695444 0.146024 0.698287 0.144819 0.703388 0.158747 0.700545 0.159952
2 0.151054 0.496255 0.156007 0.496255 0.156007 0.500763 0.151054 0.500763
2 0.527939 0.223010 0.533053 0.223010 0.533053 0.227565 0.527939 0.227565
2 0.105102 0.509400 0.110908 0.509400 0.110908 0.513880 0.105102 0.513880
2 0.578282 0.209633 0.583201 0.209633 0.583201 0.213756 0.578282 0.213756
4 0.811774 0.055907 0.819307 0.055907 0.819307 0.064672 0.811774 0.064672
4 0.803396 0.058298 0.808469 0.058298 0.808469 0.063184 0.803396 0.063184
4 0.645851 0.676438 0.654998 0.676438 0.654998 0.690245 0.645851 0.690245
4 0.641393 0.695041 0.646774 0.695041 0.646774 0.713479 0.641393 0.713479
4 0.623635 0.676273 0.637394 0.676273 0.637394 0.702151 0.623635 0.702151
4 0.600498 0.694379 0.617327 0.694379 0.617327 0.701077 0.600498 0.701077
4 0.595424 0.704963 0.601574 0.704963 0.601574 0.712322 0.595424 0.712322
4 0.588967 0.714388 0.594041 0.714388 0.594041 0.721830 0.588967 0.721830
4 0.522782 0.657925 0.530246 0.657925 0.530246 0.671981 0.522782 0.671981
4 0.524781 0.649730 0.531168 0.649730 0.531168 0.656106 0.524781 0.656106
4 0.102396 0.503541 0.109630 0.503541 0.109630 0.509081 0.102396 0.509081
4 0.111236 0.505112 0.116241 0.505112 0.116241 0.509743 0.111236 0.509743
4 0.132914 0.499902 0.139224 0.499902 0.139224 0.505525 0.132914 0.505525
4 0.155898 0.498745 0.161748 0.498745 0.161748 0.504368 0.155898 0.504368
4 0.190127 0.514098 0.213642 0.514098 0.213642 0.524778 0.190127 0.524778
4 0.191921 0.499636 0.216718 0.499636 0.216718 0.513754 0.191921 0.513754
4 0.216967 0.505073 0.225050 0.505073 0.225050 0.518646 0.216967 0.518646
4 0.655630 0.969794 0.660884 0.969794 0.660884 0.974480 0.655630 0.974480
4 0.648328 0.979372 0.654990 0.979372 0.654990 0.985366 0.648328 0.985366
4 0.641578 0.934714 0.648010 0.934714 0.648010 0.941383 0.641578 0.941383
4 0.719305 0.944721 0.724371 0.944721 0.724371 0.949957 0.719305 0.949957
4 0.721739 0.953403 0.727318 0.953403 0.727318 0.957330 0.721739 0.957330
4 0.728721 0.951818 0.733084 0.951818 0.733084 0.955470 0.728721 0.955470
4 0.699190 0.975176 0.714315 0.975176 0.714315 0.981447 0.699190 0.981447
4 0.682279 0.966564 0.694777 0.966564 0.694777 0.976553 0.682279 0.976553
4 0.645472 0.898450 0.655351 0.898450 0.655351 0.913928 0.645472 0.913928
4 0.451475 0.779194 0.456073 0.779194 0.456073 0.783301 0.451475 0.783301
4 0.456888 0.782425 0.471234 0.782425 0.471234 0.790121 0.456888 0.790121
4 0.462634 0.790080 0.476017 0.790080 0.476017 0.794546 0.462634 0.794546
4 0.475256 0.785000 0.479106 0.785000 0.479106 0.789203 0.475256 0.789203
4 0.479483 0.780522 0.483142 0.780522 0.483142 0.784862 0.479483 0.784862
4 0.460586 0.774872 0.482437 0.774872 0.482437 0.782865 0.460586 0.782865
4 0.455013 0.767291 0.461297 0.767291 0.461297 0.777490 0.455013 0.777490
4 0.461868 0.766603 0.483911 0.766603 0.483911 0.775353 0.461868 0.775353
4 0.092290 0.380698 0.106122 0.380698 0.106122 0.396896 0.092290 0.396896
4 0.465322 0.348933 0.477860 0.348933 0.477860 0.363328 0.465322 0.363328
4 0.861856 0.021699 0.872767 0.021699 0.872767 0.030548 0.861856 0.030548
4 0.193967 0.166912 0.202637 0.166912 0.202637 0.179026 0.193967 0.179026
4 0.180591 0.187748 0.194152 0.187748 0.194152 0.199762 0.180591 0.199762
4 0.148122 0.205220 0.161497 0.205220 0.161497 0.224468 0.148122 0.224468
4 0.154210 0.226155 0.172843 0.226155 0.172843 0.249570 0.154210 0.249570
4 0.111592 0.217116 0.119619 0.217116 0.119619 0.224965 0.111592 0.224965
4 0.086134 0.207403 0.103015 0.207403 0.103015 0.215043 0.086134 0.215043
4 0.096743 0.219805 0.103845 0.219805 0.103845 0.226452 0.096743 0.226452
4 0.075139 0.217840 0.092475 0.217840 0.092475 0.224483 0.075139 0.224483
4 0.072574 0.227634 0.098955 0.227634 0.098955 0.242130 0.072574 0.242130
4 0.033924 0.216919 0.041026 0.216919 0.041026 0.224965 0.033924 0.224965
4 0.022485 0.222474 0.030695 0.222474 0.030695 0.229727 0.022485 0.229727
4 0.026452 0.195884 0.040196 0.195884 0.040196 0.208791 0.026452 0.208791
4 0.687668 0.254831 0.693701 0.254831 0.693701 0.265971 0.687668 0.265971
4 0.675444 0.267004 0.681102 0.267004 0.681102 0.272460 0.675444 0.272460
4 0.671708 0.275898 0.678380 0.275898 0.678380 0.281187 0.671708 0.281187
4 0.682384 0.274464 0.688416 0.274464 0.688416 0.280039 0.682384 0.280039
4 0.690444 0.270788 0.695782 0.270788 0.695782 0.275273 0.690444 0.275273
4 0.373142 0.333232 0.392337 0.333232 0.392337 0.348710 0.373142 0.348710
4 0.449325 0.325046 0.455706 0.325046 0.455706 0.332654 0.449325 0.332654
4 0.457482 0.327767 0.467021 0.327767 0.467021 0.338688 0.457482 0.338688
4 0.462170 0.340912 0.469942 0.340912 0.469942 0.348115 0.462170 0.348115
4 0.136081 0.385873 0.143903 0.385873 0.143903 0.393589 0.136081 0.393589
4 0.471856 0.363733 0.488314 0.363733 0.488314 0.380609 0.471856 0.380609
4 0.491612 0.373498 0.509761 0.373498 0.509761 0.381931 0.491612 0.381931
4 0.529124 0.362494 0.535820 0.362494 0.535820 0.368372 0.529124 0.368372
4 0.540347 0.351826 0.557497 0.351826 0.557497 0.361344 0.540347 0.361344
4 0.570327 0.336944 0.578559 0.336944 0.578559 0.349356 0.570327 0.349356
4 0.196596 0.476899 0.207941 0.476899 0.207941 0.489776 0.196596 0.489776
2 0.605444 0.339537 0.610266 0.339537 0.610266 0.343761 0.605444 0.343761
4 0.555106 0.345966 0.562262 0.345966 0.562262 0.351919 0.555106 0.351919
