0 0.906192 0.685597 0.927588 0.685597 0.927588 0.688153 0.906192 0.688153
1 0.985859 0.135154 0.981141 0.118338 0.985202 0.117018 0.989921 0.133835
1 0.990548 0.029441 0.988743 0.012122 0.993225 0.011581 0.995031 0.028900
1 0.958199 0.081420 0.972211 0.072680 0.974421 0.076780 0.960408 0.085520
1 0.985995 0.203628 0.995392 0.195785 0.997992 0.199391 0.988594 0.207234
1 0.988087 0.197107 0.989307 0.212109 0.985195 0.212496 0.983975 0.197494
1 0.982972 0.214975 0.973300 0.200652 0.976661 0.198024 0.986333 0.212348
1 0.969589 0.214920 0.976500 0.207815 0.979440 0.211125 0.972530 0.218231
1 0.956356 0.227622 0.969967 0.218184 0.972266 0.222023 0.958656 0.231460
1 0.867583 0.355783 0.879717 0.343778 0.882775 0.347357 0.870642 0.359362
1 0.874850 0.314741 0.888135 0.304583 0.890717 0.308493 0.877432 0.318651
0 0.289067 0.253307 0.303226 0.253307 0.303226 0.255718 0.289067 0.255718
0 0.870460 0.693727 0.877510 0.693727 0.877510 0.696145 0.870460 0.696145
0 0.864120 0.698826 0.871362 0.698826 0.871362 0.701174 0.864120 0.701174
0 0.883459 0.699102 0.903829 0.699102 0.903829 0.702208 0.883459 0.702208
0 0.899982 0.704062 0.907480 0.704062 0.907480 0.706205 0.899982 0.706205
0 0.866617 0.703925 0.885643 0.703925 0.885643 0.706824 0.866617 0.706824
0 0.883333 0.708196 0.900820 0.708196 0.900820 0.710753 0.883333 0.710753
0 0.862072 0.711710 0.877383 0.711710 0.877383 0.715024 0.862072 0.715024
0 0.883201 0.717705 0.902229 0.717705 0.902229 0.720192 0.883201 0.720192
0 0.861174 0.721564 0.883338 0.721564 0.883338 0.724670 0.861174 0.724670
0 0.882755 0.726800 0.901845 0.726800 0.901845 0.729769 0.882755 0.729769
0 0.859509 0.731277 0.882249 0.731277 0.882249 0.733834 0.859509 0.733834
0 0.849008 0.736445 0.860349 0.736445 0.860349 0.739139 0.849008 0.739139
0 0.857781 0.740649 0.876166 0.740649 0.876166 0.743266 0.857781 0.743266
2 0.171291 0.715033 0.177593 0.715033 0.177593 0.720573 0.171291 0.720573
0 0.563399 0.564229 0.578930 0.564229 0.578930 0.566874 0.563399 0.566874
0 0.589220 0.564725 0.595068 0.564725 0.595068 0.566874 0.589220 0.566874
0 0.595367 0.560260 0.616353 0.560260 0.616353 0.562823 0.595367 0.562823
0 0.619734 0.357705 0.627956 0.357705 0.627956 0.360020 0.619734 0.360020
0 0.623806 0.362080 0.629878 0.362080 0.629878 0.364320 0.623806 0.364320
0 0.621271 0.366718 0.626804 0.366718 0.626804 0.369694 0.621271 0.369694
0 0.627495 0.370769 0.640713 0.370769 0.640713 0.373994 0.627495 0.373994
0 0.627649 0.378788 0.641020 0.378788 0.641020 0.381270 0.627649 0.381270
0 0.639944 0.375396 0.658929 0.375396 0.658929 0.377714 0.639944 0.377714
0 0.640251 0.382923 0.659540 0.382923 0.659540 0.385817 0.640251 0.385817
0 0.632029 0.386314 0.642326 0.386314 0.642326 0.389537 0.632029 0.389537
0 0.640251 0.391596 0.659387 0.391596 0.659387 0.393837 0.640251 0.393837
0 0.289835 0.260128 0.302649 0.260128 0.302649 0.262471 0.289835 0.262471
0 0.251156 0.257917 0.258143 0.257917 0.258143 0.260610 0.251156 0.260610
0 0.239694 0.251370 0.246809 0.251370 0.246809 0.253651 0.239694 0.253651
0 0.399828 0.237221 0.408681 0.237221 0.408681 0.239502 0.399828 0.239502
0 0.385397 0.232448 0.398962 0.232448 0.398962 0.235326 0.385397 0.235326
0 0.385858 0.228379 0.391215 0.228379 0.391215 0.230861 0.385858 0.230861
0 0.397753 0.228381 0.412240 0.228381 0.412240 0.231258 0.397753 0.231258
0 0.410202 0.223816 0.421093 0.223816 0.421093 0.226396 0.410202 0.226396
0 0.413429 0.215680 0.426257 0.215680 0.426257 0.217963 0.413429 0.217963
0 0.424587 0.210918 0.437875 0.210918 0.437875 0.213101 0.424587 0.213101
0 0.421083 0.206552 0.432065 0.206552 0.432065 0.208933 0.421083 0.208933
0 0.429936 0.202087 0.442854 0.202087 0.442854 0.204569 0.429936 0.204569
0 0.389362 0.201493 0.400620 0.201493 0.400620 0.203873 0.389362 0.203873
0 0.385212 0.212804 0.394626 0.212804 0.394626 0.215481 0.385212 0.215481
0 0.493082 0.201382 0.498532 0.201382 0.498532 0.203387 0.493082 0.203387
0 0.491354 0.196421 0.498596 0.196421 0.498596 0.198426 0.491354 0.198426
0 0.486807 0.191943 0.495074 0.191943 0.495074 0.193948 0.486807 0.193948
0 0.482837 0.186981 0.492641 0.186981 0.492641 0.188780 0.482837 0.188780
0 0.472847 0.178093 0.483036 0.178093 0.483036 0.180030 0.472847 0.180030
0 0.468300 0.173270 0.476311 0.173270 0.476311 0.175414 0.468300 0.175414
0 0.453251 0.169826 0.466642 0.169826 0.466642 0.171624 0.453251 0.171624
0 0.506233 0.011112 0.517483 0.011112 0.517483 0.013700 0.506233 0.013700
0 0.490372 0.015478 0.510936 0.015478 0.510936 0.017669 0.490372 0.017669
0 0.471837 0.010516 0.492955 0.010516 0.492955 0.013304 0.471837 0.013304
0 0.456346 0.006250 0.472206 0.006250 0.472206 0.008443 0.456346 0.008443
0 0.466305 0.015378 0.477093 0.015378 0.477093 0.017869 0.466305 0.017869
0 0.477093 0.019059 0.493323 0.019059 0.493323 0.022135 0.477093 0.022135
0 0.011700 0.006595 0.029524 0.006595 0.029524 0.009810 0.011700 0.009810
0 0.040570 0.007054 0.061703 0.007054 0.061703 0.009696 0.040570 0.009696
0 0.059782 0.012795 0.069760 0.012795 0.069760 0.015321 0.059782 0.015321
0 0.040565 0.017790 0.061916 0.017790 0.061916 0.019858 0.040565 0.019858
0 0.023168 0.012336 0.043558 0.012336 0.043558 0.014690 0.023168 0.014690
0 0.684358 0.403097 0.689816 0.403097 0.689816 0.405826 0.684358 0.405826
0 0.684514 0.388381 0.689739 0.388381 0.689739 0.390777 0.684514 0.390777
0 0.678828 0.383667 0.689201 0.383667 0.689201 0.385817 0.678828 0.385817
0 0.679058 0.376474 0.687741 0.376474 0.687741 0.378458 0.679058 0.378458
0 0.658848 0.372092 0.681597 0.372092 0.681597 0.374241 0.658848 0.374241
2 0.970604 0.372268 0.977113 0.372268 0.977113 0.377895 0.970604 0.377895
5 0.239021 0.340205 0.249268 0.340205 0.249268 0.352615 0.239021 0.352615
0 0.658694 0.379450 0.679673 0.379450 0.679673 0.381930 0.658694 0.381930
0 0.655159 0.387636 0.664382 0.387636 0.664382 0.389703 0.655159 0.389703
0 0.684206 0.398303 0.690432 0.398303 0.690432 0.400948 0.684206 0.400948
2 0.974739 0.113620 0.980742 0.113620 0.980742 0.119171 0.974739 0.119171
2 0.838682 0.224168 0.845618 0.224168 0.845618 0.229532 0.838682 0.229532
0 0.926556 0.681717 0.937379 0.681717 0.937379 0.684129 0.926556 0.684129
0 0.906386 0.677397 0.928036 0.677397 0.928036 0.679472 0.906386 0.679472
0 0.894026 0.682427 0.907288 0.682427 0.907288 0.684432 0.894026 0.684432
0 0.887750 0.689454 0.906584 0.689454 0.906584 0.692907 0.887750 0.692907
0 0.903056 0.694622 0.917727 0.694622 0.917727 0.696972 0.903056 0.696972
