4 0.958742 0.583116 0.962710 0.583142 0.962673 0.589650 0.958705 0.589624
11 0.079347 0.870487 0.096807 0.871051 0.096280 0.889875 0.078820 0.889310
11 0.126985 0.853257 0.146165 0.854336 0.145292 0.872264 0.126112 0.871185
1 0.878353 0.991953 0.875302 0.995781 0.867369 0.988479 0.870420 0.984650
4 0.205287 0.020692 0.205366 0.027382 0.197574 0.027488 0.197495 0.020798
4 0.063295 0.119441 0.063288 0.113439 0.069235 0.113431 0.069242 0.119433
4 0.150542 0.848688 0.157626 0.848688 0.157626 0.854559 0.150542 0.854559
4 0.263660 0.937201 0.271535 0.937201 0.271535 0.944499 0.263660 0.944499
4 0.035433 0.876018 0.042633 0.876018 0.042633 0.882114 0.035433 0.882114
4 0.109279 0.157619 0.116093 0.157619 0.116093 0.164610 0.109279 0.164610
4 0.605253 0.620365 0.612939 0.620365 0.612939 0.627151 0.605253 0.627151
4 0.752434 0.388138 0.759599 0.388138 0.759599 0.395185 0.752434 0.395185
4 0.449712 0.796497 0.456717 0.796497 0.456717 0.802434 0.449712 0.802434
4 0.691108 0.493807 0.699013 0.493807 0.699013 0.500852 0.691108 0.500852
4 0.108551 0.368745 0.115462 0.368745 0.115462 0.375422 0.108551 0.375422
2 0.530626 0.410554 0.536972 0.410554 0.536972 0.416079 0.530626 0.416079
1 0.736910 0.978227 0.730480 0.981161 0.728601 0.976404 0.735030 0.973470
4 0.111863 0.810280 0.119521 0.810280 0.119521 0.817266 0.111863 0.817266
4 0.203070 0.866795 0.210302 0.866795 0.210302 0.872218 0.203070 0.872218
4 0.202253 0.814118 0.209681 0.814118 0.209681 0.821411 0.202253 0.821411
4 0.210253 0.872734 0.202868 0.872560 0.202998 0.866199 0.210383 0.866373
4 0.962354 0.582235 0.962546 0.590000 0.954455 0.590231 0.954263 0.582466
4 0.945202 0.441109 0.938167 0.441057 0.938211 0.434104 0.945246 0.434156
1 0.743094 0.807573 0.751225 0.802812 0.753653 0.807602 0.745523 0.812363
4 0.484689 0.751625 0.484583 0.745085 0.491525 0.744955 0.491631 0.751495
1 0.925300 0.491632 0.932853 0.488105 0.934432 0.492011 0.926878 0.495538
