4 0.657547 0.195017 0.665208 0.195017 0.665208 0.202474 0.657547 0.202474
4 0.016459 0.557909 0.023082 0.557909 0.023082 0.564861 0.016459 0.564861
4 0.149415 0.437232 0.158127 0.437232 0.158127 0.444286 0.149415 0.444286
4 0.064537 0.587789 0.071868 0.587789 0.071868 0.595070 0.064537 0.595070
4 0.701674 0.095956 0.708572 0.095956 0.708572 0.102422 0.701674 0.102422
6 0.551256 0.195484 0.559310 0.195484 0.559310 0.201969 0.551256 0.201969
4 0.790144 0.141272 0.798542 0.141272 0.798542 0.148233 0.790144 0.148233
4 0.986874 0.113267 0.994364 0.113267 0.994364 0.120610 0.986874 0.120610
1 0.524542 0.386021 0.505869 0.398275 0.501327 0.390275 0.520000 0.378021
4 0.059637 0.286420 0.067104 0.286420 0.067104 0.293449 0.059637 0.293449
4 0.106056 0.074845 0.113920 0.074845 0.113920 0.082125 0.106056 0.082125
2 0.234020 0.435794 0.240920 0.435794 0.240920 0.441634 0.234020 0.441634
1 0.827760 0.173457 0.817532 0.177967 0.815633 0.172989 0.825861 0.168479
1 0.218860 0.909271 0.209556 0.915474 0.206731 0.910576 0.216035 0.904373
1 0.915974 0.678165 0.922496 0.672197 0.927356 0.678335 0.920834 0.684303
2 0.843163 0.588672 0.848905 0.588672 0.848905 0.593833 0.843163 0.593833
1 0.727646 0.373520 0.719749 0.380926 0.715998 0.376304 0.723895 0.368898
1 0.721592 0.305979 0.710440 0.314851 0.706078 0.308514 0.717230 0.299642
1 0.786622 0.277418 0.777406 0.288230 0.773887 0.284763 0.783103 0.273951
1 0.922870 0.275490 0.914898 0.281164 0.912191 0.276768 0.920163 0.271094
1 0.859208 0.243390 0.850962 0.246390 0.849581 0.242004 0.857827 0.239004
1 0.759798 0.166641 0.751139 0.168721 0.750076 0.163605 0.758734 0.161525
1 0.859890 0.282524 0.851405 0.286604 0.849337 0.281633 0.857822 0.277553
1 0.576242 0.632035 0.564879 0.637836 0.561730 0.630709 0.573094 0.624908
1 0.109094 0.612571 0.101052 0.618514 0.097997 0.613736 0.106039 0.607793
1 0.969321 0.534554 0.977603 0.529609 0.979916 0.534087 0.971634 0.539032
1 0.721248 0.722932 0.726027 0.728451 0.718201 0.736284 0.713422 0.730765
1 0.136294 0.952673 0.144843 0.946696 0.146459 0.949367 0.137910 0.955344
4 0.960917 0.832895 0.968871 0.832895 0.968871 0.840401 0.960917 0.840401
