1 0.572291 0.561950 0.563283 0.569411 0.561271 0.566601 0.570279 0.559140
6 0.210758 0.855495 0.222332 0.855495 0.222332 0.864400 0.210758 0.864400
1 0.165413 0.272471 0.174490 0.265431 0.176995 0.269167 0.167918 0.276207
1 0.042349 0.295771 0.051684 0.288662 0.054117 0.292357 0.044781 0.299466
3 0.227477 0.139466 0.231320 0.139466 0.231320 0.143234 0.227477 0.143234
1 0.096461 0.131262 0.087626 0.137131 0.085698 0.133775 0.094534 0.127906
1 0.033553 0.145143 0.024978 0.150684 0.022932 0.147022 0.031507 0.141481
1 0.049309 0.158838 0.042348 0.165461 0.039956 0.162552 0.046916 0.155929
1 0.051725 0.196109 0.043240 0.203472 0.040792 0.200209 0.049277 0.192846
1 0.131329 0.199425 0.140000 0.194256 0.142278 0.198675 0.133607 0.203844
1 0.189075 0.207430 0.197974 0.200950 0.200386 0.204781 0.191487 0.211260
1 0.174183 0.200007 0.182555 0.194249 0.184823 0.198064 0.176452 0.203821
1 0.189825 0.007766 0.182414 0.014060 0.180245 0.011106 0.187655 0.004812
1 0.189735 0.013110 0.197150 0.006347 0.199516 0.009347 0.192101 0.016110
1 0.137026 0.122867 0.145990 0.117976 0.148467 0.123225 0.139502 0.128116
1 0.168605 0.132090 0.178248 0.123987 0.180839 0.127554 0.171196 0.135656
1 0.405447 0.070962 0.413891 0.064627 0.416299 0.068339 0.407855 0.074674
1 0.477946 0.128804 0.486824 0.122860 0.490051 0.128436 0.481172 0.134379
1 0.779005 0.165016 0.788531 0.159615 0.790317 0.163257 0.780790 0.168658
1 0.759990 0.199803 0.770761 0.193901 0.772468 0.197504 0.761697 0.203406
2 0.757806 0.304034 0.763939 0.304034 0.763939 0.308818 0.757806 0.308818
3 0.790742 0.358514 0.794626 0.358514 0.794626 0.362511 0.790742 0.362511
3 0.798362 0.361531 0.802338 0.361531 0.802338 0.365567 0.798362 0.365567
3 0.795858 0.369164 0.799383 0.369164 0.799383 0.373092 0.795858 0.373092
3 0.803138 0.366876 0.806887 0.366876 0.806887 0.370945 0.803138 0.370945
3 0.815441 0.368479 0.819370 0.368479 0.819370 0.372097 0.815441 0.372097
3 0.811570 0.353695 0.814954 0.353695 0.814954 0.357866 0.811570 0.357866
3 0.815166 0.360538 0.818948 0.360538 0.818948 0.364205 0.815166 0.364205
3 0.824592 0.362820 0.828219 0.362820 0.828219 0.366090 0.824592 0.366090
3 0.823717 0.347411 0.826969 0.347411 0.826969 0.350987 0.823717 0.350987
3 0.826805 0.354444 0.830318 0.354444 0.830318 0.358256 0.826805 0.358256
3 0.922973 0.332790 0.926465 0.332790 0.926465 0.336913 0.922973 0.336913
3 0.901929 0.345029 0.905342 0.345029 0.905342 0.348821 0.901929 0.348821
3 0.898531 0.335130 0.901948 0.335130 0.901948 0.339148 0.898531 0.339148
3 0.910442 0.338975 0.913963 0.338975 0.913963 0.342500 0.910442 0.342500
3 0.918339 0.342988 0.921611 0.342988 0.921611 0.346691 0.918339 0.346691
3 0.907980 0.329653 0.911171 0.329653 0.911171 0.333386 0.907980 0.333386
3 0.913910 0.330377 0.917357 0.330377 0.917357 0.334224 0.913910 0.334224
3 0.924317 0.325432 0.927683 0.325432 0.927683 0.329213 0.924317 0.329213
3 0.930825 0.324343 0.933967 0.324343 0.933967 0.327763 0.930825 0.327763
3 0.936264 0.327678 0.939438 0.327678 0.939438 0.331273 0.936264 0.331273
3 0.932468 0.333438 0.935785 0.333438 0.935785 0.337061 0.932468 0.337061
1 0.678271 0.619759 0.669625 0.627424 0.667365 0.624475 0.676010 0.616810
1 0.666504 0.610860 0.674494 0.603391 0.677227 0.606772 0.669237 0.614241
1 0.585350 0.577631 0.592793 0.572109 0.594911 0.575411 0.587468 0.580932
1 0.634350 0.597537 0.643761 0.590103 0.646115 0.593549 0.636704 0.600983
1 0.598381 0.548128 0.607186 0.540041 0.609987 0.543567 0.601182 0.551655
1 0.581698 0.536061 0.590289 0.529324 0.592768 0.532981 0.584178 0.539717
1 0.564556 0.549570 0.572663 0.542460 0.575332 0.545979 0.567225 0.553090
1 0.572172 0.552322 0.580278 0.545487 0.582586 0.548653 0.574481 0.555488
1 0.580066 0.578144 0.571117 0.585060 0.568973 0.581851 0.577922 0.574935
1 0.570664 0.583910 0.577697 0.579473 0.578997 0.581855 0.571964 0.586293
1 0.613156 0.580814 0.604498 0.587653 0.602016 0.584018 0.610673 0.577179
3 0.620740 0.584131 0.624566 0.584131 0.624566 0.589157 0.620740 0.589157
3 0.624447 0.592371 0.628284 0.592371 0.628284 0.596630 0.624447 0.596630
1 0.617759 0.600276 0.625216 0.593829 0.627760 0.597232 0.620303 0.603680
1 0.598941 0.613809 0.607579 0.607753 0.610017 0.611774 0.601378 0.617830
1 0.634780 0.632524 0.626891 0.639567 0.624283 0.636190 0.632172 0.629146
1 0.642462 0.610220 0.650948 0.603393 0.653575 0.607170 0.645089 0.613997
1 0.658410 0.613136 0.650069 0.620044 0.647543 0.616516 0.655884 0.609608
1 0.756269 0.031685 0.764559 0.025983 0.766473 0.029202 0.758183 0.034904
3 0.809367 0.110103 0.814678 0.110103 0.814678 0.116221 0.809367 0.116221
1 0.954575 0.209658 0.964571 0.201587 0.966723 0.204668 0.956726 0.212740
1 0.959213 0.182882 0.969022 0.177059 0.970459 0.179859 0.960650 0.185683
1 0.937603 0.102401 0.947353 0.094949 0.949147 0.097664 0.939397 0.105115
3 0.872996 0.080574 0.876652 0.080574 0.876652 0.085472 0.872996 0.085472
1 0.024020 0.574558 0.033986 0.569002 0.037136 0.575538 0.027170 0.581094
1 0.369160 0.359350 0.377879 0.353491 0.380283 0.357629 0.371564 0.363488
1 0.862898 0.774374 0.872493 0.768911 0.874815 0.773626 0.865219 0.779090
3 0.526719 0.368341 0.530784 0.368341 0.530784 0.373494 0.526719 0.373494
1 0.568046 0.376097 0.576639 0.371059 0.578627 0.374980 0.570034 0.380019
1 0.651277 0.357325 0.659530 0.351178 0.662314 0.355502 0.654061 0.361648
1 0.336688 0.310868 0.346641 0.303456 0.349007 0.307131 0.339055 0.314543
1 0.351560 0.300402 0.360708 0.294397 0.362944 0.298336 0.353796 0.304341
1 0.382512 0.393674 0.392034 0.386948 0.394457 0.390914 0.384935 0.397641
1 0.359443 0.403441 0.368381 0.398070 0.370795 0.402715 0.361858 0.408087
1 0.445188 0.399008 0.455131 0.393536 0.457395 0.398296 0.447453 0.403768
1 0.454234 0.416563 0.463433 0.410898 0.465478 0.414737 0.456279 0.420403
1 0.528609 0.457691 0.538419 0.450709 0.540852 0.454662 0.531042 0.461645
1 0.549427 0.471423 0.558044 0.464640 0.560424 0.468136 0.551806 0.474918
1 0.463683 0.449780 0.474102 0.443021 0.476255 0.446859 0.465836 0.453618
1 0.464565 0.466325 0.474748 0.459456 0.477193 0.463648 0.467011 0.470517
1 0.439636 0.485797 0.450222 0.479896 0.452275 0.484154 0.441689 0.490055
1 0.452329 0.503211 0.460237 0.498020 0.462505 0.502015 0.454597 0.507206
1 0.505717 0.502138 0.514366 0.497109 0.516514 0.501382 0.507865 0.506411
1 0.243544 0.476884 0.251645 0.471052 0.254078 0.474961 0.245978 0.480793
1 0.235855 0.425584 0.245155 0.419310 0.247529 0.423379 0.238228 0.429653
1 0.725880 0.449221 0.733409 0.442354 0.736351 0.446086 0.728822 0.452952
1 0.865565 0.740003 0.873089 0.734504 0.876002 0.739114 0.868478 0.744613
1 0.848678 0.737831 0.859484 0.731416 0.861638 0.735612 0.850832 0.742027
1 0.860298 0.719082 0.868152 0.714107 0.869651 0.716844 0.861797 0.721819
1 0.777416 0.625670 0.785965 0.622196 0.787713 0.627169 0.779164 0.630644
1 0.957978 0.648547 0.965635 0.642608 0.968260 0.646522 0.960603 0.652461
1 0.848229 0.706493 0.859073 0.700577 0.860670 0.703964 0.849827 0.709880
1 0.850564 0.700635 0.861433 0.694730 0.863000 0.698066 0.852131 0.703970
1 0.853083 0.550174 0.863983 0.546252 0.865289 0.550449 0.854389 0.554372
1 0.932236 0.554370 0.940980 0.546619 0.943515 0.549927 0.934771 0.557678
1 0.802397 0.480275 0.808970 0.475362 0.811456 0.479208 0.804883 0.484121
1 0.817998 0.421556 0.827798 0.414420 0.830378 0.418519 0.820579 0.425655
1 0.307055 0.511806 0.315497 0.506897 0.317227 0.510338 0.308785 0.515247
1 0.722464 0.744838 0.731995 0.737170 0.734943 0.741408 0.725412 0.749076
2 0.904035 0.385752 0.910472 0.385752 0.910472 0.390274 0.904035 0.390274
1 0.694916 0.751401 0.704882 0.743470 0.707633 0.747468 0.697667 0.755399
1 0.446014 0.798736 0.454493 0.793619 0.457996 0.800333 0.449518 0.805450
1 0.882137 0.070185 0.889327 0.064670 0.891331 0.067692 0.884142 0.073207
1 0.708350 0.600871 0.717490 0.592204 0.722277 0.598043 0.713137 0.606710
1 0.120103 0.934001 0.109864 0.940802 0.107690 0.937017 0.117929 0.930216
1 0.551057 0.777347 0.560570 0.770184 0.562935 0.773817 0.553423 0.780980
1 0.504870 0.518830 0.512886 0.511898 0.515606 0.515536 0.507590 0.522467
1 0.122253 0.166476 0.130905 0.159414 0.133545 0.163154 0.124893 0.170216
1 0.552692 0.034306 0.561287 0.027833 0.563608 0.031397 0.555012 0.037870
1 0.487607 0.190256 0.495073 0.184402 0.497467 0.187933 0.490001 0.193788
1 0.399395 0.171912 0.408514 0.166066 0.410411 0.169487 0.401291 0.175333
1 0.377779 0.126146 0.387796 0.119901 0.390013 0.124015 0.379996 0.130259
1 0.538393 0.191569 0.547460 0.185333 0.549889 0.189418 0.540822 0.195654
1 0.496164 0.265949 0.506284 0.260688 0.508180 0.264906 0.498060 0.270167
1 0.440826 0.205208 0.447724 0.199597 0.450019 0.202861 0.443120 0.208471
1 0.456677 0.544720 0.466289 0.536379 0.468715 0.539614 0.459103 0.547955
1 0.527920 0.550348 0.536496 0.543623 0.538248 0.546206 0.529672 0.552932
1 0.541103 0.550443 0.532815 0.557307 0.530186 0.553636 0.538474 0.546772
1 0.510858 0.565396 0.520200 0.557988 0.524081 0.563649 0.514739 0.571057
1 0.518331 0.550665 0.509664 0.557288 0.507226 0.553597 0.515892 0.546974
1 0.524479 0.538724 0.532488 0.532067 0.535056 0.535641 0.527048 0.542298
1 0.599865 0.511762 0.591275 0.518280 0.589008 0.514824 0.597599 0.508307
2 0.423004 0.569443 0.428657 0.569443 0.428657 0.574280 0.423004 0.574280
1 0.406568 0.589499 0.415021 0.581763 0.418355 0.585975 0.409902 0.593711
3 0.674796 0.693115 0.679266 0.693115 0.679266 0.698079 0.674796 0.698079
1 0.629679 0.682475 0.637940 0.675925 0.640892 0.680232 0.632632 0.686781
3 0.460599 0.756085 0.464994 0.756085 0.464994 0.760870 0.460599 0.760870
3 0.539234 0.741524 0.543043 0.741524 0.543043 0.745801 0.539234 0.745801
1 0.529020 0.750399 0.536870 0.745307 0.539082 0.749251 0.531232 0.754344
1 0.606618 0.795911 0.616222 0.789153 0.618683 0.793198 0.609079 0.799957
1 0.601750 0.879589 0.610684 0.871753 0.613746 0.875791 0.604812 0.883627
1 0.494478 0.854578 0.503212 0.846890 0.505942 0.850477 0.497209 0.858165
1 0.450718 0.884454 0.458826 0.877493 0.461482 0.881071 0.453374 0.888032
1 0.470442 0.892236 0.478776 0.887430 0.481173 0.892238 0.472839 0.897043
1 0.473946 0.917663 0.480908 0.912912 0.483047 0.916538 0.476085 0.921289
1 0.447102 0.947907 0.454553 0.942021 0.457226 0.945934 0.449775 0.951821
1 0.038963 0.672226 0.048620 0.666010 0.050861 0.670036 0.041203 0.676252
1 0.140556 0.623966 0.130786 0.630712 0.128418 0.626745 0.138188 0.619999
1 0.134188 0.630853 0.143926 0.623548 0.146155 0.626983 0.136416 0.634289
1 0.091697 0.635056 0.099743 0.633010 0.100681 0.637279 0.092636 0.639324
1 0.010813 0.617415 0.021192 0.610681 0.023329 0.614490 0.012950 0.621224
1 0.030644 0.551691 0.039712 0.545992 0.041973 0.550153 0.032905 0.555852
1 0.033237 0.528030 0.042934 0.521335 0.045433 0.525522 0.035736 0.532216
1 0.147271 0.472095 0.154902 0.465185 0.157742 0.468813 0.150112 0.475723
1 0.095704 0.458353 0.105449 0.450597 0.108334 0.454790 0.098589 0.462546
1 0.060633 0.452359 0.069348 0.445525 0.071900 0.449287 0.063185 0.456122
1 0.022518 0.362063 0.030727 0.355386 0.033084 0.358738 0.024875 0.365415
1 0.055506 0.390285 0.064562 0.383790 0.067001 0.387724 0.057945 0.394219
