1 0.116094 0.335428 0.127417 0.331128 0.128719 0.335096 0.117396 0.339396
1 0.088161 0.735578 0.098631 0.728860 0.101142 0.733391 0.090673 0.740109
1 0.298703 0.848824 0.308153 0.837390 0.311712 0.840794 0.302262 0.852228
6 0.977372 0.650843 0.984472 0.650859 0.984460 0.657046 0.977360 0.657030
1 0.603522 0.356046 0.612819 0.350664 0.614872 0.354769 0.605575 0.360151
1 0.776559 0.545487 0.786768 0.537377 0.790112 0.542250 0.779903 0.550359
1 0.482305 0.276916 0.492924 0.268649 0.496709 0.274276 0.486090 0.282543
1 0.047281 0.694499 0.043685 0.687916 0.053718 0.681572 0.057315 0.688154
1 0.394812 0.348842 0.403239 0.341955 0.406932 0.347184 0.398506 0.354072
1 0.883384 0.325549 0.892669 0.318440 0.894699 0.321509 0.885414 0.328618
1 0.544248 0.349215 0.553889 0.344645 0.555792 0.349292 0.546151 0.353862
1 0.716515 0.238959 0.727628 0.230499 0.730948 0.235547 0.719836 0.244007
1 0.199585 0.887957 0.208970 0.880982 0.211117 0.884325 0.201731 0.891300
6 0.605015 0.848329 0.613392 0.848444 0.613314 0.855074 0.604937 0.854959
6 0.627061 0.875267 0.634059 0.875312 0.634021 0.882154 0.627023 0.882110
6 0.779932 0.683298 0.772532 0.683298 0.772532 0.677007 0.779932 0.677007
6 0.375331 0.631927 0.367699 0.631836 0.367772 0.624744 0.375404 0.624835
6 0.577814 0.828514 0.569048 0.828500 0.569055 0.822782 0.577822 0.822795
6 0.749274 0.346275 0.757040 0.346357 0.756975 0.353454 0.749210 0.353372
6 0.897857 0.045558 0.897841 0.039500 0.905223 0.039478 0.905239 0.045536
6 0.915179 0.579976 0.907281 0.579937 0.907310 0.573032 0.915208 0.573070
6 0.386367 0.711505 0.377444 0.711495 0.377450 0.704517 0.386373 0.704526
6 0.821550 0.356494 0.829716 0.356508 0.829708 0.362599 0.821541 0.362586
6 0.708301 0.746390 0.717621 0.746427 0.717592 0.754855 0.708272 0.754818
4 0.900692 0.934767 0.907637 0.934871 0.907549 0.941683 0.900604 0.941579
6 0.844287 0.486925 0.836815 0.486875 0.836852 0.480498 0.844324 0.480548
1 0.713274 0.402297 0.720823 0.397110 0.722936 0.400670 0.715388 0.405857
1 0.469852 0.517886 0.479358 0.510979 0.482283 0.515638 0.472777 0.522545
1 0.062560 0.727444 0.070281 0.723887 0.071781 0.727655 0.064060 0.731212
1 0.565559 0.847980 0.575490 0.837596 0.578913 0.841384 0.568981 0.851769
1 0.640934 0.270012 0.649082 0.264094 0.650777 0.266795 0.642630 0.272713
1 0.688506 0.375097 0.697919 0.368717 0.700290 0.372765 0.690877 0.379146
1 0.047098 0.654195 0.056275 0.649796 0.057788 0.653449 0.048611 0.657848
3 0.349816 0.075288 0.344845 0.075267 0.344865 0.069769 0.349836 0.069790
1 0.672464 0.514770 0.670252 0.507329 0.674456 0.505883 0.676668 0.513323
1 0.291875 0.310219 0.302706 0.305055 0.304999 0.310623 0.294169 0.315787
1 0.231828 0.024496 0.242387 0.016006 0.246093 0.021340 0.235533 0.029830
1 0.084617 0.055936 0.094287 0.047024 0.098540 0.052365 0.088870 0.061277
1 0.936890 0.345209 0.947954 0.339166 0.950168 0.343858 0.939104 0.349901
3 0.208866 0.151352 0.204305 0.151244 0.204418 0.145725 0.208979 0.145833
1 0.437775 0.474514 0.447750 0.467329 0.450080 0.471073 0.440105 0.478258
1 0.709138 0.395431 0.716298 0.389979 0.718306 0.393031 0.711146 0.398483
1 0.954875 0.442685 0.963871 0.435274 0.967741 0.440711 0.958745 0.448122
1 0.866020 0.389043 0.874645 0.379763 0.877978 0.383348 0.869353 0.392628
1 0.242658 0.940039 0.250523 0.932071 0.253281 0.935221 0.245416 0.943189
1 0.919611 0.971575 0.927842 0.962093 0.930744 0.965008 0.922513 0.974490
1 0.020582 0.438193 0.032010 0.431519 0.035126 0.437694 0.023698 0.444368
1 0.712160 0.398566 0.718921 0.394564 0.720412 0.397480 0.713651 0.401482
1 0.478882 0.536582 0.488189 0.530395 0.489784 0.533171 0.480477 0.539358
1 0.141865 0.479815 0.138377 0.474251 0.147197 0.467850 0.150686 0.473414
1 0.759237 0.622962 0.768372 0.615481 0.771606 0.620053 0.762471 0.627533
1 0.247337 0.879613 0.257716 0.871477 0.260302 0.875295 0.249923 0.883431
1 0.236938 0.932920 0.245617 0.923005 0.248615 0.926042 0.239936 0.935958
1 0.561777 0.690210 0.562403 0.684237 0.565330 0.684592 0.564704 0.690565
1 0.278673 0.163289 0.291363 0.160763 0.292200 0.165627 0.279509 0.168153
1 0.192281 0.063270 0.201620 0.057149 0.205095 0.063285 0.195756 0.069406
1 0.887952 0.330286 0.892181 0.331512 0.890252 0.339210 0.886023 0.337984
1 0.184774 0.864164 0.194221 0.857453 0.198584 0.864560 0.189137 0.871271
1 0.096896 0.384515 0.108650 0.375203 0.114758 0.384124 0.103003 0.393437
4 0.825953 0.902992 0.820633 0.902878 0.820728 0.897745 0.826048 0.897859
1 0.426782 0.454458 0.424918 0.448565 0.435564 0.444667 0.437428 0.450560
1 0.155552 0.835000 0.165775 0.832127 0.166580 0.835443 0.156357 0.838316
1 0.207492 0.843985 0.204993 0.839948 0.214774 0.832940 0.217274 0.836976
1 0.063623 0.753460 0.071800 0.744815 0.077832 0.751418 0.069655 0.760063
1 0.439040 0.460414 0.428945 0.464175 0.427162 0.458637 0.437258 0.454876
1 0.295736 0.257249 0.308106 0.251819 0.310133 0.257166 0.297763 0.262595
1 0.364850 0.386064 0.373626 0.381532 0.376857 0.388774 0.368081 0.393306
1 0.224433 0.854462 0.214145 0.859765 0.212513 0.856101 0.222801 0.850799
1 0.884696 0.394610 0.893442 0.387153 0.897073 0.392082 0.888327 0.399539
4 0.954187 0.942169 0.954217 0.949032 0.947839 0.949065 0.947809 0.942202
6 0.320390 0.718446 0.312739 0.718382 0.312784 0.712158 0.320436 0.712222
6 0.953347 0.201091 0.944949 0.201041 0.944986 0.194085 0.953383 0.194135
6 0.826020 0.091924 0.833629 0.092151 0.833437 0.099591 0.825828 0.099363
4 0.884894 0.804661 0.892931 0.804710 0.892890 0.812571 0.884853 0.812522
6 0.412679 0.811227 0.405377 0.811188 0.405408 0.804545 0.412710 0.804585
1 0.636114 0.344168 0.626819 0.349551 0.624764 0.345446 0.634059 0.340062
1 0.630847 0.330246 0.618029 0.336357 0.615969 0.331356 0.628787 0.325245
1 0.605951 0.386425 0.615257 0.381056 0.617306 0.385166 0.608000 0.390535
4 0.205652 0.970008 0.205656 0.978193 0.197781 0.978198 0.197777 0.970013
4 0.736189 0.919344 0.744178 0.919392 0.744133 0.927974 0.736144 0.927926
1 0.785799 0.624196 0.796226 0.616059 0.799686 0.621190 0.789259 0.629327
1 0.201277 0.832326 0.208925 0.826090 0.211118 0.829204 0.203470 0.835439
1 0.253054 0.860871 0.261402 0.854227 0.264528 0.858772 0.256180 0.865416
1 0.177166 0.832931 0.187784 0.827209 0.190015 0.832000 0.179396 0.837722
1 0.450320 0.123557 0.460895 0.117949 0.462712 0.121915 0.452138 0.127523
1 0.401335 0.431677 0.411444 0.426491 0.413740 0.431670 0.403631 0.436856
1 0.181067 0.774043 0.190372 0.768484 0.192894 0.773368 0.183588 0.778928
6 0.801053 0.098535 0.808184 0.098591 0.808135 0.105775 0.801004 0.105718
1 0.235670 0.913954 0.244019 0.906599 0.247044 0.910573 0.238695 0.917927
1 0.928144 0.974701 0.936096 0.966741 0.939016 0.970116 0.931063 0.978076
1 0.867990 0.845297 0.876238 0.837545 0.878994 0.840938 0.870745 0.848690
