1 0.022893 0.396437 0.029411 0.388942 0.031742 0.391289 0.025224 0.398784
1 0.433153 0.547742 0.440540 0.542832 0.442524 0.546289 0.435137 0.551199
1 0.475703 0.416002 0.483605 0.409214 0.486244 0.412772 0.478342 0.419560
1 0.562158 0.420823 0.570260 0.413350 0.573393 0.417284 0.565291 0.424757
1 0.541641 0.397345 0.549058 0.389876 0.551591 0.392789 0.544174 0.400258
13 0.912716 0.721439 0.918647 0.721439 0.918647 0.726025 0.912716 0.726025
13 0.907842 0.713421 0.911801 0.713421 0.911801 0.717396 0.907842 0.717396
13 0.893728 0.717132 0.898976 0.717132 0.898976 0.721777 0.893728 0.721777
13 0.888177 0.697821 0.893425 0.697821 0.893425 0.704788 0.888177 0.704788
13 0.879421 0.687800 0.884607 0.687800 0.884607 0.693507 0.879421 0.693507
13 0.912351 0.698749 0.918525 0.698749 0.918525 0.702532 0.912351 0.702532
13 0.882705 0.740554 0.886779 0.740554 0.886779 0.745730 0.882705 0.745730
1 0.372195 0.239392 0.381209 0.231107 0.383633 0.234162 0.374620 0.242447
1 0.083338 0.300422 0.090942 0.293936 0.093424 0.297306 0.085820 0.303792
1 0.174199 0.387609 0.165196 0.392869 0.163737 0.389977 0.172740 0.384717
1 0.161146 0.384795 0.170000 0.379600 0.171671 0.382900 0.162817 0.388095
1 0.300860 0.309211 0.311531 0.304360 0.312896 0.307838 0.302225 0.312689
1 0.359575 0.317555 0.367925 0.308818 0.370232 0.311371 0.361883 0.320109
1 0.390721 0.328490 0.397486 0.322294 0.399671 0.325057 0.392906 0.331253
1 0.416844 0.329900 0.425912 0.323143 0.427793 0.326065 0.418724 0.332822
1 0.442377 0.396637 0.433272 0.403098 0.431258 0.399812 0.440363 0.393351
1 0.416721 0.365638 0.426776 0.359239 0.428751 0.362834 0.418697 0.369233
1 0.394470 0.364152 0.403289 0.355960 0.405875 0.359185 0.397057 0.367377
1 0.398192 0.335930 0.405674 0.329198 0.408195 0.332443 0.400714 0.339175
1 0.131369 0.146294 0.123853 0.153301 0.121461 0.150329 0.128977 0.143322
1 0.127627 0.124447 0.119527 0.134510 0.116691 0.131867 0.124792 0.121804
1 0.047275 0.139099 0.056246 0.129240 0.059245 0.132401 0.050274 0.142260
1 0.191292 0.299820 0.200944 0.291734 0.203555 0.295343 0.193903 0.303429
1 0.179804 0.285177 0.187466 0.278688 0.190071 0.282249 0.182408 0.288738
1 0.178061 0.148927 0.185523 0.141173 0.188256 0.144218 0.180794 0.151973
1 0.348702 0.127683 0.357665 0.120904 0.359864 0.124271 0.350901 0.131050
1 0.494734 0.909871 0.483391 0.918167 0.481430 0.915062 0.492773 0.906766
1 0.848698 0.388344 0.856406 0.381183 0.858889 0.384279 0.851181 0.391439
1 0.933126 0.418503 0.942416 0.414726 0.943760 0.418553 0.934470 0.422331
1 0.944850 0.424569 0.934552 0.428537 0.933594 0.425660 0.943893 0.421691
1 0.759824 0.301431 0.770037 0.295137 0.771753 0.298362 0.761540 0.304656
1 0.840545 0.090205 0.828595 0.099143 0.826620 0.096085 0.838570 0.087146
1 0.796459 0.054003 0.789696 0.063386 0.786832 0.060996 0.793596 0.051612
1 0.794666 0.046168 0.799065 0.036996 0.801596 0.038402 0.797197 0.047574
1 0.806499 0.040192 0.801827 0.050364 0.798760 0.048733 0.803432 0.038560
1 0.766256 0.023577 0.771715 0.016938 0.773892 0.019011 0.768433 0.025650
1 0.867558 0.212256 0.876140 0.207911 0.877316 0.210600 0.868734 0.214946
1 0.962375 0.207702 0.971630 0.201694 0.973278 0.204633 0.964023 0.210642
1 0.961363 0.098387 0.971800 0.089707 0.976030 0.095597 0.965593 0.104277
1 0.913951 0.054841 0.906901 0.062376 0.904573 0.059854 0.911624 0.052319
1 0.423808 0.380998 0.413406 0.387151 0.411978 0.384355 0.422379 0.378201
1 0.291760 0.875788 0.299379 0.867981 0.301482 0.870358 0.293864 0.878165
1 0.298281 0.853406 0.309337 0.844309 0.311424 0.847247 0.300368 0.856344
1 0.683181 0.539728 0.674033 0.548165 0.672088 0.545723 0.681236 0.537286
6 0.600375 0.037163 0.609667 0.037163 0.609667 0.045035 0.600375 0.045035
6 0.588288 0.117605 0.596576 0.117605 0.596576 0.125211 0.588288 0.125211
6 0.136642 0.007126 0.147261 0.007126 0.147261 0.015105 0.136642 0.015105
6 0.033997 0.118640 0.041995 0.118640 0.041995 0.126298 0.033997 0.126298
1 0.758401 0.447644 0.765355 0.441628 0.767766 0.444856 0.760813 0.450872
1 0.277349 0.924179 0.285103 0.917202 0.287023 0.919673 0.279269 0.926650
1 0.418743 0.627523 0.427870 0.620848 0.430092 0.624367 0.420965 0.631042
1 0.402592 0.646874 0.396809 0.655073 0.394319 0.653038 0.400101 0.644840
1 0.384920 0.640028 0.392897 0.632352 0.394855 0.634709 0.386878 0.642385
6 0.077070 0.509404 0.087088 0.509404 0.087088 0.516565 0.077070 0.516565
6 0.007765 0.624625 0.015028 0.624625 0.015028 0.635526 0.007765 0.635526
6 0.196004 0.448951 0.206042 0.448951 0.206042 0.455774 0.196004 0.455774
13 0.663234 0.890928 0.668852 0.890928 0.668852 0.895314 0.663234 0.895314
13 0.659659 0.886018 0.663179 0.886018 0.663179 0.890337 0.659659 0.890337
13 0.642145 0.855756 0.648626 0.855756 0.648626 0.859546 0.642145 0.859546
13 0.592377 0.851600 0.598528 0.851600 0.598528 0.855879 0.592377 0.855879
1 0.252423 0.281441 0.260334 0.273474 0.263328 0.276917 0.255417 0.284884
1 0.231753 0.464665 0.239809 0.464665 0.239809 0.468700 0.231753 0.468700
6 0.060445 0.035033 0.067437 0.035033 0.067437 0.044046 0.060445 0.044046
4 0.112822 0.420395 0.121951 0.420395 0.121951 0.429760 0.112822 0.429760
1 0.010638 0.397689 0.018773 0.388236 0.021696 0.391149 0.013562 0.400603
1 0.879416 0.026644 0.871268 0.035292 0.868572 0.032350 0.876721 0.023703
1 0.492542 0.676831 0.483593 0.685411 0.481504 0.682888 0.490453 0.674308
1 0.448665 0.680073 0.455240 0.674643 0.456999 0.677110 0.450423 0.682539
1 0.463531 0.703092 0.471943 0.694165 0.474489 0.696943 0.466076 0.705870
1 0.317481 0.671944 0.309547 0.679713 0.307273 0.677023 0.315207 0.669254
1 0.295788 0.679073 0.302871 0.672186 0.304836 0.674527 0.297754 0.681414
