4 0.444020 0.076650 0.449118 0.076650 0.449118 0.081424 0.444020 0.081424
4 0.450655 0.082245 0.456525 0.082245 0.456525 0.087496 0.450655 0.087496
4 0.436954 0.094045 0.441820 0.094045 0.441820 0.099165 0.436954 0.099165
4 0.440039 0.099390 0.444915 0.099390 0.444915 0.104165 0.440039 0.104165
4 0.477079 0.119512 0.483061 0.119512 0.483061 0.125238 0.477079 0.125238
4 0.491895 0.121736 0.496696 0.121736 0.496696 0.127006 0.491895 0.127006
4 0.506322 0.140814 0.511543 0.140814 0.511543 0.146107 0.506322 0.146107
4 0.533457 0.136371 0.538768 0.136371 0.538768 0.140781 0.533457 0.140781
4 0.535057 0.143194 0.540111 0.143194 0.540111 0.148153 0.535057 0.148153
4 0.543375 0.145053 0.548110 0.145053 0.548110 0.149877 0.543375 0.149877
4 0.584645 0.164001 0.590020 0.164001 0.590020 0.169168 0.584645 0.169168
4 0.619414 0.146479 0.624489 0.146479 0.624489 0.151281 0.619414 0.151281
4 0.710008 0.198652 0.715548 0.198652 0.715548 0.203416 0.710008 0.203416
4 0.710231 0.184484 0.716876 0.184484 0.716876 0.189723 0.710231 0.189723
4 0.718966 0.171625 0.724615 0.171625 0.724615 0.177936 0.718966 0.177936
4 0.728363 0.173530 0.733128 0.173530 0.733128 0.178888 0.728363 0.178888
4 0.630606 0.138266 0.635859 0.138266 0.635859 0.143227 0.630606 0.143227
4 0.623823 0.135717 0.629717 0.135717 0.629717 0.140610 0.623823 0.140610
4 0.626191 0.127448 0.632020 0.127448 0.632020 0.132617 0.626191 0.132617
4 0.615730 0.169142 0.620784 0.169142 0.620784 0.174653 0.615730 0.174653
4 0.614961 0.161838 0.619504 0.161838 0.619504 0.166660 0.614961 0.166660
4 0.666882 0.218717 0.672033 0.218717 0.672033 0.223927 0.666882 0.223927
4 0.555083 0.305469 0.559700 0.305469 0.559700 0.310132 0.555083 0.310132
4 0.586226 0.304974 0.591488 0.304974 0.591488 0.310728 0.586226 0.310728
4 0.595993 0.291777 0.600802 0.291777 0.600802 0.298624 0.595993 0.298624
4 0.606313 0.281359 0.611113 0.281359 0.611113 0.287014 0.606313 0.287014
4 0.616632 0.268759 0.621894 0.268759 0.621894 0.274216 0.616632 0.274216
4 0.630545 0.260324 0.635899 0.260324 0.635899 0.264690 0.630545 0.264690
4 0.625110 0.283542 0.631291 0.283542 0.631291 0.288206 0.625110 0.288206
4 0.637455 0.274711 0.643915 0.274711 0.643915 0.279573 0.637455 0.279573
4 0.652106 0.264394 0.658565 0.264394 0.658565 0.269751 0.652106 0.269751
4 0.665282 0.260127 0.671188 0.260127 0.671188 0.265485 0.665282 0.265485
4 0.576930 0.227582 0.583011 0.227582 0.583011 0.233535 0.576930 0.233535
4 0.575825 0.238595 0.581722 0.238595 0.581722 0.243756 0.575825 0.243756
4 0.575363 0.248717 0.579971 0.248717 0.579971 0.254075 0.575363 0.254075
4 0.611758 0.247030 0.622907 0.247030 0.622907 0.254075 0.611758 0.254075
4 0.610376 0.240580 0.615352 0.240580 0.615352 0.245938 0.610376 0.245938
4 0.625303 0.242862 0.630462 0.242862 0.630462 0.247823 0.625303 0.247823
4 0.615997 0.220936 0.621249 0.220936 0.621249 0.226590 0.615997 0.226590
4 0.613509 0.208335 0.618761 0.208335 0.618761 0.214188 0.613509 0.214188
4 0.621802 0.189780 0.627699 0.189780 0.627699 0.194841 0.621802 0.194841
4 0.634332 0.189484 0.640689 0.189484 0.640689 0.194544 0.634332 0.194544
4 0.653404 0.194544 0.660223 0.194544 0.660223 0.199207 0.653404 0.199207
4 0.658750 0.206845 0.664462 0.206845 0.664462 0.211213 0.658750 0.211213
4 0.671080 0.203969 0.675610 0.203969 0.675610 0.210522 0.671080 0.210522
4 0.718972 0.186276 0.723134 0.186276 0.723134 0.192321 0.718972 0.192321
4 0.726187 0.164381 0.733105 0.164381 0.733105 0.168682 0.726187 0.168682
4 0.447447 0.088726 0.452799 0.088726 0.452799 0.093169 0.447447 0.093169
4 0.448314 0.099965 0.453771 0.099965 0.453771 0.105834 0.448314 0.105834
4 0.507704 0.173978 0.512252 0.173978 0.512252 0.179214 0.507704 0.179214
4 0.520052 0.162471 0.525178 0.162471 0.525178 0.167432 0.520052 0.167432
4 0.477177 0.110400 0.483134 0.110400 0.483134 0.116200 0.477177 0.116200
4 0.395890 0.743766 0.401087 0.743766 0.401087 0.748541 0.395890 0.748541
4 0.542926 0.157593 0.547982 0.157593 0.547982 0.162485 0.542926 0.162485
4 0.552864 0.162813 0.557496 0.162813 0.557496 0.167466 0.552864 0.167466
4 0.541386 0.137633 0.546620 0.137633 0.546620 0.142714 0.541386 0.142714
4 0.553175 0.146352 0.557404 0.146352 0.557404 0.151251 0.553175 0.151251
4 0.557669 0.137106 0.563507 0.137106 0.563507 0.142964 0.557669 0.142964
4 0.570273 0.153537 0.575172 0.153537 0.575172 0.159094 0.570273 0.159094
4 0.583674 0.153537 0.588838 0.153537 0.588838 0.157508 0.583674 0.157508
4 0.623355 0.160395 0.627856 0.160395 0.627856 0.166743 0.623355 0.166743
4 0.626563 0.149295 0.631439 0.149295 0.631439 0.153680 0.626563 0.153680
4 0.637594 0.131935 0.643247 0.131935 0.643247 0.137205 0.637594 0.137205
4 0.481643 0.012235 0.489074 0.012235 0.489074 0.017949 0.481643 0.017949
4 0.420825 0.935894 0.425900 0.935894 0.425900 0.940864 0.420825 0.940864
4 0.508047 0.030522 0.514151 0.030522 0.514151 0.035952 0.508047 0.035952
4 0.527020 0.040238 0.532592 0.040238 0.532592 0.045668 0.527020 0.045668
4 0.580707 0.065063 0.586512 0.065063 0.586512 0.070222 0.580707 0.070222
4 0.595082 0.069031 0.600702 0.069031 0.600702 0.074489 0.595082 0.074489
4 0.615720 0.077763 0.620972 0.077763 0.620972 0.084013 0.615720 0.084013
4 0.677812 0.087009 0.684723 0.087009 0.684723 0.093657 0.677812 0.093657
4 0.660398 0.098906 0.665566 0.098906 0.665566 0.103282 0.660398 0.103282
4 0.677535 0.101983 0.682429 0.101983 0.682429 0.106953 0.677535 0.106953
4 0.688133 0.108231 0.693946 0.108231 0.693946 0.113699 0.688133 0.113699
4 0.711817 0.118558 0.718087 0.118558 0.718087 0.124018 0.711817 0.124018
4 0.728216 0.043655 0.733280 0.043655 0.733280 0.049466 0.728216 0.049466
4 0.752913 0.043761 0.758342 0.043761 0.758342 0.048474 0.752913 0.048474
4 0.762617 0.043504 0.768609 0.043504 0.768609 0.048539 0.762617 0.048539
4 0.867306 0.119974 0.872494 0.119974 0.872494 0.125899 0.867306 0.125899
4 0.797730 0.115943 0.803083 0.115943 0.803083 0.120705 0.797730 0.120705
4 0.802635 0.105624 0.809257 0.105624 0.809257 0.111280 0.802635 0.111280
4 0.817028 0.111711 0.823026 0.111711 0.823026 0.116486 0.817028 0.116486
4 0.830255 0.106521 0.835761 0.106521 0.835761 0.111576 0.830255 0.111576
4 0.839101 0.081413 0.844547 0.081413 0.844547 0.086276 0.839101 0.086276
4 0.854673 0.075560 0.862144 0.075560 0.862144 0.080918 0.854673 0.080918
4 0.866926 0.082793 0.872556 0.082793 0.872556 0.088260 0.866926 0.088260
4 0.865057 0.093023 0.870899 0.093023 0.870899 0.100067 0.865057 0.100067
4 0.973311 0.139514 0.987381 0.139514 0.987381 0.147700 0.973311 0.147700
4 0.869390 0.104424 0.887856 0.104424 0.887856 0.114237 0.869390 0.114237
4 0.988151 0.143743 0.993764 0.143743 0.993764 0.148765 0.988151 0.148765
1 0.958555 0.123809 0.967331 0.123809 0.967331 0.130428 0.958555 0.130428
4 0.994108 0.077735 0.998948 0.077735 0.998948 0.083186 0.994108 0.083186
1 0.695337 0.762152 0.704745 0.762152 0.704745 0.767908 0.695337 0.767908
1 0.688656 0.656288 0.696872 0.656288 0.696872 0.664390 0.688656 0.664390
1 0.636728 0.577067 0.643959 0.577067 0.643959 0.585749 0.636728 0.585749
4 0.424768 0.606281 0.429786 0.606281 0.429786 0.611105 0.424768 0.611105
4 0.428661 0.612081 0.433732 0.612081 0.433732 0.616847 0.428661 0.616847
4 0.430954 0.602894 0.435758 0.602894 0.435758 0.607718 0.430954 0.607718
1 0.552231 0.681366 0.560676 0.681366 0.560676 0.688558 0.552231 0.688558
1 0.628993 0.698995 0.639615 0.698995 0.639615 0.702578 0.628993 0.702578
4 0.581822 0.427647 0.597496 0.427647 0.597496 0.435892 0.581822 0.435892
1 0.621746 0.463505 0.631144 0.463505 0.631144 0.469358 0.621746 0.469358
1 0.676753 0.422815 0.687169 0.422815 0.687169 0.427686 0.676753 0.427686
1 0.399370 0.334388 0.407881 0.334388 0.407881 0.341278 0.399370 0.341278
1 0.403658 0.354921 0.411975 0.354921 0.411975 0.362432 0.403658 0.362432
1 0.239394 0.469628 0.248928 0.469628 0.248928 0.474803 0.239394 0.474803
1 0.259550 0.493537 0.268828 0.493537 0.268828 0.498849 0.259550 0.498849
1 0.197781 0.450897 0.207059 0.450897 0.207059 0.456415 0.197781 0.456415
1 0.081195 0.485516 0.089411 0.485516 0.089411 0.493296 0.081195 0.493296
1 0.101773 0.489568 0.108223 0.489568 0.108223 0.499001 0.101773 0.499001
1 0.336064 0.853571 0.346941 0.853571 0.346941 0.857497 0.336064 0.857497
4 0.320336 0.925916 0.333900 0.925916 0.333900 0.935012 0.320336 0.935012
4 0.324710 0.943245 0.330322 0.943245 0.330322 0.948049 0.324710 0.948049
4 0.334154 0.941838 0.339306 0.941838 0.339306 0.946891 0.334154 0.946891
4 0.342062 0.935804 0.347137 0.935804 0.347137 0.940360 0.342062 0.940360
4 0.408540 0.942261 0.413846 0.942261 0.413846 0.948139 0.408540 0.948139
4 0.390881 0.941350 0.396264 0.941350 0.396264 0.946817 0.390881 0.946817
4 0.391417 0.951190 0.397031 0.951190 0.397031 0.956408 0.391417 0.956408
4 0.403473 0.952099 0.409162 0.952099 0.409162 0.957564 0.403473 0.957564
4 0.419059 0.951190 0.424750 0.951190 0.424750 0.956325 0.419059 0.956325
4 0.241692 0.132610 0.246944 0.132610 0.246944 0.138398 0.241692 0.138398
4 0.255448 0.120069 0.260318 0.120069 0.260318 0.125444 0.255448 0.125444
1 0.071277 0.055234 0.081466 0.055234 0.081466 0.060516 0.071277 0.060516
4 0.083700 0.052938 0.089732 0.052938 0.089732 0.058105 0.083700 0.058105
4 0.074743 0.062124 0.079755 0.062124 0.079755 0.066775 0.074743 0.066775
4 0.028408 0.065915 0.034278 0.065915 0.034278 0.071139 0.028408 0.071139
4 0.037419 0.071771 0.042489 0.071771 0.042489 0.077282 0.037419 0.077282
4 0.043018 0.072517 0.047609 0.072517 0.047609 0.077915 0.043018 0.077915
4 0.055655 0.068440 0.060352 0.068440 0.060352 0.073206 0.055655 0.073206
4 0.035020 0.055865 0.039556 0.055865 0.039556 0.061607 0.035020 0.061607
4 0.045257 0.060460 0.050488 0.060460 0.050488 0.064938 0.045257 0.064938
4 0.054002 0.060344 0.059020 0.060344 0.059020 0.065455 0.054002 0.065455
4 0.018015 0.048206 0.033430 0.048206 0.033430 0.057508 0.018015 0.057508
1 0.019021 0.007029 0.027023 0.007029 0.027023 0.014395 0.019021 0.014395
4 0.128144 0.003557 0.137172 0.003557 0.137172 0.017474 0.128144 0.017474
4 0.142668 0.003763 0.148753 0.003763 0.148753 0.008724 0.142668 0.008724
4 0.167558 0.015063 0.179786 0.015063 0.179786 0.022367 0.167558 0.022367
4 0.164935 0.028292 0.170188 0.028292 0.170188 0.033391 0.164935 0.033391
4 0.158345 0.021195 0.163661 0.021195 0.163661 0.026639 0.158345 0.026639
4 0.180355 0.007346 0.185290 0.007346 0.185290 0.013065 0.180355 0.013065
4 0.338915 0.085016 0.344918 0.085016 0.344918 0.091428 0.338915 0.091428
4 0.345008 0.092719 0.349939 0.092719 0.349939 0.097504 0.345008 0.097504
4 0.343848 0.100902 0.348651 0.100902 0.348651 0.105878 0.343848 0.105878
4 0.320298 0.096740 0.331766 0.096740 0.331766 0.106595 0.320298 0.106595
4 0.240663 0.041674 0.246394 0.041674 0.246394 0.047039 0.240663 0.047039
4 0.224666 0.047129 0.230309 0.047129 0.230309 0.052684 0.224666 0.052684
4 0.224178 0.063255 0.228887 0.063255 0.228887 0.067853 0.224178 0.067853
4 0.206938 0.058853 0.220134 0.058853 0.220134 0.067039 0.206938 0.067039
4 0.210136 0.078900 0.214890 0.078900 0.214890 0.084217 0.210136 0.084217
4 0.235686 0.084313 0.241285 0.084313 0.241285 0.088668 0.235686 0.088668
4 0.245062 0.075987 0.250128 0.075987 0.250128 0.080580 0.245062 0.080580
4 0.293285 0.429133 0.309550 0.429133 0.309550 0.441873 0.293285 0.441873
4 0.312412 0.423417 0.317620 0.423417 0.317620 0.428657 0.312412 0.428657
4 0.449373 0.384605 0.454265 0.384605 0.454265 0.390261 0.449373 0.390261
4 0.412426 0.383911 0.417594 0.383911 0.417594 0.389269 0.412426 0.389269
4 0.409385 0.390758 0.414646 0.390758 0.414646 0.397009 0.409385 0.397009
4 0.416573 0.403557 0.421097 0.403557 0.421097 0.409013 0.416573 0.409013
4 0.400079 0.415860 0.405432 0.415860 0.405432 0.421516 0.400079 0.421516
4 0.406160 0.423003 0.419437 0.423003 0.419437 0.431636 0.406160 0.431636
4 0.479265 0.484376 0.502193 0.484376 0.502193 0.500321 0.479265 0.500321
4 0.565314 0.551711 0.580748 0.551711 0.580748 0.566181 0.565314 0.566181
4 0.557943 0.564362 0.562090 0.564362 0.562090 0.568992 0.557943 0.568992
4 0.583128 0.544270 0.588502 0.544270 0.588502 0.550058 0.583128 0.550058
4 0.375810 0.528750 0.391298 0.528750 0.391298 0.541153 0.375810 0.541153
4 0.390736 0.539269 0.396458 0.539269 0.396458 0.544824 0.390736 0.544824
4 0.383918 0.545619 0.390008 0.545619 0.390008 0.550876 0.383918 0.550876
4 0.346049 0.578260 0.350666 0.578260 0.350666 0.583520 0.346049 0.583520
4 0.352867 0.588779 0.358681 0.588779 0.358681 0.593839 0.352867 0.593839
4 0.337856 0.606935 0.342926 0.606935 0.342926 0.611798 0.337856 0.611798
4 0.327678 0.612203 0.333849 0.612203 0.333849 0.617957 0.327678 0.617957
4 0.309710 0.624209 0.314777 0.624209 0.314777 0.629665 0.309710 0.629665
4 0.304182 0.632344 0.309249 0.632344 0.309249 0.637901 0.304182 0.637901
4 0.311000 0.637702 0.316344 0.637702 0.316344 0.642763 0.311000 0.642763
4 0.314224 0.648816 0.319016 0.648816 0.319016 0.654471 0.314224 0.654471
4 0.313119 0.658539 0.318095 0.658539 0.318095 0.663798 0.313119 0.663798
4 0.306578 0.670048 0.320398 0.670048 0.320398 0.684831 0.306578 0.684831
4 0.260601 0.661117 0.273776 0.661117 0.273776 0.677786 0.260601 0.677786
4 0.274697 0.689196 0.279116 0.689196 0.279116 0.694554 0.274697 0.694554
4 0.264378 0.690784 0.269630 0.690784 0.269630 0.696440 0.264378 0.696440
4 0.252216 0.694258 0.257928 0.694258 0.257928 0.699020 0.252216 0.699020
4 0.222052 0.687839 0.239494 0.687839 0.239494 0.700585 0.222052 0.700585
4 0.242231 0.660116 0.246545 0.660116 0.246545 0.664709 0.242231 0.664709
4 0.260227 0.648585 0.265252 0.648585 0.265252 0.653035 0.260227 0.653035
4 0.255429 0.634996 0.260809 0.634996 0.260809 0.640164 0.255429 0.640164
4 0.243119 0.640689 0.248990 0.640689 0.248990 0.645522 0.243119 0.645522
4 0.220236 0.638105 0.225350 0.638105 0.225350 0.642890 0.220236 0.642890
4 0.206596 0.633847 0.211799 0.633847 0.211799 0.638297 0.206596 0.638297
4 0.205218 0.645284 0.211398 0.645284 0.211398 0.650546 0.205218 0.650546
4 0.220975 0.622772 0.225033 0.622772 0.225033 0.628227 0.220975 0.628227
4 0.211591 0.618810 0.216822 0.618810 0.216822 0.623863 0.211591 0.623863
4 0.231907 0.618467 0.238524 0.618467 0.238524 0.624092 0.231907 0.624092
4 0.231640 0.612087 0.236871 0.612087 0.236871 0.616743 0.231640 0.616743
4 0.239378 0.607385 0.244175 0.607385 0.244175 0.612610 0.239378 0.612610
4 0.216429 0.594462 0.221453 0.594462 0.221453 0.599152 0.216429 0.599152
4 0.225231 0.586424 0.237805 0.586424 0.237805 0.595134 0.225231 0.595134
4 0.231714 0.575612 0.236650 0.575612 0.236650 0.580400 0.231714 0.580400
4 0.215139 0.579725 0.220876 0.579725 0.220876 0.585324 0.215139 0.585324
4 0.214962 0.564605 0.221142 0.564605 0.221142 0.569300 0.214962 0.569300
4 0.229586 0.564558 0.235494 0.564558 0.235494 0.569725 0.229586 0.569725
4 0.202432 0.568673 0.208079 0.568673 0.208079 0.573410 0.202432 0.573410
4 0.193722 0.562404 0.200036 0.562404 0.200036 0.567577 0.193722 0.567577
4 0.180525 0.562166 0.186218 0.562166 0.186218 0.567434 0.180525 0.567434
4 0.165463 0.560777 0.178885 0.560777 0.178885 0.571079 0.165463 0.571079
4 0.168173 0.577668 0.173776 0.577668 0.173776 0.582980 0.168173 0.582980
4 0.127633 0.556276 0.142594 0.556276 0.142594 0.565525 0.127633 0.565525
4 0.126105 0.550361 0.131625 0.550361 0.131625 0.555664 0.126105 0.555664
4 0.127548 0.570259 0.133182 0.570259 0.133182 0.574845 0.127548 0.574845
4 0.110589 0.559173 0.116259 0.559173 0.116259 0.564318 0.110589 0.564318
4 0.009350 0.476636 0.014956 0.476636 0.014956 0.481348 0.009350 0.481348
4 0.009051 0.491276 0.014494 0.491276 0.014494 0.496893 0.009051 0.496893
4 0.047501 0.418782 0.052781 0.418782 0.052781 0.423440 0.047501 0.423440
4 0.029853 0.418037 0.036144 0.418037 0.036144 0.422866 0.029853 0.422866
4 0.018655 0.406898 0.025373 0.406898 0.025373 0.411669 0.018655 0.411669
1 0.032769 0.426891 0.042260 0.426891 0.042260 0.432059 0.032769 0.432059
1 0.046100 0.442615 0.055537 0.442615 0.055537 0.448021 0.046100 0.448021
4 0.042393 0.611703 0.047375 0.611703 0.047375 0.616248 0.042393 0.616248
4 0.044260 0.619693 0.049951 0.619693 0.049951 0.625245 0.044260 0.625245
4 0.151975 0.758726 0.168573 0.758726 0.168573 0.773728 0.151975 0.773728
4 0.041876 0.864514 0.057561 0.864514 0.057561 0.880356 0.041876 0.880356
4 0.034807 0.870479 0.041322 0.870479 0.041322 0.876858 0.034807 0.876858
4 0.013218 0.921912 0.029668 0.921912 0.029668 0.933437 0.013218 0.933437
4 0.001755 0.925825 0.006931 0.925825 0.006931 0.931997 0.001755 0.931997
4 0.026401 0.963680 0.046481 0.963680 0.046481 0.974173 0.026401 0.974173
4 0.397660 0.767589 0.407831 0.767589 0.407831 0.782593 0.397660 0.782593
4 0.389810 0.772711 0.396664 0.772711 0.396664 0.778188 0.389810 0.778188
4 0.408717 0.774616 0.414023 0.774616 0.414023 0.779498 0.408717 0.779498
4 0.412475 0.766163 0.417119 0.766163 0.417119 0.771521 0.412475 0.771521
4 0.372119 0.766163 0.377201 0.766163 0.377201 0.771401 0.372119 0.771401
4 0.371455 0.756745 0.376872 0.756745 0.376872 0.761757 0.371455 0.761757
4 0.368249 0.747221 0.374552 0.747221 0.374552 0.752827 0.368249 0.752827
4 0.401198 0.733409 0.406283 0.733409 0.406283 0.738779 0.401198 0.738779
4 0.404846 0.726503 0.410928 0.726503 0.410928 0.731992 0.404846 0.731992
4 0.233458 0.740886 0.242745 0.740886 0.242745 0.758400 0.233458 0.758400
4 0.239538 0.731243 0.245067 0.731243 0.245067 0.737207 0.239538 0.737207
4 0.320332 0.573733 0.332671 0.573733 0.332671 0.587034 0.320332 0.587034
4 0.316352 0.588162 0.322190 0.588162 0.322190 0.593306 0.316352 0.593306
4 0.311743 0.580293 0.316548 0.580293 0.316548 0.585259 0.311743 0.585259
4 0.310015 0.567339 0.315332 0.567339 0.315332 0.572513 0.310015 0.572513
4 0.285491 0.497474 0.297885 0.497474 0.297885 0.512370 0.285491 0.512370
4 0.277308 0.492950 0.283622 0.492950 0.283622 0.498558 0.277308 0.498558
4 0.272997 0.481759 0.279088 0.481759 0.279088 0.487843 0.272997 0.487843
4 0.237504 0.496285 0.242933 0.496285 0.242933 0.500939 0.237504 0.500939
4 0.232894 0.488632 0.238332 0.488632 0.238332 0.493454 0.232894 0.493454
4 0.218177 0.490492 0.223296 0.490492 0.223296 0.494764 0.218177 0.494764
4 0.274918 0.340464 0.292332 0.340464 0.292332 0.351179 0.274918 0.351179
4 0.219265 0.500277 0.224448 0.500277 0.224448 0.505788 0.219265 0.505788
4 0.212866 0.502413 0.218753 0.502413 0.218753 0.508132 0.212866 0.508132
4 0.224895 0.508132 0.230398 0.508132 0.230398 0.513505 0.224895 0.513505
4 0.227327 0.499105 0.233151 0.499105 0.233151 0.504480 0.227327 0.504480
0 0.897766 0.237892 0.915548 0.237892 0.915548 0.242059 0.897766 0.242059
0 0.870399 0.243338 0.886442 0.243338 0.886442 0.245929 0.870399 0.245929
0 0.875928 0.249887 0.892430 0.249887 0.892430 0.252675 0.875928 0.252675
0 0.889473 0.253271 0.905699 0.253271 0.905699 0.257834 0.889473 0.257834
0 0.795023 0.246385 0.807185 0.246385 0.807185 0.248911 0.795023 0.248911
0 0.775774 0.246558 0.789376 0.246558 0.789376 0.249142 0.775774 0.249142
0 0.783133 0.250576 0.796255 0.250576 0.796255 0.252987 0.783133 0.252987
0 0.648131 0.206969 0.661031 0.206969 0.661031 0.213995 0.648131 0.213995
0 0.631239 0.195145 0.645905 0.195145 0.645905 0.203835 0.631239 0.203835
0 0.620336 0.228308 0.632314 0.228308 0.632314 0.236824 0.620336 0.236824
0 0.621411 0.235749 0.634157 0.235749 0.634157 0.242612 0.621411 0.242612
0 0.600656 0.301308 0.614324 0.301308 0.614324 0.313297 0.600656 0.313297
0 0.606268 0.304533 0.620007 0.304533 0.620007 0.318424 0.606268 0.318424
0 0.598277 0.325700 0.608105 0.325700 0.608105 0.333886 0.598277 0.333886
0 0.584840 0.332314 0.593746 0.332314 0.593746 0.349595 0.584840 0.349595
0 0.588448 0.345296 0.591903 0.345296 0.591903 0.361667 0.588448 0.361667
0 0.668764 0.339392 0.687930 0.339392 0.687930 0.342270 0.668764 0.342270
0 0.662499 0.344750 0.683961 0.344750 0.683961 0.349314 0.662499 0.349314
0 0.574363 0.373070 0.584473 0.373070 0.584473 0.382853 0.574363 0.382853
0 0.577946 0.376239 0.588119 0.376239 0.588119 0.386644 0.577946 0.386644
0 0.515043 0.403160 0.530340 0.403160 0.530340 0.413081 0.515043 0.413081
0 0.524191 0.407638 0.535972 0.407638 0.535972 0.415768 0.524191 0.415768
0 0.538013 0.409843 0.553056 0.409843 0.553056 0.419903 0.538013 0.419903
0 0.520354 0.422177 0.533604 0.422177 0.533604 0.429549 0.520354 0.429549
1 0.504612 0.442226 0.514537 0.442226 0.514537 0.447325 0.504612 0.447325
0 0.446038 0.506660 0.456553 0.506660 0.456553 0.511925 0.446038 0.511925
0 0.447815 0.509771 0.460257 0.509771 0.460257 0.515552 0.447815 0.515552
0 0.416710 0.518223 0.434041 0.518223 0.434041 0.523567 0.416710 0.523567
1 0.741953 0.483654 0.752723 0.483654 0.752723 0.486754 0.741953 0.486754
1 0.396738 0.060575 0.406375 0.060575 0.406375 0.065886 0.396738 0.065886
1 0.251565 0.005865 0.260522 0.005865 0.260522 0.012411 0.251565 0.012411
0 0.071550 0.520691 0.082938 0.520691 0.082938 0.523648 0.071550 0.523648
0 0.060480 0.526405 0.078139 0.526405 0.078139 0.529780 0.060480 0.529780
0 0.908002 0.789408 0.925979 0.789408 0.925979 0.792781 0.908002 0.792781
0 0.910766 0.794270 0.930678 0.794270 0.930678 0.798338 0.910766 0.798338
1 0.721894 0.251093 0.730979 0.251093 0.730979 0.257570 0.721894 0.257570
1 0.974452 0.553456 0.984864 0.553456 0.984864 0.556829 0.974452 0.556829
1 0.942020 0.563477 0.951694 0.563477 0.951694 0.568736 0.942020 0.568736
1 0.891895 0.561096 0.902031 0.561096 0.902031 0.565957 0.891895 0.565957
1 0.777640 0.593544 0.782527 0.593544 0.782527 0.604071 0.777640 0.604071
1 0.800714 0.667926 0.809427 0.667926 0.809427 0.675007 0.800714 0.675007
1 0.960743 0.687578 0.970917 0.687578 0.970917 0.692402 0.960743 0.692402
1 0.744741 0.682631 0.753545 0.682631 0.753545 0.690153 0.744741 0.690153
1 0.752105 0.710019 0.756584 0.710019 0.756584 0.720642 0.752105 0.720642
1 0.922013 0.803602 0.932072 0.803602 0.932072 0.807903 0.922013 0.807903
1 0.759971 0.821063 0.770982 0.821063 0.770982 0.824514 0.759971 0.824514
1 0.907789 0.887497 0.918411 0.887497 0.918411 0.891431 0.907789 0.891431
0 0.891769 0.936803 0.907339 0.936803 0.907339 0.942374 0.891769 0.942374
1 0.888939 0.980398 0.899375 0.980398 0.899375 0.983712 0.888939 0.983712
1 0.838903 0.988045 0.849332 0.988045 0.849332 0.991567 0.838903 0.991567
1 0.745327 0.891243 0.753282 0.891243 0.753282 0.899473 0.745327 0.899473
1 0.665237 0.871387 0.675516 0.871387 0.675516 0.876209 0.665237 0.876209
1 0.543352 0.948370 0.546373 0.948370 0.546373 0.959614 0.543352 0.959614
1 0.507095 0.972378 0.510358 0.972378 0.510358 0.983678 0.507095 0.983678
1 0.479262 0.961077 0.482334 0.961077 0.482334 0.972860 0.479262 0.972860
4 0.460291 0.890832 0.465597 0.890832 0.465597 0.896214 0.460291 0.896214
4 0.455224 0.901498 0.461375 0.901498 0.461375 0.906137 0.455224 0.906137
4 0.447008 0.911999 0.452468 0.911999 0.452468 0.916969 0.447008 0.916969
4 0.430501 0.929362 0.436267 0.929362 0.436267 0.934993 0.430501 0.934993
4 0.426200 0.939531 0.432196 0.939531 0.432196 0.944004 0.426200 0.944004
4 0.316933 0.285596 0.322185 0.285596 0.322185 0.290259 0.316933 0.290259
4 0.310300 0.301174 0.315736 0.301174 0.315736 0.306431 0.310300 0.306431
4 0.300902 0.314270 0.306337 0.314270 0.306337 0.319232 0.300902 0.319232
4 0.272522 0.330839 0.278604 0.330839 0.278604 0.335603 0.272522 0.335603
4 0.484157 0.128779 0.489794 0.128779 0.489794 0.133326 0.484157 0.133326
4 0.497401 0.132155 0.503486 0.132155 0.503486 0.137735 0.497401 0.137735
4 0.501309 0.122233 0.507512 0.122233 0.507512 0.128357 0.501309 0.128357
4 0.519668 0.132016 0.524602 0.132016 0.524602 0.136496 0.519668 0.136496
4 0.519149 0.144660 0.524697 0.144660 0.524697 0.150277 0.519149 0.150277
4 0.224033 0.147009 0.233764 0.147009 0.233764 0.156863 0.224033 0.156863
4 0.226399 0.164029 0.231589 0.164029 0.231589 0.168853 0.226399 0.168853
4 0.214115 0.163546 0.221095 0.163546 0.221095 0.168713 0.214115 0.168713
4 0.178987 0.169471 0.185455 0.169471 0.185455 0.174158 0.178987 0.174158
4 0.163309 0.144907 0.184206 0.144907 0.184206 0.157346 0.163309 0.157346
4 0.155440 0.199168 0.160758 0.199168 0.160758 0.204267 0.155440 0.204267
1 0.360828 0.107055 0.370579 0.107055 0.370579 0.112594 0.360828 0.112594
4 0.331344 0.128719 0.337026 0.128719 0.337026 0.134424 0.331344 0.134424
4 0.334108 0.145585 0.339866 0.145585 0.339866 0.151868 0.334108 0.151868
4 0.338715 0.155093 0.343245 0.155093 0.343245 0.160137 0.338715 0.160137
4 0.330499 0.166918 0.348236 0.166918 0.348236 0.176343 0.330499 0.176343
4 0.313530 0.146743 0.319136 0.146743 0.319136 0.152365 0.313530 0.152365
4 0.311304 0.178162 0.317139 0.178162 0.317139 0.182709 0.311304 0.182709
4 0.283892 0.164767 0.288961 0.164767 0.288961 0.169563 0.283892 0.169563
4 0.288730 0.178657 0.294411 0.178657 0.294411 0.184611 0.288730 0.184611
4 0.271300 0.179237 0.275907 0.179237 0.275907 0.184611 0.271300 0.184611
4 0.281051 0.191805 0.286119 0.191805 0.286119 0.196352 0.281051 0.196352
4 0.269995 0.197261 0.275753 0.197261 0.275753 0.202800 0.269995 0.202800
4 0.260627 0.191805 0.265234 0.191805 0.265234 0.196766 0.260627 0.196766
4 0.268543 0.224188 0.295097 0.224188 0.295097 0.239230 0.268543 0.239230
1 0.070283 0.203379 0.079985 0.203379 0.079985 0.208202 0.070283 0.208202
1 0.032715 0.172316 0.042154 0.172316 0.042154 0.177483 0.032715 0.177483
4 0.024696 0.268204 0.030722 0.268204 0.030722 0.274117 0.024696 0.274117
4 0.016699 0.286003 0.022723 0.286003 0.022723 0.291170 0.016699 0.291170
4 0.029015 0.306443 0.048797 0.306443 0.048797 0.316602 0.029015 0.316602
4 0.014938 0.306962 0.019951 0.306962 0.019951 0.312473 0.014938 0.312473
4 0.019098 0.326024 0.024696 0.326024 0.024696 0.331881 0.019098 0.331881
4 0.028589 0.334177 0.034028 0.334177 0.034028 0.339746 0.028589 0.339746
4 0.014245 0.346292 0.019471 0.346292 0.019471 0.350886 0.014245 0.350886
4 0.070921 0.358350 0.087208 0.358350 0.087208 0.372737 0.070921 0.372737
4 0.382167 0.259998 0.388709 0.259998 0.388709 0.265652 0.382167 0.265652
4 0.387787 0.265851 0.392118 0.265851 0.392118 0.272201 0.387787 0.272201
4 0.379679 0.300182 0.390460 0.300182 0.390460 0.314568 0.379679 0.314568
4 0.369545 0.335899 0.375442 0.335899 0.375442 0.344334 0.369545 0.344334
4 0.341165 0.355842 0.347524 0.355842 0.347524 0.362788 0.341165 0.362788
4 0.351393 0.360011 0.357290 0.360011 0.357290 0.367154 0.351393 0.367154
4 0.320159 0.373405 0.337205 0.373405 0.337205 0.387097 0.320159 0.387097
4 0.284501 0.400492 0.302928 0.400492 0.302928 0.408627 0.284501 0.408627
4 0.248972 0.063498 0.253815 0.063498 0.253815 0.068476 0.248972 0.068476
4 0.260969 0.049575 0.266169 0.049575 0.266169 0.054981 0.260969 0.054981
4 0.273944 0.040388 0.279054 0.040388 0.279054 0.045078 0.273944 0.045078
4 0.266835 0.062686 0.271678 0.062686 0.271678 0.067087 0.266835 0.067087
2 0.242463 0.405652 0.248946 0.405652 0.248946 0.411269 0.242463 0.411269
10 0.989023 0.176301 0.997426 0.176301 0.997426 0.180622 0.989023 0.180622
4 0.281542 0.052207 0.286340 0.052207 0.286340 0.056752 0.281542 0.056752
4 0.293584 0.048713 0.298383 0.048713 0.298383 0.053546 0.293584 0.053546
4 0.307980 0.048234 0.313178 0.048234 0.313178 0.053019 0.307980 0.053019
4 0.323933 0.052494 0.328776 0.052494 0.328776 0.057326 0.323933 0.057326
4 0.493759 0.239725 0.507095 0.239725 0.507095 0.247934 0.493759 0.247934
4 0.511836 0.236452 0.517547 0.236452 0.517547 0.241562 0.511836 0.241562
4 0.974877 0.233192 0.979867 0.233192 0.979867 0.238911 0.974877 0.238911
4 0.983835 0.227956 0.991961 0.227956 0.991961 0.238980 0.983835 0.238980
4 0.988570 0.241253 0.993434 0.241253 0.993434 0.246560 0.988570 0.246560
4 0.988123 0.213624 0.993368 0.213624 0.993368 0.219826 0.988123 0.219826
4 0.989381 0.080398 0.993912 0.080398 0.993912 0.085691 0.989381 0.085691
4 0.991673 0.133236 0.996280 0.133236 0.996280 0.138990 0.991673 0.138990
4 0.853709 0.093514 0.860178 0.093514 0.860178 0.098890 0.853709 0.098890
4 0.831378 0.095996 0.836632 0.095996 0.836632 0.101644 0.831378 0.101644
4 0.842704 0.097718 0.848149 0.097718 0.848149 0.102954 0.842704 0.102954
4 0.819093 0.101026 0.824090 0.101026 0.824090 0.106054 0.819093 0.106054
4 0.792668 0.106193 0.797856 0.106193 0.797856 0.110809 0.792668 0.110809
4 0.763128 0.034295 0.768656 0.034295 0.768656 0.039422 0.763128 0.039422
4 0.742242 0.038925 0.747925 0.038925 0.747925 0.044300 0.742242 0.044300
4 0.722817 0.035122 0.728268 0.035122 0.728268 0.041487 0.722817 0.041487
4 0.690075 0.099868 0.696074 0.099868 0.696074 0.105039 0.690075 0.105039
4 0.704727 0.112866 0.710540 0.112866 0.710540 0.117737 0.704727 0.117737
