1 0.519436 0.150230 0.522129 0.150230 0.522129 0.156369 0.519436 0.156369
1 0.188660 0.242173 0.194364 0.242173 0.194364 0.244929 0.188660 0.244929
1 0.743115 0.259193 0.747453 0.259193 0.747453 0.263558 0.743115 0.263558
1 0.794878 0.269511 0.799861 0.269511 0.799861 0.273578 0.794878 0.273578
1 0.922162 0.304970 0.926383 0.304970 0.926383 0.309380 0.922162 0.309380
4 0.964460 0.065509 0.980841 0.065509 0.980841 0.079426 0.964460 0.079426
1 0.964086 0.361645 0.968750 0.361645 0.968750 0.365873 0.964086 0.365873
1 0.959570 0.376876 0.962236 0.376876 0.962236 0.382459 0.959570 0.382459
1 0.964991 0.453615 0.969433 0.453615 0.969433 0.457592 0.964991 0.457592
1 0.842983 0.490645 0.847359 0.490645 0.847359 0.494951 0.842983 0.494951
1 0.793098 0.485496 0.798614 0.485496 0.798614 0.488408 0.793098 0.488408
1 0.785788 0.451405 0.790563 0.451405 0.790563 0.455074 0.785788 0.455074
1 0.792116 0.528507 0.797820 0.528507 0.797820 0.530860 0.792116 0.530860
2 0.731765 0.499292 0.739670 0.499292 0.739670 0.505182 0.731765 0.505182
1 0.979759 0.550899 0.982742 0.550899 0.982742 0.556417 0.979759 0.556417
1 0.904194 0.529212 0.907704 0.529212 0.907704 0.534905 0.904194 0.534905
1 0.864550 0.557680 0.868580 0.557680 0.868580 0.562367 0.864550 0.562367
1 0.874528 0.564364 0.878558 0.564364 0.878558 0.568774 0.874528 0.568774
1 0.888788 0.620295 0.891046 0.620295 0.891046 0.626555 0.888788 0.626555
1 0.862618 0.629781 0.865768 0.629781 0.865768 0.635207 0.862618 0.635207
1 0.895814 0.660145 0.899652 0.660145 0.899652 0.665311 0.895814 0.665311
2 0.916285 0.691942 0.922947 0.691942 0.922947 0.697454 0.916285 0.697454
1 0.956949 0.726617 0.962014 0.726617 0.962014 0.729952 0.956949 0.729952
1 0.979977 0.735687 0.984988 0.735687 0.984988 0.739140 0.979977 0.739140
1 0.909926 0.789408 0.914415 0.789408 0.914415 0.794297 0.909926 0.794297
1 0.917704 0.854839 0.920454 0.854839 0.920454 0.861385 0.917704 0.861385
1 0.824509 0.835686 0.828475 0.835686 0.828475 0.840784 0.824509 0.840784
1 0.845040 0.796481 0.849774 0.796481 0.849774 0.800959 0.845040 0.800959
1 0.874532 0.917482 0.877112 0.917482 0.877112 0.923564 0.874532 0.923564
1 0.894387 0.941025 0.896923 0.941025 0.896923 0.947392 0.894387 0.947392
1 0.954825 0.951979 0.960672 0.951979 0.960672 0.954376 0.954825 0.954376
1 0.856069 0.989090 0.861030 0.989090 0.861030 0.992276 0.856069 0.992276
2 0.960057 0.983367 0.967236 0.983367 0.967236 0.989207 0.960057 0.989207
1 0.776562 0.983834 0.780631 0.983834 0.780631 0.988636 0.776562 0.988636
1 0.802367 0.959991 0.806608 0.959991 0.806608 0.964576 0.802367 0.964576
1 0.741366 0.974693 0.745660 0.974693 0.745660 0.979398 0.741366 0.979398
1 0.802249 0.916141 0.806626 0.916141 0.806626 0.921597 0.802249 0.921597
1 0.741624 0.912708 0.745786 0.912708 0.745786 0.917532 0.741624 0.917532
1 0.722541 0.900765 0.726277 0.900765 0.726277 0.906106 0.722541 0.906106
1 0.680102 0.973767 0.683459 0.973767 0.683459 0.979394 0.680102 0.979394
1 0.668950 0.951459 0.672900 0.951459 0.672900 0.956341 0.668950 0.956341
1 0.634243 0.934005 0.639488 0.934005 0.639488 0.937401 0.634243 0.937401
1 0.586764 0.977882 0.591073 0.977882 0.591073 0.982618 0.586764 0.982618
1 0.571345 0.952905 0.575437 0.952905 0.575437 0.957260 0.571345 0.957260
1 0.707051 0.879532 0.711214 0.879532 0.711214 0.884299 0.707051 0.884299
1 0.644532 0.904504 0.647038 0.904504 0.647038 0.909848 0.644532 0.909848
1 0.651776 0.868905 0.654286 0.868905 0.654286 0.874996 0.651776 0.874996
1 0.698322 0.843428 0.700991 0.843428 0.700991 0.849408 0.698322 0.849408
2 0.688683 0.855102 0.695572 0.855102 0.695572 0.860749 0.688683 0.860749
1 0.740923 0.843380 0.744566 0.843380 0.744566 0.848882 0.740923 0.848882
1 0.547208 0.913488 0.552009 0.913488 0.552009 0.917746 0.547208 0.917746
1 0.498347 0.927028 0.501683 0.927028 0.501683 0.932627 0.498347 0.932627
1 0.510253 0.954686 0.514076 0.954686 0.514076 0.960092 0.510253 0.960092
1 0.456592 0.963799 0.461288 0.963799 0.461288 0.967823 0.456592 0.967823
1 0.402614 0.959378 0.405206 0.959378 0.405206 0.964830 0.402614 0.964830
1 0.360871 0.942761 0.363536 0.942761 0.363536 0.949019 0.360871 0.949019
1 0.315007 0.972325 0.317942 0.972325 0.317942 0.978357 0.315007 0.978357
1 0.275193 0.975770 0.278498 0.975770 0.278498 0.980823 0.275193 0.980823
1 0.307281 0.933396 0.312455 0.933396 0.312455 0.937014 0.307281 0.937014
1 0.343817 0.899608 0.348699 0.899608 0.348699 0.903678 0.343817 0.903678
1 0.333587 0.883604 0.338494 0.883604 0.338494 0.887592 0.333587 0.887592
1 0.248402 0.931746 0.251783 0.931746 0.251783 0.937110 0.248402 0.937110
1 0.214688 0.955145 0.217935 0.955145 0.217935 0.960604 0.214688 0.960604
1 0.176866 0.977996 0.180464 0.977996 0.180464 0.982977 0.176866 0.982977
1 0.195078 0.912253 0.198630 0.912253 0.198630 0.917617 0.195078 0.917617
1 0.075071 0.971380 0.078624 0.971380 0.078624 0.976551 0.075071 0.976551
1 0.042467 0.960949 0.046331 0.960949 0.046331 0.966504 0.042467 0.966504
1 0.014647 0.936700 0.020420 0.936700 0.020420 0.939253 0.014647 0.939253
1 0.098257 0.902472 0.101411 0.902472 0.101411 0.907981 0.098257 0.907981
1 0.112880 0.816935 0.116031 0.816935 0.116031 0.822337 0.112880 0.822337
1 0.053602 0.811027 0.056859 0.811027 0.056859 0.816717 0.053602 0.816717
1 0.141637 0.775163 0.146761 0.775163 0.146761 0.779504 0.141637 0.779504
1 0.064241 0.772813 0.067126 0.772813 0.067126 0.778814 0.064241 0.778814
1 0.008557 0.699935 0.014366 0.699935 0.014366 0.702574 0.008557 0.702574
1 0.074704 0.689196 0.079608 0.689196 0.079608 0.692871 0.074704 0.692871
1 0.126728 0.676565 0.131525 0.676565 0.131525 0.680011 0.126728 0.680011
1 0.097732 0.662899 0.103115 0.662899 0.103115 0.666057 0.097732 0.666057
1 0.015911 0.631779 0.020125 0.631779 0.020125 0.636258 0.015911 0.636258
1 0.085048 0.591648 0.088886 0.591648 0.088886 0.596617 0.085048 0.596617
1 0.124834 0.571330 0.130207 0.571330 0.130207 0.575189 0.124834 0.575189
1 0.153259 0.656735 0.156075 0.656735 0.156075 0.662440 0.153259 0.662440
1 0.167510 0.655025 0.171030 0.655025 0.171030 0.660247 0.167510 0.660247
1 0.171412 0.346106 0.175996 0.346106 0.175996 0.350189 0.171412 0.350189
1 0.127640 0.288783 0.132437 0.288783 0.132437 0.292802 0.127640 0.292802
1 0.098253 0.267995 0.102257 0.267995 0.102257 0.272760 0.098253 0.272760
1 0.818875 0.198035 0.823246 0.198035 0.823246 0.202859 0.818875 0.202859
1 0.090387 0.163659 0.095083 0.163659 0.095083 0.167334 0.090387 0.167334
1 0.068425 0.159468 0.072375 0.159468 0.072375 0.164177 0.068425 0.164177
1 0.035431 0.144080 0.039915 0.144080 0.039915 0.148329 0.035431 0.148329
1 0.053074 0.109113 0.057558 0.109113 0.057558 0.113534 0.053074 0.113534
1 0.186954 0.100309 0.190989 0.100309 0.190989 0.105055 0.186954 0.105055
1 0.230087 0.021825 0.235316 0.021825 0.235316 0.025214 0.230087 0.025214
1 0.293354 0.079686 0.298685 0.079686 0.298685 0.082604 0.293354 0.082604
1 0.400617 0.141678 0.402693 0.141678 0.402693 0.147827 0.400617 0.147827
1 0.387661 0.161814 0.392367 0.161814 0.392367 0.166519 0.387661 0.166519
1 0.350126 0.194258 0.353612 0.194258 0.353612 0.199611 0.350126 0.199611
1 0.467625 0.203353 0.469870 0.203353 0.469870 0.209700 0.467625 0.209700
1 0.514574 0.202871 0.517076 0.202871 0.517076 0.209141 0.514574 0.209141
1 0.522442 0.116592 0.526280 0.116592 0.526280 0.121629 0.522442 0.121629
1 0.553305 0.115618 0.557783 0.115618 0.557783 0.119758 0.553305 0.119758
1 0.476529 0.063972 0.480659 0.063972 0.480659 0.068521 0.476529 0.068521
2 0.661063 0.210928 0.667725 0.210928 0.667725 0.216627 0.661063 0.216627
1 0.634053 0.257511 0.639810 0.257511 0.639810 0.260150 0.634053 0.260150
1 0.631015 0.289141 0.636505 0.289141 0.636505 0.292018 0.631015 0.292018
1 0.619336 0.302205 0.623079 0.302205 0.623079 0.307389 0.619336 0.307389
1 0.697883 0.282481 0.702634 0.282481 0.702634 0.286691 0.697883 0.286691
1 0.734914 0.324129 0.739933 0.324129 0.739933 0.327622 0.734914 0.327622
1 0.748435 0.340645 0.753147 0.340645 0.753147 0.344664 0.748435 0.344664
1 0.537676 0.316150 0.541625 0.316150 0.541625 0.321203 0.537676 0.321203
1 0.584369 0.334353 0.588586 0.334353 0.588586 0.339463 0.584369 0.339463
1 0.548603 0.390680 0.553512 0.390680 0.553512 0.394125 0.548603 0.394125
1 0.527122 0.398145 0.530433 0.398145 0.530433 0.403369 0.527122 0.403369
1 0.695852 0.572587 0.701716 0.572587 0.701716 0.575360 0.695852 0.575360
1 0.681993 0.588136 0.687146 0.588136 0.687146 0.592060 0.681993 0.592060
1 0.644015 0.578088 0.649567 0.578088 0.649567 0.580864 0.644015 0.580864
1 0.647391 0.556700 0.652677 0.556700 0.652677 0.560242 0.647391 0.560242
1 0.612921 0.565696 0.616831 0.565696 0.616831 0.570624 0.612921 0.570624
1 0.714082 0.645730 0.717856 0.645730 0.717856 0.650698 0.714082 0.650698
1 0.659585 0.662749 0.664446 0.662749 0.664446 0.666477 0.659585 0.666477
1 0.638670 0.638288 0.644427 0.638288 0.644427 0.641051 0.638670 0.641051
1 0.547458 0.638701 0.551104 0.638701 0.551104 0.644014 0.547458 0.644014
1 0.543282 0.602094 0.547502 0.602094 0.547502 0.606975 0.543282 0.606975
1 0.468649 0.562542 0.473713 0.562542 0.473713 0.565945 0.468649 0.565945
1 0.780661 0.584601 0.785267 0.584601 0.785267 0.588597 0.780661 0.588597
1 0.770108 0.606855 0.774586 0.606855 0.774586 0.611610 0.770108 0.611610
1 0.828422 0.654473 0.831347 0.654473 0.831347 0.660848 0.828422 0.660848
1 0.823740 0.668943 0.826818 0.668943 0.826818 0.674408 0.823740 0.674408
1 0.777279 0.712408 0.779888 0.712408 0.779888 0.718949 0.777279 0.718949
1 0.821253 0.736809 0.825713 0.736809 0.825713 0.741191 0.821253 0.741191
2 0.813731 0.728449 0.820338 0.728449 0.820338 0.734735 0.813731 0.734735
1 0.802372 0.771700 0.806447 0.771700 0.806447 0.776330 0.802372 0.776330
1 0.782199 0.844931 0.786037 0.844931 0.786037 0.849975 0.782199 0.849975
1 0.517901 0.856163 0.522570 0.856163 0.522570 0.860297 0.517901 0.860297
1 0.556364 0.822786 0.558714 0.822786 0.558714 0.828758 0.556364 0.828758
1 0.556475 0.795627 0.561007 0.795627 0.561007 0.799532 0.556475 0.799532
1 0.603595 0.761325 0.607660 0.761325 0.607660 0.766613 0.603595 0.766613
1 0.614043 0.741746 0.617727 0.741746 0.617727 0.747034 0.614043 0.747034
1 0.548491 0.740707 0.553735 0.740707 0.553735 0.744097 0.548491 0.744097
1 0.522919 0.751108 0.526436 0.751108 0.526436 0.756458 0.522919 0.756458
1 0.562946 0.721242 0.566321 0.721242 0.566321 0.726654 0.562946 0.726654
1 0.522258 0.698470 0.526300 0.698470 0.526300 0.703447 0.522258 0.703447
1 0.492454 0.735314 0.497828 0.735314 0.497828 0.738903 0.492454 0.738903
1 0.464499 0.793509 0.470054 0.793509 0.470054 0.796744 0.464499 0.796744
1 0.402916 0.795099 0.408306 0.795099 0.408306 0.798544 0.402916 0.798544
1 0.434100 0.724528 0.438235 0.724528 0.438235 0.729170 0.434100 0.729170
1 0.380467 0.839186 0.384842 0.839186 0.384842 0.843237 0.380467 0.843237
2 0.373712 0.822401 0.380159 0.822401 0.380159 0.828767 0.373712 0.828767
1 0.333876 0.807774 0.337707 0.807774 0.337707 0.812975 0.333876 0.812975
1 0.323667 0.823724 0.327199 0.823724 0.327199 0.828767 0.323667 0.828767
1 0.303251 0.840260 0.305937 0.840260 0.305937 0.846378 0.303251 0.846378
1 0.351453 0.863163 0.356211 0.863163 0.356211 0.867793 0.351453 0.867793
2 0.384074 0.863908 0.390905 0.863908 0.390905 0.869943 0.384074 0.869943
2 0.399501 0.890366 0.407868 0.890366 0.407868 0.897064 0.399501 0.897064
1 0.276093 0.890283 0.279298 0.890283 0.279298 0.896002 0.276093 0.896002
1 0.283385 0.855557 0.289149 0.855557 0.289149 0.857968 0.283385 0.857968
1 0.213794 0.855074 0.216871 0.855074 0.216871 0.860518 0.213794 0.860518
1 0.189347 0.811253 0.192801 0.811253 0.192801 0.816696 0.189347 0.816696
1 0.215754 0.749396 0.218286 0.749396 0.218286 0.755760 0.215754 0.755760
1 0.266925 0.742166 0.269767 0.742166 0.269767 0.748295 0.266925 0.748295
1 0.185244 0.699095 0.187802 0.699095 0.187802 0.705297 0.185244 0.705297
1 0.207251 0.661005 0.210092 0.661005 0.210092 0.667124 0.207251 0.667124
1 0.353390 0.696514 0.358637 0.696514 0.358637 0.700150 0.353390 0.700150
1 0.398081 0.702878 0.400968 0.702878 0.400968 0.709097 0.398081 0.709097
2 0.391724 0.696078 0.398391 0.696078 0.398391 0.701489 0.391724 0.701489
2 0.478386 0.663375 0.485048 0.663375 0.485048 0.668924 0.478386 0.668924
1 0.371068 0.658180 0.376447 0.658180 0.376447 0.661332 0.371068 0.661332
1 0.361420 0.602587 0.364299 0.602587 0.364299 0.608678 0.361420 0.608678
1 0.207454 0.601042 0.211240 0.601042 0.211240 0.606267 0.207454 0.606267
1 0.290546 0.585094 0.294145 0.585094 0.294145 0.589979 0.290546 0.589979
1 0.209403 0.546753 0.212560 0.546753 0.212560 0.552686 0.209403 0.552686
2 0.333175 0.520336 0.339700 0.520336 0.339700 0.526330 0.333175 0.526330
1 0.251138 0.497106 0.256201 0.497106 0.256201 0.500694 0.251138 0.500694
1 0.234704 0.477440 0.237058 0.477440 0.237058 0.483468 0.234704 0.483468
1 0.285340 0.467631 0.290938 0.467631 0.290938 0.470740 0.285340 0.470740
1 0.265353 0.410194 0.271156 0.410194 0.271156 0.412786 0.265353 0.412786
1 0.430130 0.512134 0.435864 0.512134 0.435864 0.514527 0.430130 0.514527
1 0.283187 0.343719 0.287728 0.343719 0.287728 0.348129 0.283187 0.348129
1 0.397171 0.303963 0.401199 0.303963 0.401199 0.308993 0.397171 0.308993
1 0.456508 0.265827 0.461306 0.265827 0.461306 0.270099 0.456508 0.270099
1 0.489898 0.266922 0.492775 0.266922 0.492775 0.273060 0.489898 0.273060
1 0.256552 0.265753 0.262309 0.265753 0.262309 0.268820 0.256552 0.268820
2 0.526403 0.870371 0.532803 0.870371 0.532803 0.876836 0.526403 0.876836
1 0.412042 0.356744 0.416113 0.356744 0.416113 0.361761 0.412042 0.361761
2 0.794427 0.372544 0.800874 0.372544 0.800874 0.378002 0.794427 0.378002
0 0.048421 0.935221 0.055329 0.935221 0.055329 0.946961 0.048421 0.946961
0 0.144235 0.956140 0.153285 0.956140 0.153285 0.966557 0.144235 0.966557
0 0.123274 0.931996 0.133557 0.931996 0.133557 0.938528 0.123274 0.938528
0 0.120203 0.928606 0.130412 0.928606 0.130412 0.934641 0.120203 0.934641
0 0.162956 0.919263 0.175390 0.919263 0.175390 0.926292 0.162956 0.926292
0 0.091643 0.871141 0.098424 0.871141 0.098424 0.880926 0.091643 0.880926
0 0.121258 0.884509 0.132452 0.884509 0.132452 0.892019 0.121258 0.892019
2 0.560400 0.848074 0.566797 0.848074 0.566797 0.853959 0.560400 0.853959
0 0.546042 0.814558 0.551476 0.814558 0.551476 0.828449 0.546042 0.828449
0 0.567871 0.777451 0.581688 0.777451 0.581688 0.788663 0.567871 0.788663
0 0.556449 0.785189 0.567687 0.785189 0.567687 0.793424 0.556449 0.793424
0 0.551752 0.775664 0.565016 0.775664 0.565016 0.786479 0.551752 0.786479
2 0.934878 0.825956 0.942132 0.825956 0.942132 0.832214 0.934878 0.832214
0 0.745250 0.743348 0.757141 0.743348 0.757141 0.748111 0.745250 0.748111
0 0.746080 0.747219 0.757879 0.747219 0.757879 0.752477 0.746080 0.752477
0 0.838417 0.721557 0.840959 0.721557 0.840959 0.734890 0.838417 0.734890
0 0.844164 0.704412 0.847149 0.704412 0.847149 0.734295 0.844164 0.734295
0 0.556114 0.726300 0.567474 0.726300 0.567474 0.729606 0.556114 0.729606
0 0.568319 0.722661 0.579910 0.722661 0.579910 0.726051 0.568319 0.726051
0 0.638017 0.769491 0.645437 0.769491 0.645437 0.785546 0.638017 0.785546
0 0.626702 0.771420 0.634883 0.771420 0.634883 0.775968 0.626702 0.775968
0 0.614415 0.776106 0.622731 0.776106 0.622731 0.788371 0.614415 0.788371
2 0.267230 0.836249 0.273584 0.836249 0.273584 0.841366 0.267230 0.841366
0 0.132877 0.801352 0.140715 0.801352 0.140715 0.818120 0.132877 0.818120
0 0.144514 0.708587 0.156646 0.708587 0.156646 0.721901 0.144514 0.721901
2 0.168383 0.750385 0.175982 0.750385 0.175982 0.756504 0.168383 0.756504
0 0.275432 0.672901 0.283641 0.672901 0.283641 0.676002 0.275432 0.676002
0 0.275112 0.677610 0.283001 0.677610 0.283001 0.681514 0.275112 0.681514
0 0.265998 0.679505 0.278630 0.679505 0.278630 0.683352 0.265998 0.683352
0 0.281242 0.683352 0.288278 0.683352 0.288278 0.688691 0.281242 0.688691
2 0.301796 0.705302 0.308512 0.705302 0.308512 0.711159 0.301796 0.711159
0 0.422992 0.749943 0.429004 0.749943 0.429004 0.760279 0.422992 0.760279
0 0.144802 0.509228 0.147679 0.509228 0.147679 0.522664 0.144802 0.522664
0 0.140453 0.508532 0.144035 0.508532 0.144035 0.522458 0.140453 0.522458
0 0.904674 0.543597 0.907937 0.543597 0.907937 0.559306 0.904674 0.559306
0 0.044066 0.394057 0.047376 0.394057 0.047376 0.405769 0.044066 0.405769
0 0.040121 0.397387 0.042685 0.397387 0.042685 0.407376 0.040121 0.407376
0 0.598265 0.280127 0.606265 0.280127 0.606265 0.292650 0.598265 0.292650
0 0.395096 0.209920 0.407356 0.209920 0.407356 0.222422 0.395096 0.222422
0 0.392979 0.206546 0.403579 0.206546 0.403579 0.216767 0.392979 0.216767
0 0.378793 0.210424 0.391329 0.210424 0.391329 0.214684 0.378793 0.214684
0 0.177668 0.085173 0.186175 0.085173 0.186175 0.097092 0.177668 0.097092
9 0.737756 0.527772 0.744020 0.527772 0.744020 0.531790 0.737756 0.531790
9 0.010241 0.921249 0.016908 0.921249 0.016908 0.926398 0.010241 0.926398
0 0.455186 0.909873 0.459931 0.909873 0.459931 0.923693 0.455186 0.923693
2 0.050107 0.089023 0.055614 0.089023 0.055614 0.093788 0.050107 0.093788
2 0.391512 0.152989 0.397031 0.152989 0.397031 0.158557 0.391512 0.158557
1 0.788532 0.022724 0.790835 0.022724 0.790835 0.028777 0.788532 0.028777
1 0.800303 0.047846 0.803987 0.047846 0.803987 0.052898 0.800303 0.052898
1 0.773595 0.029000 0.776359 0.029000 0.776359 0.034714 0.773595 0.034714
1 0.752027 0.027016 0.756633 0.027016 0.756633 0.030984 0.752027 0.030984
1 0.766579 0.120602 0.770364 0.120602 0.770364 0.125655 0.766579 0.125655
1 0.936705 0.198663 0.941130 0.198663 0.941130 0.203318 0.936705 0.203318
1 0.828522 0.170419 0.830761 0.170419 0.830761 0.176504 0.828522 0.176504
