8 0.497896 0.669341 0.503178 0.669341 0.503178 0.674831 0.497896 0.674831
2 0.350983 0.530587 0.350885 0.525789 0.355854 0.525671 0.355952 0.530469
2 0.758858 0.267355 0.764822 0.267391 0.764798 0.271949 0.758834 0.271913
2 0.782465 0.326435 0.782480 0.331054 0.777160 0.331075 0.777144 0.326456
2 0.493161 0.927172 0.498692 0.927212 0.498663 0.931786 0.493132 0.931746
8 0.523986 0.303930 0.529699 0.303930 0.529699 0.309219 0.523986 0.309219
8 0.363662 0.768974 0.368681 0.768974 0.368681 0.773944 0.363662 0.773944
8 0.949056 0.173000 0.955011 0.173000 0.955011 0.179008 0.949056 0.179008
8 0.727994 0.155028 0.734069 0.155028 0.734069 0.160916 0.727994 0.160916
8 0.797612 0.717835 0.802882 0.717835 0.802882 0.724015 0.797612 0.724015
8 0.744367 0.467068 0.751128 0.467068 0.751128 0.473553 0.744367 0.473553
8 0.914178 0.223569 0.920356 0.223569 0.920356 0.230103 0.914178 0.230103
8 0.821912 0.719421 0.827762 0.719421 0.827762 0.725595 0.821912 0.725595
8 0.809661 0.750905 0.815801 0.750905 0.815801 0.756700 0.809661 0.756700
8 0.281778 0.560085 0.287864 0.560085 0.287864 0.565939 0.281778 0.565939
8 0.526840 0.132783 0.532093 0.132783 0.532093 0.137700 0.526840 0.137700
