8 0.361503 0.655794 0.372650 0.655794 0.372650 0.665714 0.361503 0.665714
8 0.666927 0.188557 0.677109 0.188557 0.677109 0.199287 0.666927 0.199287
8 0.189300 0.054259 0.197046 0.054259 0.197046 0.069596 0.189300 0.069596
8 0.642083 0.160340 0.652779 0.160340 0.652779 0.171468 0.642083 0.171468
8 0.234926 0.013818 0.247144 0.013818 0.247144 0.026218 0.234926 0.026218
8 0.199652 0.050608 0.206457 0.050608 0.206457 0.066059 0.199652 0.066059
8 0.205810 0.046945 0.212084 0.046945 0.212084 0.057819 0.205810 0.057819
8 0.232457 0.049463 0.241068 0.049463 0.241068 0.060222 0.232457 0.060222
8 0.181073 0.484602 0.194795 0.484602 0.194795 0.499491 0.181073 0.499491
8 0.290645 0.578411 0.307376 0.578411 0.307376 0.588712 0.290645 0.588712
8 0.085541 0.573117 0.099705 0.573117 0.099705 0.585040 0.085541 0.585040
8 0.043606 0.585230 0.060069 0.585230 0.060069 0.595150 0.043606 0.595150
8 0.191884 0.526598 0.203540 0.526598 0.203540 0.539157 0.191884 0.539157
