1 0.862821 0.188920 0.871414 0.188920 0.871414 0.194260 0.862821 0.194260
1 0.472170 0.753065 0.480345 0.753065 0.480345 0.758785 0.472170 0.758785
1 0.319007 0.596370 0.329488 0.596370 0.329488 0.603216 0.319007 0.603216
1 0.353223 0.629756 0.363347 0.629756 0.363347 0.635709 0.353223 0.635709
1 0.755994 0.350688 0.765809 0.350688 0.765809 0.355109 0.755994 0.355109
1 0.650078 0.378391 0.657854 0.378391 0.657854 0.384190 0.650078 0.384190
1 0.587279 0.514665 0.593650 0.514665 0.593650 0.521763 0.587279 0.521763
1 0.616691 0.524794 0.622742 0.524794 0.622742 0.529962 0.616691 0.529962
1 0.557253 0.634528 0.566270 0.634528 0.566270 0.641247 0.557253 0.641247
1 0.551767 0.705205 0.562763 0.705205 0.562763 0.711009 0.551767 0.711009
1 0.543631 0.166813 0.553955 0.166813 0.553955 0.173369 0.543631 0.173369
6 0.685629 0.101663 0.697166 0.101663 0.697166 0.112190 0.685629 0.112190
6 0.631820 0.103174 0.649848 0.103174 0.649848 0.109893 0.631820 0.109893
1 0.305921 0.740097 0.313966 0.740097 0.313966 0.748251 0.305921 0.748251
1 0.182952 0.882871 0.191981 0.882871 0.191981 0.887798 0.182952 0.887798
6 0.231075 0.468521 0.251832 0.468521 0.251832 0.477705 0.231075 0.477705
1 0.601318 0.810662 0.611419 0.810662 0.611419 0.817892 0.601318 0.817892
1 0.703700 0.451014 0.712840 0.451014 0.712840 0.460798 0.703700 0.460798
1 0.812411 0.463757 0.819741 0.463757 0.819741 0.470551 0.812411 0.470551
1 0.977781 0.457784 0.987372 0.457784 0.987372 0.464880 0.977781 0.464880
1 0.549370 0.862174 0.557415 0.862174 0.557415 0.868381 0.549370 0.868381
1 0.891636 0.421604 0.898936 0.421604 0.898936 0.430083 0.891636 0.430083
