6 0.966749 0.530068 0.981762 0.530068 0.981762 0.540358 0.966749 0.540358
6 0.874148 0.506410 0.889264 0.506410 0.889264 0.516663 0.874148 0.516663
1 0.158015 0.484491 0.166465 0.484491 0.166465 0.494247 0.158015 0.494247
1 0.378184 0.726188 0.387331 0.726188 0.387331 0.739012 0.378184 0.739012
1 0.366302 0.075594 0.375883 0.075594 0.375883 0.086906 0.366302 0.086906
3 0.139669 0.083130 0.144750 0.083130 0.144750 0.087649 0.139669 0.087649
1 0.362573 0.022514 0.372263 0.022514 0.372263 0.033332 0.362573 0.033332
1 0.134437 0.856708 0.144617 0.856708 0.144617 0.866412 0.134437 0.866412
1 0.116842 0.915535 0.127669 0.915535 0.127669 0.925178 0.116842 0.925178
6 0.096746 0.785114 0.109467 0.785114 0.109467 0.796607 0.096746 0.796607
6 0.893824 0.833981 0.906669 0.833981 0.906669 0.844101 0.893824 0.844101
6 0.951566 0.710339 0.966237 0.710339 0.966237 0.716816 0.951566 0.716816
1 0.923085 0.721011 0.932316 0.721011 0.932316 0.734736 0.923085 0.734736
1 0.816742 0.748526 0.823439 0.748526 0.823439 0.760790 0.816742 0.760790
1 0.575227 0.959194 0.586127 0.959194 0.586127 0.972401 0.575227 0.972401
1 0.953762 0.695643 0.962742 0.695643 0.962742 0.708251 0.953762 0.708251
1 0.718843 0.590553 0.727564 0.590553 0.727564 0.602963 0.718843 0.602963
1 0.743067 0.565612 0.752305 0.565612 0.752305 0.579053 0.743067 0.579053
1 0.939299 0.519593 0.949641 0.519593 0.949641 0.528204 0.939299 0.528204
6 0.606470 0.642290 0.620119 0.642290 0.620119 0.650887 0.606470 0.650887
1 0.570331 0.551554 0.580408 0.551554 0.580408 0.563626 0.570331 0.563626
6 0.621670 0.386612 0.634538 0.386612 0.634538 0.397773 0.621670 0.397773
1 0.467196 0.466416 0.476962 0.466416 0.476962 0.476842 0.467196 0.476842
1 0.462142 0.179301 0.471347 0.179301 0.471347 0.186821 0.462142 0.186821
1 0.359119 0.154026 0.368423 0.154026 0.368423 0.164355 0.359119 0.164355
1 0.216455 0.583367 0.224917 0.583367 0.224917 0.597011 0.216455 0.597011
1 0.028116 0.583313 0.036972 0.583313 0.036972 0.596266 0.028116 0.596266
6 0.946987 0.738451 0.957710 0.738451 0.957710 0.749062 0.946987 0.749062
1 0.176057 0.848813 0.185669 0.848813 0.185669 0.858457 0.176057 0.858457
1 0.466824 0.584849 0.476909 0.584849 0.476909 0.597169 0.466824 0.597169
1 0.608749 0.206059 0.617972 0.206059 0.617972 0.217386 0.608749 0.217386
1 0.352372 0.327651 0.360897 0.327651 0.360897 0.336590 0.352372 0.336590
