1 0.966932 0.702688 0.971194 0.702688 0.971194 0.708908 0.966932 0.708908
1 0.649940 0.442158 0.658368 0.442158 0.658368 0.450768 0.649940 0.450768
1 0.833347 0.309665 0.842154 0.309665 0.842154 0.318283 0.833347 0.318283
1 0.902950 0.555035 0.911534 0.555035 0.911534 0.563458 0.902950 0.563458
1 0.687934 0.084648 0.695401 0.084648 0.695401 0.091877 0.687934 0.091877
1 0.826666 0.234266 0.834428 0.234266 0.834428 0.242451 0.826666 0.242451
6 0.597454 0.250794 0.609752 0.250794 0.609752 0.258234 0.597454 0.258234
6 0.519402 0.163693 0.528368 0.163693 0.528368 0.172926 0.519402 0.172926
1 0.436896 0.024677 0.444775 0.024677 0.444775 0.031361 0.436896 0.031361
6 0.342639 0.035796 0.355321 0.035796 0.355321 0.046544 0.342639 0.046544
6 0.302721 0.168322 0.315736 0.168322 0.315736 0.179245 0.302721 0.179245
6 0.228842 0.145005 0.243055 0.145005 0.243055 0.156821 0.228842 0.156821
6 0.056414 0.429330 0.070376 0.429330 0.070376 0.438632 0.056414 0.438632
6 0.497292 0.813653 0.509729 0.813653 0.509729 0.823414 0.497292 0.823414
6 0.869533 0.234499 0.884382 0.234499 0.884382 0.243629 0.869533 0.243629
6 0.491283 0.074217 0.499103 0.074217 0.499103 0.089100 0.491283 0.089100
1 0.894560 0.170963 0.902311 0.170963 0.902311 0.178824 0.894560 0.178824
1 0.274176 0.191296 0.281160 0.191296 0.281160 0.198234 0.274176 0.198234
3 0.175148 0.106504 0.179006 0.106504 0.179006 0.111209 0.175148 0.111209
