1 0.186183 0.880112 0.192342 0.880112 0.192342 0.886865 0.186183 0.886865
1 0.700567 0.408114 0.707929 0.408114 0.707929 0.414382 0.700567 0.414382
1 0.790966 0.432622 0.798795 0.432622 0.798795 0.442670 0.790966 0.442670
4 0.905482 0.325577 0.914792 0.325577 0.914792 0.334421 0.905482 0.334421
4 0.896216 0.188139 0.903897 0.188139 0.903897 0.196475 0.896216 0.196475
1 0.819799 0.133594 0.826517 0.133594 0.826517 0.142437 0.819799 0.142437
1 0.807471 0.115984 0.813926 0.115984 0.813926 0.123908 0.807471 0.123908
3 0.230775 0.813603 0.234940 0.813603 0.234940 0.817724 0.230775 0.817724
6 0.616852 0.232381 0.628723 0.232381 0.628723 0.242095 0.616852 0.242095
6 0.298089 0.337987 0.310531 0.337987 0.310531 0.349086 0.298089 0.349086
6 0.290503 0.496723 0.301036 0.496723 0.301036 0.507862 0.290503 0.507862
4 0.970280 0.079031 0.978171 0.079031 0.978171 0.086017 0.970280 0.086017
1 0.575688 0.605020 0.581380 0.605020 0.581380 0.610763 0.575688 0.610763
3 0.045544 0.972780 0.050015 0.972780 0.050015 0.977531 0.045544 0.977531
3 0.378370 0.748151 0.382413 0.748151 0.382413 0.752737 0.378370 0.752737
3 0.244423 0.806856 0.248354 0.806856 0.248354 0.810924 0.244423 0.810924
3 0.254001 0.842837 0.258326 0.842837 0.258326 0.847525 0.254001 0.847525
1 0.956005 0.258242 0.962741 0.258242 0.962741 0.265153 0.956005 0.265153
1 0.939933 0.254653 0.947556 0.254653 0.947556 0.261267 0.939933 0.261267
6 0.050562 0.419938 0.058750 0.419938 0.058750 0.428693 0.050562 0.428693
4 0.801553 0.034116 0.807986 0.034116 0.807986 0.040536 0.801553 0.040536
4 0.900948 0.077822 0.908947 0.077822 0.908947 0.085925 0.900948 0.085925
4 0.860266 0.070793 0.869560 0.070793 0.869560 0.078978 0.860266 0.078978
6 0.050065 0.889198 0.057274 0.889198 0.057274 0.900681 0.050065 0.900681
4 0.081345 0.392695 0.090747 0.392695 0.090747 0.402478 0.081345 0.402478
4 0.193395 0.277250 0.203307 0.277250 0.203307 0.286759 0.193395 0.286759
6 0.026317 0.356610 0.036164 0.356610 0.036164 0.366601 0.026317 0.366601
6 0.052589 0.316929 0.064070 0.316929 0.064070 0.327437 0.052589 0.327437
6 0.074153 0.267500 0.084500 0.267500 0.084500 0.277422 0.074153 0.277422
4 0.154382 0.032388 0.164011 0.032388 0.164011 0.041229 0.154382 0.041229
6 0.114830 0.076342 0.127628 0.076342 0.127628 0.085602 0.114830 0.085602
6 0.386752 0.063848 0.399449 0.063848 0.399449 0.073896 0.386752 0.073896
1 0.429340 0.079980 0.436963 0.079980 0.436963 0.086028 0.429340 0.086028
4 0.441023 0.093225 0.448585 0.093225 0.448585 0.100539 0.441023 0.100539
6 0.600906 0.070385 0.612144 0.070385 0.612144 0.080380 0.600906 0.080380
1 0.510011 0.080855 0.517555 0.080855 0.517555 0.087128 0.510011 0.087128
1 0.836329 0.047282 0.843578 0.047282 0.843578 0.052851 0.836329 0.052851
1 0.824706 0.054706 0.831690 0.054706 0.831690 0.063433 0.824706 0.063433
2 0.820448 0.100502 0.827648 0.100502 0.827648 0.106301 0.820448 0.106301
1 0.790914 0.188797 0.797122 0.188797 0.797122 0.194859 0.790914 0.194859
1 0.520230 0.365549 0.527947 0.365549 0.527947 0.372821 0.520230 0.372821
4 0.510758 0.277736 0.519542 0.277736 0.519542 0.286553 0.510758 0.286553
1 0.479750 0.281252 0.487391 0.281252 0.487391 0.288554 0.479750 0.288554
1 0.480597 0.315776 0.487828 0.315776 0.487828 0.322576 0.480597 0.322576
1 0.503954 0.411086 0.511801 0.411086 0.511801 0.418072 0.503954 0.418072
1 0.499356 0.396143 0.507292 0.396143 0.507292 0.403177 0.499356 0.403177
4 0.521515 0.499514 0.529931 0.499514 0.529931 0.506571 0.521515 0.506571
1 0.331741 0.741361 0.339276 0.741361 0.339276 0.750172 0.331741 0.750172
3 0.359796 0.772916 0.364361 0.772916 0.364361 0.777272 0.359796 0.777272
3 0.382421 0.791357 0.386465 0.791357 0.386465 0.795315 0.382421 0.795315
1 0.426991 0.634497 0.434191 0.634497 0.434191 0.645349 0.426991 0.645349
1 0.279076 0.602870 0.289129 0.602870 0.289129 0.610859 0.279076 0.610859
1 0.334072 0.593048 0.344737 0.593048 0.344737 0.602700 0.334072 0.602700
1 0.266752 0.628629 0.274879 0.628629 0.274879 0.635036 0.266752 0.635036
1 0.151822 0.740674 0.158911 0.740674 0.158911 0.747972 0.151822 0.747972
6 0.059196 0.786734 0.071280 0.786734 0.071280 0.794918 0.059196 0.794918
4 0.747641 0.750321 0.755894 0.750321 0.755894 0.757958 0.747641 0.757958
4 0.851672 0.765652 0.860559 0.765652 0.860559 0.773518 0.851672 0.773518
1 0.153965 0.911641 0.163678 0.911641 0.163678 0.917296 0.153965 0.917296
1 0.420481 0.663839 0.427058 0.663839 0.427058 0.671893 0.420481 0.671893
1 0.269024 0.729088 0.275575 0.729088 0.275575 0.735462 0.269024 0.735462
1 0.187079 0.770167 0.192792 0.770167 0.192792 0.774359 0.187079 0.774359
1 0.486255 0.716837 0.494884 0.716837 0.494884 0.724071 0.486255 0.724071
1 0.523764 0.726482 0.531811 0.726482 0.531811 0.731708 0.523764 0.731708
1 0.653266 0.682812 0.662478 0.682812 0.662478 0.689427 0.653266 0.689427
1 0.655425 0.537994 0.663361 0.537994 0.663361 0.544953 0.655425 0.544953
1 0.690404 0.500857 0.704752 0.500857 0.704752 0.513596 0.690404 0.513596
4 0.720927 0.646885 0.731195 0.646885 0.731195 0.657506 0.720927 0.657506
4 0.815628 0.593392 0.825948 0.593392 0.825948 0.602005 0.815628 0.602005
