1 0.233522 0.244940 0.228126 0.249923 0.225507 0.246631 0.230903 0.241648
3 0.849294 0.720498 0.854458 0.720498 0.854458 0.725464 0.849294 0.725464
11 0.559551 0.594739 0.559617 0.600142 0.554940 0.600208 0.554875 0.594805
1 0.375396 0.042232 0.377319 0.045711 0.373703 0.048033 0.371779 0.044553
3 0.599244 0.499636 0.603828 0.499636 0.603828 0.503911 0.599244 0.503911
11 0.711980 0.537335 0.719067 0.537397 0.719024 0.543068 0.711938 0.543006
3 0.864348 0.668917 0.859504 0.668844 0.859572 0.663633 0.864415 0.663706
2 0.349898 0.692991 0.344207 0.692951 0.344236 0.688141 0.349927 0.688181
4 0.190714 0.781882 0.198263 0.781882 0.198263 0.788823 0.190714 0.788823
3 0.834624 0.701799 0.829403 0.701743 0.829453 0.696351 0.834673 0.696407
1 0.046053 0.152853 0.051674 0.147478 0.054327 0.150698 0.048705 0.156074
1 0.221827 0.148109 0.216264 0.154274 0.213504 0.151382 0.219067 0.145217
1 0.175764 0.147921 0.174067 0.157690 0.170789 0.157029 0.172486 0.147260
1 0.151802 0.038092 0.158944 0.032583 0.161595 0.036573 0.154453 0.042082
1 0.408759 0.065940 0.402955 0.075793 0.399671 0.073547 0.405475 0.063694
1 0.362114 0.205560 0.353040 0.207461 0.352347 0.203618 0.361421 0.201718
4 0.197993 0.641380 0.206679 0.641380 0.206679 0.650518 0.197993 0.650518
1 0.430028 0.105349 0.435694 0.110983 0.432879 0.114270 0.427213 0.108637
