4 0.043572 0.477910 0.047829 0.477910 0.047829 0.482226 0.043572 0.482226
0 0.906814 0.060347 0.911947 0.060347 0.911947 0.071508 0.906814 0.071508
0 0.911488 0.054641 0.918231 0.054641 0.918231 0.071177 0.911488 0.071177
0 0.912515 0.046770 0.917725 0.046770 0.917725 0.058428 0.912515 0.058428
0 0.819887 0.118469 0.834522 0.118469 0.834522 0.124555 0.819887 0.124555
0 0.821323 0.122603 0.837183 0.122603 0.837183 0.129665 0.821323 0.129665
0 0.823931 0.129723 0.835639 0.129723 0.835639 0.137130 0.823931 0.137130
0 0.832765 0.127713 0.845272 0.127713 0.845272 0.135464 0.832765 0.135464
0 0.826655 0.135542 0.841124 0.135542 0.841124 0.143526 0.826655 0.143526
1 0.792290 0.127870 0.801269 0.127870 0.801269 0.132733 0.792290 0.132733
1 0.783691 0.064109 0.792827 0.064109 0.792827 0.070261 0.783691 0.070261
1 0.704044 0.044365 0.714475 0.044365 0.714475 0.048384 0.704044 0.048384
1 0.686056 0.146328 0.696598 0.146328 0.696598 0.149831 0.686056 0.149831
1 0.469090 0.088462 0.478511 0.088462 0.478511 0.093803 0.469090 0.093803
1 0.374591 0.041773 0.385017 0.041773 0.385017 0.045318 0.374591 0.045318
1 0.325468 0.162296 0.334782 0.162296 0.334782 0.168153 0.325468 0.168153
4 0.101390 0.148962 0.105445 0.148962 0.105445 0.154319 0.101390 0.154319
4 0.099771 0.156044 0.104129 0.156044 0.104129 0.161096 0.099771 0.161096
4 0.097960 0.162136 0.102430 0.162136 0.102430 0.166900 0.097960 0.166900
4 0.098226 0.171781 0.102803 0.171781 0.102803 0.176604 0.098226 0.176604
4 0.097162 0.177524 0.101898 0.177524 0.101898 0.182174 0.097162 0.182174
4 0.095352 0.183265 0.099770 0.183265 0.099770 0.187514 0.095352 0.187514
4 0.091628 0.187917 0.096044 0.187917 0.096044 0.192567 0.091628 0.192567
4 0.068584 0.204913 0.073214 0.204913 0.073214 0.209218 0.068584 0.209218
4 0.063848 0.204740 0.068318 0.204740 0.068318 0.209276 0.063848 0.209276
4 0.059538 0.204682 0.063209 0.204682 0.063209 0.209161 0.059538 0.209161
4 0.061454 0.198941 0.065657 0.198941 0.065657 0.203133 0.061454 0.203133
4 0.055723 0.220879 0.059611 0.220879 0.059611 0.224784 0.055723 0.224784
4 0.050134 0.223637 0.054503 0.223637 0.054503 0.228574 0.050134 0.228574
4 0.044813 0.224268 0.049873 0.224268 0.049873 0.228344 0.044813 0.228344
4 0.252785 0.171535 0.257521 0.171535 0.257521 0.175956 0.252785 0.175956
4 0.259064 0.175152 0.263482 0.175152 0.263482 0.179515 0.259064 0.179515
4 0.265556 0.180321 0.269762 0.180321 0.269762 0.184338 0.265556 0.184338
4 0.270719 0.185315 0.275349 0.185315 0.275349 0.189736 0.270719 0.189736
4 0.272740 0.191746 0.277477 0.191746 0.277477 0.196053 0.272740 0.196053
4 0.235012 0.219440 0.239290 0.219440 0.239290 0.223572 0.235012 0.223572
4 0.237697 0.225152 0.242280 0.225152 0.242280 0.229064 0.237697 0.229064
4 0.231970 0.225073 0.236737 0.225073 0.236737 0.229225 0.231970 0.229225
4 0.231932 0.231533 0.236146 0.231533 0.236146 0.235445 0.231932 0.235445
4 0.231156 0.236999 0.235259 0.236999 0.235259 0.240627 0.231156 0.240627
4 0.226425 0.236197 0.230676 0.236197 0.230676 0.240469 0.226425 0.240469
4 0.227571 0.243579 0.231821 0.243579 0.231821 0.247685 0.227571 0.247685
4 0.224171 0.249121 0.228347 0.249121 0.228347 0.253626 0.224171 0.253626
4 0.222324 0.254344 0.226758 0.254344 0.226758 0.259168 0.222324 0.259168
4 0.217261 0.254544 0.221584 0.254544 0.221584 0.258930 0.217261 0.258930
4 0.211532 0.259288 0.222213 0.259288 0.222213 0.269019 0.211532 0.269019
4 0.207060 0.264592 0.211458 0.264592 0.211458 0.268659 0.207060 0.268659
4 0.202478 0.264153 0.206247 0.264153 0.206247 0.268738 0.202478 0.268738
4 0.212234 0.269457 0.216817 0.269457 0.216817 0.274002 0.212234 0.274002
4 0.207320 0.269695 0.211532 0.269695 0.211532 0.273882 0.207320 0.273882
4 0.202478 0.269218 0.206691 0.269218 0.206691 0.273843 0.202478 0.273843
4 0.208723 0.274481 0.212899 0.274481 0.212899 0.278388 0.208723 0.278388
4 0.203882 0.274441 0.208316 0.274441 0.208316 0.278747 0.203882 0.278747
4 0.182053 0.351633 0.198791 0.351633 0.198791 0.362319 0.182053 0.362319
4 0.194746 0.363115 0.198922 0.363115 0.198922 0.367182 0.194746 0.367182
4 0.189776 0.363232 0.194140 0.363232 0.194140 0.367422 0.189776 0.367422
4 0.185489 0.362992 0.189595 0.362992 0.189595 0.367343 0.185489 0.367343
4 0.180537 0.362872 0.185050 0.362872 0.185050 0.367024 0.180537 0.367024
4 0.181164 0.368654 0.185641 0.368654 0.185641 0.372606 0.181164 0.372606
4 0.176213 0.368215 0.180799 0.368215 0.180799 0.372765 0.176213 0.372765
4 0.176102 0.373759 0.180134 0.373759 0.180134 0.377589 0.176102 0.377589
4 0.171150 0.373241 0.175515 0.373241 0.175515 0.377709 0.171150 0.377709
4 0.167047 0.378025 0.172115 0.378025 0.172115 0.382136 0.167047 0.382136
4 0.226902 0.328102 0.231153 0.328102 0.231153 0.332055 0.226902 0.332055
4 0.207929 0.284437 0.212404 0.284437 0.212404 0.288823 0.207929 0.288823
1 0.922825 0.264902 0.926485 0.264902 0.926485 0.276227 0.922825 0.276227
2 0.965440 0.225145 0.971911 0.225145 0.971911 0.231130 0.965440 0.231130
1 0.979402 0.170805 0.988641 0.170805 0.988641 0.176388 0.979402 0.176388
1 0.961450 0.127350 0.965997 0.127350 0.965997 0.138062 0.961450 0.138062
1 0.984434 0.105722 0.988202 0.105722 0.988202 0.116885 0.984434 0.116885
2 0.034818 0.515961 0.040577 0.515961 0.040577 0.521278 0.034818 0.521278
10 0.032494 0.813056 0.041943 0.813056 0.041943 0.818367 0.032494 0.818367
4 0.222024 0.327824 0.226348 0.327824 0.226348 0.331894 0.222024 0.331894
4 0.216925 0.327744 0.221174 0.327744 0.221174 0.331935 0.216925 0.331935
4 0.226644 0.333565 0.231042 0.333565 0.231042 0.337397 0.226644 0.337397
4 0.222024 0.333246 0.226164 0.333246 0.226164 0.337318 0.222024 0.337318
4 0.216961 0.332888 0.221137 0.332888 0.221137 0.337198 0.216961 0.337198
4 0.224388 0.338735 0.228365 0.338735 0.228365 0.342559 0.224388 0.342559
4 0.212659 0.338264 0.216766 0.338264 0.216766 0.342199 0.212659 0.342199
0 0.912881 0.274317 0.918720 0.274317 0.918720 0.284564 0.912881 0.284564
0 0.836703 0.114220 0.849262 0.114220 0.849262 0.121512 0.836703 0.121512
4 0.207042 0.289621 0.211370 0.289621 0.211370 0.294086 0.207042 0.294086
4 0.202237 0.289461 0.206454 0.289461 0.206454 0.293808 0.202237 0.293808
4 0.202126 0.294485 0.206528 0.294485 0.206528 0.298791 0.202126 0.298791
4 0.197248 0.289501 0.201650 0.289501 0.201650 0.294046 0.197248 0.294046
4 0.192665 0.289741 0.196735 0.289741 0.196735 0.294046 0.192665 0.294046
4 0.177810 0.290060 0.182580 0.290060 0.182580 0.293369 0.177810 0.293369
4 0.197175 0.294645 0.201503 0.294645 0.201503 0.298553 0.197175 0.298553
4 0.192370 0.294566 0.196848 0.294566 0.196848 0.298752 0.192370 0.298752
4 0.187382 0.294086 0.191857 0.294086 0.191857 0.298352 0.187382 0.298352
4 0.182762 0.294046 0.187052 0.294046 0.187052 0.298472 0.182762 0.298472
4 0.177772 0.294285 0.182433 0.294285 0.182433 0.298115 0.177772 0.298115
4 0.173412 0.293967 0.177295 0.293967 0.177295 0.298233 0.173412 0.298233
4 0.196657 0.300148 0.201429 0.300148 0.201429 0.304294 0.196657 0.304294
4 0.191816 0.300187 0.196587 0.300187 0.196587 0.304374 0.191816 0.304374
4 0.187233 0.300187 0.191339 0.300187 0.191339 0.304016 0.187233 0.304016
4 0.197175 0.305093 0.201207 0.305093 0.201207 0.308879 0.197175 0.308879
4 0.192814 0.305011 0.196402 0.305011 0.196402 0.308920 0.192814 0.308920
4 0.173079 0.299390 0.177518 0.299390 0.177518 0.303417 0.173079 0.303417
4 0.170973 0.304534 0.175411 0.304534 0.175411 0.308522 0.170973 0.308522
4 0.165762 0.304573 0.170274 0.304573 0.170274 0.308522 0.165762 0.308522
4 0.161179 0.304534 0.165470 0.304534 0.165470 0.308402 0.161179 0.308402
4 0.156190 0.304453 0.160702 0.304453 0.160702 0.308321 0.156190 0.308321
4 0.151571 0.304374 0.155602 0.304374 0.155602 0.308162 0.151571 0.308162
4 0.146729 0.301901 0.150761 0.301901 0.150761 0.305930 0.146729 0.305930
4 0.128806 0.311112 0.132912 0.311112 0.132912 0.315020 0.128806 0.315020
4 0.128251 0.316893 0.133059 0.316893 0.133059 0.321559 0.128251 0.321559
4 0.128953 0.322596 0.133281 0.322596 0.133281 0.326823 0.128953 0.326823
4 0.128880 0.328976 0.133428 0.328976 0.133428 0.333003 0.128880 0.333003
4 0.107630 0.331209 0.112037 0.331209 0.112037 0.335196 0.107630 0.335196
4 0.129286 0.335276 0.133614 0.335276 0.133614 0.339503 0.129286 0.339503
4 0.125221 0.339702 0.129585 0.339702 0.129585 0.343609 0.125221 0.343609
4 0.124297 0.335595 0.128440 0.335595 0.128440 0.339503 0.124297 0.339503
4 0.118938 0.335674 0.123302 0.335674 0.123302 0.339463 0.118938 0.339463
4 0.114029 0.335196 0.118499 0.335196 0.118499 0.339741 0.114029 0.339741
4 0.109551 0.335237 0.113805 0.335237 0.113805 0.339582 0.109551 0.339582
4 0.104748 0.335355 0.109074 0.335355 0.109074 0.339582 0.104748 0.339582
4 0.111400 0.340381 0.115726 0.340381 0.115726 0.344486 0.111400 0.344486
4 0.106446 0.340261 0.110996 0.340261 0.110996 0.344367 0.106446 0.344367
4 0.102012 0.340300 0.106044 0.340300 0.106044 0.344328 0.102012 0.344328
4 0.110180 0.345762 0.113841 0.345762 0.113841 0.349989 0.110180 0.349989
4 0.105375 0.345958 0.109925 0.345958 0.109925 0.350069 0.105375 0.350069
4 0.101236 0.345878 0.105082 0.345878 0.105082 0.350388 0.101236 0.350388
4 0.101939 0.352620 0.112363 0.352620 0.112363 0.363188 0.101939 0.363188
4 0.105634 0.365181 0.109703 0.365181 0.109703 0.370245 0.105634 0.370245
4 0.101163 0.365581 0.104935 0.365581 0.104935 0.370324 0.101163 0.370324
4 0.100392 0.371801 0.104418 0.371801 0.104418 0.376386 0.100392 0.376386
4 0.097318 0.377542 0.101351 0.377542 0.101351 0.381729 0.097318 0.381729
4 0.095804 0.382486 0.100353 0.382486 0.100353 0.386633 0.095804 0.386633
4 0.090519 0.384680 0.095401 0.384680 0.095401 0.389903 0.090519 0.389903
4 0.089633 0.390740 0.093959 0.390740 0.093959 0.395087 0.089633 0.395087
4 0.084754 0.390541 0.089041 0.390541 0.089041 0.395126 0.084754 0.395126
4 0.079838 0.391937 0.084424 0.391937 0.084424 0.396243 0.079838 0.396243
4 0.085050 0.395207 0.089118 0.395207 0.089118 0.399233 0.085050 0.399233
4 0.078881 0.421376 0.082990 0.421376 0.082990 0.425253 0.078881 0.425253
4 0.073684 0.421353 0.077792 0.421353 0.077792 0.425415 0.073684 0.425415
4 0.078924 0.427907 0.083012 0.427907 0.083012 0.431991 0.078924 0.431991
4 0.075930 0.434206 0.080038 0.434206 0.080038 0.437783 0.075930 0.437783
4 0.075973 0.447706 0.079931 0.447706 0.079931 0.451651 0.075973 0.451651
4 0.067910 0.453521 0.079440 0.453521 0.079440 0.462426 0.067910 0.462426
4 0.071396 0.462819 0.075569 0.462819 0.075569 0.466835 0.071396 0.466835
4 0.066389 0.462911 0.070692 0.462911 0.070692 0.467503 0.066389 0.467503
4 0.061579 0.462819 0.065879 0.462819 0.065879 0.467272 0.061579 0.467272
4 0.065471 0.468150 0.069773 0.468150 0.069773 0.472166 0.065471 0.472166
4 0.060446 0.467665 0.064767 0.467665 0.064767 0.471819 0.060446 0.471819
4 0.055719 0.467804 0.059850 0.467804 0.059850 0.471910 0.055719 0.471910
4 0.059677 0.472904 0.063848 0.472904 0.063848 0.476804 0.059677 0.476804
4 0.054607 0.472788 0.058994 0.472788 0.058994 0.477057 0.054607 0.477057
4 0.049838 0.473019 0.054481 0.473019 0.054481 0.477080 0.049838 0.477080
4 0.053516 0.478210 0.057560 0.478210 0.057560 0.481995 0.053516 0.481995
4 0.048235 0.478234 0.052770 0.478234 0.052770 0.482248 0.048235 0.482248
0 0.825847 0.110775 0.840216 0.110775 0.840216 0.117205 0.825847 0.117205
1 0.843433 0.422271 0.851583 0.422271 0.851583 0.429771 0.843433 0.429771
2 0.852081 0.597637 0.858060 0.597637 0.858060 0.603313 0.852081 0.603313
0 0.819210 0.741315 0.833255 0.741315 0.833255 0.752081 0.819210 0.752081
0 0.819979 0.736298 0.831805 0.736298 0.831805 0.747130 0.819979 0.747130
2 0.813234 0.733188 0.819046 0.733188 0.819046 0.738611 0.813234 0.738611
1 0.849812 0.831811 0.854656 0.831811 0.854656 0.842139 0.849812 0.842139
2 0.963327 0.928402 0.969394 0.928402 0.969394 0.934085 0.963327 0.934085
1 0.935809 0.984633 0.942226 0.984633 0.942226 0.993607 0.935809 0.993607
1 0.901960 0.938622 0.908764 0.938622 0.908764 0.948032 0.901960 0.948032
1 0.956551 0.900879 0.959784 0.900879 0.959784 0.911977 0.956551 0.911977
2 0.906742 0.778691 0.913596 0.778691 0.913596 0.784925 0.906742 0.784925
2 0.945156 0.524710 0.951346 0.524710 0.951346 0.530659 0.945156 0.530659
1 0.912252 0.440271 0.920273 0.440271 0.920273 0.448048 0.912252 0.448048
0 0.935414 0.399122 0.947653 0.399122 0.947653 0.401373 0.935414 0.401373
0 0.925569 0.394004 0.943397 0.394004 0.943397 0.396587 0.925569 0.396587
0 0.935902 0.387544 0.948452 0.387544 0.948452 0.389744 0.935902 0.389744
0 0.923041 0.383285 0.937410 0.383285 0.937410 0.386347 0.923041 0.386347
0 0.934261 0.375390 0.946013 0.375390 0.946013 0.379937 0.934261 0.379937
0 0.920114 0.374960 0.931334 0.374960 0.931334 0.377209 0.920114 0.377209
1 0.942527 0.371600 0.951308 0.371600 0.951308 0.378157 0.942527 0.378157
1 0.911661 0.302826 0.915099 0.302826 0.915099 0.314310 0.911661 0.314310
0 0.917353 0.258899 0.921677 0.258899 0.921677 0.272973 0.917353 0.272973
4 0.047122 0.483540 0.051465 0.483540 0.051465 0.487279 0.047122 0.487279
4 0.042267 0.483611 0.046590 0.483611 0.046590 0.487510 0.042267 0.487510
4 0.037413 0.483471 0.041457 0.483471 0.041457 0.487579 0.037413 0.487579
4 0.036621 0.488018 0.041093 0.488018 0.041093 0.492194 0.036621 0.492194
4 0.032130 0.488409 0.036495 0.488409 0.036495 0.492470 0.032130 0.492470
4 0.026376 0.491063 0.030763 0.491063 0.030763 0.494802 0.026376 0.494802
4 0.020410 0.492516 0.024818 0.492516 0.024818 0.496393 0.020410 0.496393
1 0.015332 0.575882 0.022878 0.575882 0.022878 0.583558 0.015332 0.583558
1 0.085808 0.573484 0.093992 0.573484 0.093992 0.580599 0.085808 0.580599
1 0.084199 0.584515 0.093012 0.584515 0.093012 0.591404 0.084199 0.591404
1 0.157812 0.696853 0.166774 0.696853 0.166774 0.703202 0.157812 0.703202
2 0.147872 0.894120 0.153820 0.894120 0.153820 0.899436 0.147872 0.899436
1 0.274392 0.719700 0.281096 0.719700 0.281096 0.728886 0.274392 0.728886
1 0.297055 0.699949 0.300573 0.699949 0.300573 0.711031 0.297055 0.711031
0 0.231498 0.715968 0.239161 0.715968 0.239161 0.726247 0.231498 0.726247
0 0.242087 0.724465 0.248793 0.724465 0.248793 0.732849 0.242087 0.732849
0 0.237777 0.728715 0.242301 0.728715 0.242301 0.737558 0.237777 0.737558
1 0.240330 0.686326 0.245380 0.686326 0.245380 0.696129 0.240330 0.696129
1 0.374019 0.932997 0.380671 0.932997 0.380671 0.942203 0.374019 0.942203
1 0.414726 0.961309 0.423067 0.961309 0.423067 0.968287 0.414726 0.968287
1 0.333680 0.890934 0.337273 0.890934 0.337273 0.902035 0.333680 0.902035
1 0.336497 0.812964 0.344849 0.812964 0.344849 0.820698 0.336497 0.820698
0 0.349985 0.807938 0.357562 0.807938 0.357562 0.820220 0.349985 0.820220
0 0.353755 0.803394 0.360219 0.803394 0.360219 0.814041 0.353755 0.814041
0 0.358966 0.815674 0.366394 0.815674 0.366394 0.826759 0.358966 0.826759
1 0.326089 0.778999 0.333258 0.778999 0.333258 0.786536 0.326089 0.786536
1 0.403373 0.561147 0.410201 0.561147 0.410201 0.570048 0.403373 0.570048
1 0.464824 0.489307 0.473033 0.489307 0.473033 0.496821 0.464824 0.496821
1 0.262293 0.484529 0.270676 0.484529 0.270676 0.491709 0.262293 0.491709
0 0.318388 0.468654 0.333211 0.468654 0.333211 0.471922 0.318388 0.471922
0 0.331470 0.467697 0.340823 0.467697 0.340823 0.470687 0.331470 0.470687
0 0.322193 0.463230 0.333876 0.463230 0.333876 0.465464 0.322193 0.465464
0 0.374901 0.434742 0.386703 0.434742 0.386703 0.439339 0.374901 0.439339
0 0.364346 0.434784 0.373575 0.434784 0.373575 0.437188 0.364346 0.437188
0 0.371220 0.443121 0.382267 0.443121 0.382267 0.445322 0.371220 0.445322
0 0.330366 0.439263 0.346810 0.439263 0.346810 0.441456 0.330366 0.441456
1 0.168865 0.460677 0.178252 0.460677 0.178252 0.466257 0.168865 0.466257
1 0.701671 0.282192 0.710315 0.282192 0.710315 0.289138 0.701671 0.289138
1 0.755099 0.304913 0.763191 0.304913 0.763191 0.312851 0.755099 0.312851
1 0.644446 0.244243 0.652855 0.244243 0.652855 0.251364 0.644446 0.251364
1 0.631514 0.389609 0.634687 0.389609 0.634687 0.400973 0.631514 0.400973
1 0.397206 0.303085 0.407211 0.303085 0.407211 0.307565 0.397206 0.307565
1 0.453585 0.265170 0.462861 0.265170 0.462861 0.270832 0.453585 0.270832
1 0.470379 0.186153 0.479711 0.186153 0.479711 0.191706 0.470379 0.191706
1 0.530230 0.214044 0.539745 0.214044 0.539745 0.219265 0.530230 0.219265
1 0.641475 0.644978 0.647163 0.644978 0.647163 0.654841 0.641475 0.654841
1 0.448145 0.699503 0.457050 0.699503 0.457050 0.705130 0.448145 0.705130
1 0.481793 0.849436 0.491957 0.849436 0.491957 0.853815 0.481793 0.853815
1 0.517854 0.874645 0.528481 0.874645 0.528481 0.878107 0.517854 0.878107
1 0.537620 0.914005 0.547155 0.914005 0.547155 0.919031 0.537620 0.919031
1 0.693696 0.976303 0.698741 0.976303 0.698741 0.986370 0.693696 0.986370
1 0.834980 0.969073 0.838279 0.969073 0.838279 0.980275 0.834980 0.980275
1 0.728999 0.667672 0.736093 0.667672 0.736093 0.676190 0.728999 0.676190
1 0.794753 0.684277 0.801586 0.684277 0.801586 0.693085 0.794753 0.693085
2 0.755659 0.592426 0.762252 0.592426 0.762252 0.597480 0.755659 0.597480
1 0.717923 0.595700 0.723516 0.595700 0.723516 0.605806 0.717923 0.605806
0 0.705151 0.586398 0.707812 0.586398 0.707812 0.598284 0.705151 0.598284
0 0.701160 0.587662 0.703773 0.587662 0.703773 0.600925 0.701160 0.600925
2 0.620320 0.513505 0.627815 0.513505 0.627815 0.519582 0.620320 0.519582
2 0.617039 0.543267 0.623601 0.543267 0.623601 0.548386 0.617039 0.548386
1 0.342445 0.246116 0.347885 0.246116 0.347885 0.256204 0.342445 0.256204
1 0.745564 0.845061 0.748651 0.845061 0.748651 0.856430 0.745564 0.856430
1 0.569196 0.763538 0.575850 0.763538 0.575850 0.772784 0.569196 0.772784
