2 0.573641 0.416466 0.579812 0.416466 0.579812 0.422615 0.573641 0.422615
3 0.081532 0.174525 0.087340 0.174525 0.087340 0.180505 0.081532 0.180505
3 0.070804 0.189597 0.077144 0.189597 0.077144 0.195482 0.070804 0.195482
3 0.067391 0.211698 0.073508 0.211698 0.073508 0.218353 0.067391 0.218353
3 0.062691 0.215574 0.068543 0.215574 0.068543 0.221942 0.062691 0.221942
3 0.086945 0.259125 0.093259 0.259125 0.093259 0.265742 0.086945 0.265742
4 0.091742 0.718343 0.102486 0.718343 0.102486 0.729539 0.091742 0.729539
3 0.289736 0.924620 0.296080 0.924620 0.296080 0.931367 0.289736 0.931367
3 0.302725 0.911701 0.308625 0.911701 0.308625 0.918304 0.302725 0.918304
3 0.315921 0.910074 0.322311 0.910074 0.322311 0.916415 0.315921 0.916415
4 0.831953 0.367899 0.843749 0.367899 0.843749 0.379101 0.831953 0.379101
4 0.684056 0.344244 0.697345 0.344244 0.697345 0.356507 0.684056 0.356507
4 0.649692 0.382353 0.660923 0.382353 0.660923 0.392518 0.649692 0.392518
4 0.780065 0.496302 0.791621 0.496302 0.791621 0.506230 0.780065 0.506230
4 0.889222 0.035164 0.899069 0.035164 0.899069 0.045845 0.889222 0.045845
4 0.781655 0.016655 0.792827 0.016655 0.792827 0.026578 0.781655 0.026578
2 0.110807 0.904537 0.116233 0.904537 0.116233 0.910223 0.110807 0.910223
2 0.757844 0.270108 0.763590 0.270108 0.763590 0.275447 0.757844 0.275447
4 0.746941 0.248028 0.758438 0.248028 0.758438 0.258364 0.746941 0.258364
4 0.559475 0.291938 0.570206 0.291938 0.570206 0.303032 0.559475 0.303032
3 0.435760 0.568025 0.442059 0.568025 0.442059 0.574820 0.435760 0.574820
2 0.565183 0.435413 0.571992 0.435413 0.571992 0.441730 0.565183 0.441730
3 0.102789 0.134917 0.109551 0.134917 0.109551 0.142152 0.102789 0.142152
