1 0.906607 0.055293 0.909419 0.055293 0.909419 0.061562 0.906607 0.061562
1 0.047126 0.725909 0.052703 0.725909 0.052703 0.728638 0.047126 0.728638
1 0.082283 0.675743 0.087797 0.675743 0.087797 0.679049 0.082283 0.679049
2 0.183853 0.605226 0.190148 0.605226 0.190148 0.610060 0.183853 0.610060
1 0.150974 0.627484 0.156141 0.627484 0.156141 0.631202 0.150974 0.631202
1 0.150592 0.606882 0.154230 0.606882 0.154230 0.612415 0.150592 0.612415
1 0.050397 0.606713 0.057597 0.606713 0.057597 0.612497 0.050397 0.612497
1 0.061265 0.626047 0.065754 0.626047 0.065754 0.630434 0.061265 0.630434
1 0.121855 0.595275 0.127331 0.595275 0.127331 0.598507 0.121855 0.598507
1 0.228325 0.525220 0.230978 0.525220 0.230978 0.531319 0.228325 0.531319
1 0.205609 0.515382 0.208229 0.515382 0.208229 0.521514 0.205609 0.521514
1 0.136206 0.440553 0.138998 0.440553 0.138998 0.446951 0.136206 0.446951
1 0.064625 0.421695 0.069546 0.421695 0.069546 0.425573 0.064625 0.425573
2 0.056748 0.393446 0.064023 0.393446 0.064023 0.399550 0.056748 0.399550
1 0.104196 0.331757 0.107887 0.331757 0.107887 0.337206 0.104196 0.337206
1 0.062096 0.192067 0.067300 0.192067 0.067300 0.195555 0.062096 0.195555
1 0.048540 0.171440 0.054158 0.171440 0.054158 0.174402 0.048540 0.174402
1 0.173713 0.190510 0.176364 0.190510 0.176364 0.196393 0.173713 0.196393
1 0.258183 0.168674 0.260879 0.168674 0.260879 0.174978 0.258183 0.174978
1 0.385422 0.134176 0.390254 0.134176 0.390254 0.137955 0.385422 0.137955
1 0.354394 0.088342 0.359073 0.088342 0.359073 0.093166 0.354394 0.093166
1 0.213928 0.112711 0.216734 0.112711 0.216734 0.118732 0.213928 0.118732
1 0.178366 0.127106 0.181297 0.127106 0.181297 0.133250 0.178366 0.133250
1 0.078263 0.086235 0.081069 0.086235 0.081069 0.092415 0.078263 0.092415
1 0.231338 0.047089 0.233585 0.047089 0.233585 0.053402 0.231338 0.053402
1 0.217638 0.066938 0.220151 0.066938 0.220151 0.073389 0.217638 0.073389
1 0.316762 0.016974 0.319231 0.016974 0.319231 0.023852 0.316762 0.023852
1 0.329987 0.035284 0.334159 0.035284 0.334159 0.040108 0.329987 0.040108
2 0.366083 0.024502 0.372624 0.024502 0.372624 0.029805 0.366083 0.029805
1 0.401240 0.077971 0.404428 0.077971 0.404428 0.083940 0.401240 0.083940
1 0.496976 0.064337 0.502186 0.064337 0.502186 0.068126 0.496976 0.068126
1 0.628790 0.018196 0.633576 0.018196 0.633576 0.022502 0.628790 0.022502
2 0.674409 0.055690 0.681770 0.055690 0.681770 0.062249 0.674409 0.062249
1 0.736351 0.102065 0.741337 0.102065 0.741337 0.105653 0.736351 0.105653
1 0.837730 0.218730 0.843272 0.218730 0.843272 0.222160 0.837730 0.222160
1 0.892058 0.186472 0.894610 0.186472 0.894610 0.192933 0.892058 0.192933
1 0.747815 0.036216 0.753090 0.036216 0.753090 0.040282 0.747815 0.040282
1 0.841383 0.061289 0.847033 0.061289 0.847033 0.065038 0.841383 0.065038
1 0.089278 0.172435 0.092258 0.172435 0.092258 0.178693 0.089278 0.178693
1 0.891935 0.730774 0.897077 0.730774 0.897077 0.734845 0.891935 0.734845
1 0.921320 0.656513 0.926872 0.656513 0.926872 0.659509 0.921320 0.659509
1 0.831360 0.678729 0.836971 0.678729 0.836971 0.682145 0.831360 0.682145
1 0.787928 0.015911 0.790343 0.015911 0.790343 0.022228 0.787928 0.022228
2 0.864902 0.319649 0.871187 0.319649 0.871187 0.325642 0.864902 0.325642
2 0.845365 0.340087 0.852431 0.340087 0.852431 0.346035 0.845365 0.346035
2 0.813085 0.342961 0.820530 0.342961 0.820530 0.349412 0.813085 0.349412
2 0.640668 0.336848 0.647707 0.336848 0.647707 0.342796 0.640668 0.342796
2 0.583300 0.350135 0.589564 0.350135 0.589564 0.355215 0.583300 0.355215
2 0.567868 0.219022 0.574415 0.219022 0.574415 0.224928 0.567868 0.224928
1 0.391169 0.304376 0.393931 0.304376 0.393931 0.311103 0.391169 0.311103
1 0.344978 0.202414 0.347863 0.202414 0.347863 0.208576 0.344978 0.208576
1 0.269106 0.222593 0.272050 0.222593 0.272050 0.228881 0.269106 0.228881
2 0.129393 0.551905 0.136275 0.551905 0.136275 0.557496 0.129393 0.557496
2 0.424515 0.794638 0.431392 0.794638 0.431392 0.800476 0.424515 0.800476
1 0.617814 0.226410 0.623490 0.226410 0.623490 0.229715 0.617814 0.229715
1 0.644748 0.198296 0.648304 0.198296 0.648304 0.203892 0.644748 0.203892
2 0.625975 0.190724 0.632744 0.190724 0.632744 0.196975 0.625975 0.196975
1 0.478699 0.113630 0.482296 0.113630 0.482296 0.119189 0.478699 0.119189
1 0.506882 0.176150 0.512523 0.176150 0.512523 0.178968 0.506882 0.178968
1 0.311109 0.266913 0.315058 0.266913 0.315058 0.272472 0.311109 0.272472
1 0.278488 0.288849 0.282977 0.288849 0.282977 0.293216 0.278488 0.293216
1 0.343092 0.301960 0.346969 0.301960 0.346969 0.307542 0.343092 0.307542
1 0.317391 0.352465 0.319798 0.352465 0.319798 0.358502 0.317391 0.358502
1 0.256825 0.341978 0.259967 0.341978 0.259967 0.348323 0.256825 0.348323
1 0.253715 0.387303 0.256159 0.387303 0.256159 0.393779 0.253715 0.393779
1 0.349956 0.590301 0.354661 0.590301 0.354661 0.594432 0.349956 0.594432
1 0.467348 0.374236 0.471463 0.374236 0.471463 0.379564 0.467348 0.379564
1 0.466838 0.415962 0.470648 0.415962 0.470648 0.421360 0.466838 0.421360
1 0.557840 0.500503 0.563843 0.500503 0.563843 0.503285 0.557840 0.503285
3 0.566607 0.608052 0.571568 0.608052 0.571568 0.613301 0.566607 0.613301
1 0.561671 0.603914 0.565019 0.603914 0.565019 0.609207 0.561671 0.609207
3 0.359982 0.761089 0.364848 0.761089 0.364848 0.765904 0.359982 0.765904
2 0.227200 0.807535 0.233507 0.807535 0.233507 0.813783 0.227200 0.813783
2 0.279952 0.695026 0.286234 0.695026 0.286234 0.700638 0.279952 0.700638
1 0.300043 0.708157 0.303582 0.708157 0.303582 0.713995 0.300043 0.713995
1 0.333069 0.722221 0.337044 0.722221 0.337044 0.727142 0.333069 0.727142
1 0.330484 0.737239 0.334630 0.737239 0.334630 0.742086 0.330484 0.742086
1 0.342326 0.642642 0.347550 0.642642 0.347550 0.646437 0.342326 0.646437
1 0.366219 0.620740 0.371014 0.620740 0.371014 0.625073 0.366219 0.625073
1 0.404035 0.629591 0.409888 0.629591 0.409888 0.632858 0.404035 0.632858
1 0.439252 0.580813 0.445265 0.580813 0.445265 0.583260 0.439252 0.583260
1 0.508155 0.588962 0.513795 0.588962 0.513795 0.591658 0.508155 0.591658
1 0.533971 0.591658 0.539897 0.591658 0.539897 0.594381 0.533971 0.594381
1 0.553574 0.562929 0.559147 0.562929 0.559147 0.566221 0.553574 0.566221
1 0.721835 0.548936 0.727021 0.548936 0.727021 0.552761 0.721835 0.552761
1 0.585864 0.547871 0.591745 0.547871 0.591745 0.550524 0.585864 0.550524
1 0.645147 0.550806 0.650277 0.550806 0.650277 0.554509 0.645147 0.554509
1 0.613510 0.568847 0.618271 0.568847 0.618271 0.573143 0.613510 0.573143
1 0.733387 0.634471 0.738066 0.634471 0.738066 0.638856 0.733387 0.638856
1 0.682180 0.642879 0.685887 0.642879 0.685887 0.648171 0.682180 0.648171
1 0.622081 0.640643 0.626846 0.640643 0.626846 0.644682 0.622081 0.644682
1 0.751968 0.697693 0.754796 0.697693 0.754796 0.703676 0.751968 0.703676
1 0.730613 0.711316 0.734186 0.711316 0.734186 0.716823 0.730613 0.716823
1 0.706766 0.760384 0.712406 0.760384 0.712406 0.762986 0.706766 0.762986
1 0.759326 0.742079 0.764087 0.742079 0.764087 0.746609 0.759326 0.746609
2 0.777258 0.761013 0.784251 0.761013 0.784251 0.766982 0.777258 0.766982
1 0.821783 0.751817 0.824276 0.751817 0.824276 0.758151 0.821783 0.758151
1 0.785139 0.825718 0.788030 0.825718 0.788030 0.831886 0.785139 0.831886
1 0.766264 0.790907 0.768916 0.790907 0.768916 0.796929 0.766264 0.796929
1 0.740631 0.791578 0.744174 0.791578 0.744174 0.796995 0.740631 0.796995
1 0.712885 0.801750 0.718399 0.801750 0.718399 0.806641 0.712885 0.806641
1 0.715171 0.860457 0.719285 0.860457 0.719285 0.865692 0.715171 0.865692
1 0.694045 0.879798 0.698158 0.879798 0.698158 0.884875 0.694045 0.884875
1 0.730482 0.874532 0.733949 0.874532 0.733949 0.880051 0.730482 0.880051
1 0.712498 0.888548 0.717141 0.888548 0.717141 0.892996 0.712498 0.892996
0 0.839964 0.859644 0.856254 0.859644 0.856254 0.866193 0.839964 0.866193
1 0.789414 0.927345 0.793090 0.927345 0.793090 0.933147 0.789414 0.933147
1 0.723964 0.940298 0.729444 0.940298 0.729444 0.943791 0.723964 0.943791
1 0.659241 0.984680 0.665093 0.984680 0.665093 0.986993 0.659241 0.986993
2 0.562121 0.930274 0.569331 0.930274 0.569331 0.936664 0.562121 0.936664
1 0.168826 0.978945 0.171581 0.978945 0.171581 0.985217 0.168826 0.985217
1 0.265027 0.812320 0.268145 0.812320 0.268145 0.818389 0.265027 0.818389
2 0.269493 0.755063 0.276267 0.755063 0.276267 0.760632 0.269493 0.760632
1 0.176502 0.794785 0.180730 0.794785 0.180730 0.799685 0.176502 0.799685
1 0.164811 0.805904 0.169180 0.805904 0.169180 0.810650 0.164811 0.810650
2 0.142145 0.875017 0.148721 0.875017 0.148721 0.880831 0.142145 0.880831
1 0.112954 0.969630 0.118626 0.969630 0.118626 0.972373 0.112954 0.972373
2 0.161891 0.877933 0.168875 0.877933 0.168875 0.883926 0.161891 0.883926
1 0.147815 0.867932 0.152304 0.867932 0.152304 0.872601 0.147815 0.872601
1 0.173249 0.854928 0.175991 0.854928 0.175991 0.861291 0.173249 0.861291
1 0.166178 0.832786 0.170297 0.832786 0.170297 0.837526 0.166178 0.837526
1 0.156961 0.850305 0.161046 0.850305 0.161046 0.855116 0.156961 0.855116
1 0.135841 0.838518 0.140402 0.838518 0.140402 0.842924 0.135841 0.842924
1 0.070526 0.889623 0.074686 0.889623 0.074686 0.894340 0.070526 0.894340
1 0.015934 0.893928 0.019419 0.893928 0.019419 0.899527 0.015934 0.899527
2 0.092498 0.807452 0.098544 0.807452 0.098544 0.813180 0.092498 0.813180
1 0.195888 0.748169 0.201304 0.748169 0.201304 0.751321 0.195888 0.751321
1 0.928070 0.959791 0.930479 0.959791 0.930479 0.966033 0.928070 0.966033
