8 0.395615 0.298053 0.400164 0.298053 0.400164 0.302787 0.395615 0.302787
8 0.479075 0.436658 0.483615 0.436658 0.483615 0.441889 0.479075 0.441889
8 0.463385 0.354670 0.468519 0.354670 0.468519 0.360721 0.463385 0.360721
8 0.919601 0.948845 0.926163 0.948845 0.926163 0.955360 0.919601 0.955360
2 0.258039 0.566892 0.264076 0.566892 0.264076 0.571565 0.258039 0.571565
8 0.144693 0.666883 0.144677 0.673298 0.133519 0.673266 0.133535 0.666851
2 0.275037 0.748681 0.281612 0.748681 0.281612 0.753621 0.275037 0.753621
8 0.514145 0.431702 0.518422 0.431702 0.518422 0.437096 0.514145 0.437096
8 0.428611 0.299088 0.433964 0.299088 0.433964 0.305094 0.428611 0.305094
8 0.401512 0.662286 0.406122 0.662286 0.406122 0.666720 0.401512 0.666720
8 0.621791 0.756615 0.627073 0.756615 0.627073 0.762709 0.621791 0.762709
8 0.275847 0.700231 0.280986 0.700231 0.280986 0.706076 0.275847 0.706076
8 0.695308 0.650206 0.700657 0.650206 0.700657 0.656088 0.695308 0.656088
8 0.558389 0.902236 0.564224 0.902236 0.564224 0.909649 0.558389 0.909649
8 0.639655 0.728527 0.644976 0.728527 0.644976 0.734949 0.639655 0.734949
8 0.619704 0.316280 0.625740 0.316280 0.625740 0.324050 0.619704 0.324050
8 0.600498 0.408364 0.605801 0.408364 0.605801 0.414129 0.600498 0.414129
8 0.626856 0.443758 0.632177 0.443758 0.632177 0.449290 0.626856 0.449290
8 0.752703 0.436045 0.758003 0.436045 0.758003 0.442013 0.752703 0.442013
8 0.439819 0.603280 0.444141 0.603280 0.444141 0.608608 0.439819 0.608608
8 0.665292 0.593280 0.669967 0.593280 0.669967 0.598882 0.665292 0.598882
8 0.594659 0.580832 0.598998 0.580832 0.598998 0.586084 0.594659 0.586084
8 0.684498 0.559079 0.689680 0.559079 0.689680 0.564643 0.684498 0.564643
8 0.550167 0.403428 0.553930 0.403459 0.553899 0.407829 0.550136 0.407798
8 0.519574 0.616141 0.515464 0.616120 0.515487 0.610666 0.519597 0.610686
8 0.738462 0.613259 0.742876 0.613259 0.742876 0.618536 0.738462 0.618536
8 0.408598 0.555495 0.404300 0.555388 0.404402 0.550607 0.408700 0.550714
8 0.140296 0.188005 0.146260 0.188005 0.146260 0.195066 0.140296 0.195066
8 0.378570 0.357100 0.384286 0.357100 0.384286 0.363312 0.378570 0.363312
8 0.832687 0.620525 0.838759 0.620525 0.838759 0.626500 0.832687 0.626500
8 0.745011 0.762599 0.751586 0.762599 0.751586 0.769169 0.745011 0.769169
8 0.430938 0.337485 0.436171 0.337485 0.436171 0.342882 0.430938 0.342882
