6 0.579006 0.397973 0.563647 0.407559 0.561459 0.403494 0.576818 0.393908
6 0.000091 0.964761 0.009823 0.964761 0.009823 0.974187 0.000091 0.974187
1 0.532534 0.964820 0.520583 0.974135 0.517898 0.970140 0.529849 0.960826
6 0.767916 0.933508 0.775058 0.933508 0.775058 0.948225 0.767916 0.948225
6 0.970039 0.475487 0.981751 0.475487 0.981751 0.485754 0.970039 0.485754
1 0.638373 0.296850 0.651357 0.285326 0.653979 0.288751 0.640996 0.300275
1 0.467455 0.158736 0.478058 0.143307 0.480965 0.145623 0.470361 0.161051
6 0.831414 0.866620 0.842987 0.866620 0.842987 0.875176 0.831414 0.875176
6 0.816477 0.603595 0.824170 0.603595 0.824170 0.616228 0.816477 0.616228
6 0.753364 0.131152 0.764178 0.131152 0.764178 0.140116 0.753364 0.140116
6 0.879475 0.670595 0.890073 0.670595 0.890073 0.679443 0.879475 0.679443
6 0.942694 0.282128 0.953061 0.282128 0.953061 0.292601 0.942694 0.292601
1 0.531231 0.182398 0.541077 0.171573 0.544201 0.174868 0.534355 0.185693
6 0.969937 0.391689 0.980816 0.391689 0.980816 0.401404 0.969937 0.401404
1 0.415880 0.119560 0.428198 0.111144 0.430577 0.115180 0.418259 0.123597
6 0.136355 0.297784 0.144994 0.297784 0.144994 0.310243 0.136355 0.310243
