1 0.750183 0.674954 0.761903 0.663307 0.764694 0.666588 0.752974 0.678235
11 0.212948 0.788871 0.219388 0.788871 0.219388 0.802996 0.212948 0.802996
11 0.798521 0.360007 0.816432 0.360007 0.816432 0.378833 0.798521 0.378833
11 0.711565 0.546192 0.721318 0.546192 0.721318 0.558180 0.711565 0.558180
11 0.690483 0.669202 0.697947 0.669202 0.697947 0.686083 0.690483 0.686083
11 0.683340 0.694075 0.689657 0.694075 0.689657 0.705789 0.683340 0.705789
11 0.679068 0.703516 0.685385 0.703516 0.685385 0.712751 0.679068 0.712751
11 0.665041 0.714117 0.678819 0.714117 0.678819 0.743135 0.665041 0.743135
11 0.184423 0.815274 0.197685 0.815274 0.197685 0.824437 0.184423 0.824437
1 0.912605 0.066969 0.908460 0.050365 0.912669 0.049138 0.916814 0.065742
1 0.930533 0.077449 0.946552 0.077540 0.946530 0.082044 0.930511 0.081953
1 0.988258 0.102155 0.978862 0.087814 0.982302 0.085182 0.991698 0.099523
1 0.995093 0.131078 0.983216 0.118982 0.986117 0.115655 0.997994 0.127751
1 0.896774 0.126532 0.911249 0.119502 0.912969 0.123638 0.898494 0.130668
1 0.880043 0.268043 0.894125 0.259467 0.896206 0.263459 0.882124 0.272034
1 0.899122 0.271305 0.912585 0.280935 0.910196 0.284834 0.896734 0.275205
1 0.952357 0.330588 0.963139 0.317737 0.966161 0.320697 0.955379 0.333548
1 0.980685 0.317160 0.974603 0.333107 0.972198 0.332036 0.978280 0.316089
0 0.960529 0.318535 0.962352 0.320346 0.955101 0.328868 0.953278 0.327057
1 0.918558 0.343561 0.912784 0.359483 0.908829 0.357808 0.914603 0.341886
1 0.857450 0.368317 0.843097 0.361281 0.844814 0.357191 0.859167 0.364227
0 0.857121 0.333757 0.858623 0.335553 0.844797 0.349053 0.843295 0.347257
1 0.895852 0.302978 0.912383 0.302978 0.912383 0.307293 0.895852 0.307293
1 0.894329 0.232160 0.910372 0.233190 0.910117 0.237818 0.894074 0.236788
1 0.994653 0.323681 0.983105 0.324926 0.982705 0.320591 0.994253 0.319346
3 0.428661 0.974996 0.438816 0.974996 0.438816 0.984459 0.428661 0.984459
1 0.582490 0.960618 0.583020 0.943356 0.587235 0.943507 0.586705 0.960769
3 0.661526 0.930633 0.670926 0.930633 0.670926 0.940102 0.661526 0.940102
0 0.668176 0.933047 0.670698 0.932408 0.677648 0.964429 0.675126 0.965068
1 0.665407 0.994143 0.661608 0.983505 0.665284 0.981972 0.669083 0.992610
1 0.602316 0.840581 0.597467 0.823654 0.601463 0.822318 0.606312 0.839245
1 0.456208 0.792565 0.465188 0.778338 0.468673 0.780907 0.459692 0.795134
1 0.255062 0.443963 0.269037 0.435453 0.271055 0.439323 0.257080 0.447833
0 0.283544 0.528772 0.284972 0.530100 0.277566 0.539405 0.276138 0.538077
0 0.267464 0.554286 0.268883 0.555625 0.260042 0.566577 0.258623 0.565239
0 0.122432 0.848608 0.123567 0.850353 0.113239 0.858199 0.112104 0.856454
0 0.091800 0.874119 0.092769 0.876009 0.083500 0.881560 0.082531 0.879670
1 0.017031 0.956205 0.032302 0.950231 0.033776 0.954633 0.018505 0.960607
1 0.191084 0.949777 0.202517 0.937466 0.205508 0.940710 0.194075 0.953021
1 0.399550 0.153840 0.411602 0.142357 0.414345 0.145718 0.402292 0.157202
1 0.554327 0.454960 0.568941 0.447085 0.570843 0.451207 0.556229 0.459082
1 0.453814 0.555637 0.467469 0.546126 0.469739 0.549933 0.456084 0.559443
0 0.285022 0.823071 0.286399 0.824440 0.281140 0.830621 0.279763 0.829252
1 0.260148 0.848736 0.276194 0.849099 0.276108 0.853567 0.260061 0.853204
0 0.334268 0.841058 0.336484 0.841209 0.335775 0.853386 0.333559 0.853235
1 0.298910 0.878561 0.314432 0.883530 0.313247 0.887851 0.297726 0.882881
1 0.351763 0.897762 0.363285 0.885224 0.366248 0.888404 0.354726 0.900942
0 0.331320 0.923436 0.333575 0.923555 0.332988 0.936523 0.330733 0.936404
0 0.332944 0.949056 0.334363 0.950343 0.326882 0.959977 0.325463 0.958690
0 0.400897 0.975279 0.412100 0.970729 0.412774 0.972666 0.401570 0.977216
0 0.416750 0.968243 0.428468 0.967180 0.428631 0.969285 0.416914 0.970349
2 0.481083 0.759659 0.486872 0.759659 0.486872 0.764434 0.481083 0.764434
1 0.525816 0.766654 0.521734 0.749719 0.525819 0.748569 0.529901 0.765504
1 0.554697 0.693006 0.561311 0.677608 0.565118 0.679518 0.558504 0.694916
2 0.507122 0.702932 0.512901 0.702932 0.512901 0.707700 0.507122 0.707700
0 0.289800 0.767906 0.291227 0.769072 0.281855 0.782465 0.280428 0.781299
0 0.271114 0.702333 0.272960 0.703398 0.262675 0.724216 0.260829 0.723151
0 0.268335 0.683066 0.269596 0.684391 0.263988 0.690624 0.262727 0.689299
0 0.180442 0.725218 0.181364 0.726910 0.171009 0.733501 0.170087 0.731809
1 0.722986 0.955987 0.725457 0.938931 0.729684 0.939646 0.727213 0.956702
1 0.907967 0.895265 0.903058 0.911688 0.899059 0.910293 0.903968 0.893869
1 0.867720 0.907397 0.852127 0.903507 0.853066 0.899110 0.868659 0.903000
1 0.667022 0.403181 0.677722 0.390338 0.680943 0.393472 0.670243 0.406315
1 0.741875 0.823193 0.744169 0.805782 0.748154 0.806396 0.745860 0.823806
1 0.740548 0.842739 0.729642 0.830101 0.732729 0.826991 0.743634 0.839628
1 0.313181 0.316708 0.325293 0.305410 0.328034 0.308842 0.315923 0.320140
1 0.401507 0.266073 0.416297 0.259123 0.418073 0.263537 0.403283 0.270487
1 0.791780 0.930900 0.776566 0.926247 0.777771 0.921646 0.792985 0.926299
2 0.928087 0.814819 0.933480 0.814819 0.933480 0.819585 0.928087 0.819585
2 0.966995 0.740844 0.972377 0.740844 0.972377 0.745288 0.966995 0.745288
2 0.769429 0.643608 0.774980 0.643608 0.774980 0.648084 0.769429 0.648084
2 0.741786 0.602215 0.747747 0.602215 0.747747 0.607613 0.741786 0.607613
0 0.140496 0.804799 0.141686 0.806773 0.132180 0.813469 0.130990 0.811495
2 0.440366 0.786507 0.446299 0.786507 0.446299 0.790893 0.440366 0.790893
1 0.764084 0.145238 0.778277 0.137823 0.780074 0.141840 0.765881 0.149255
1 0.671546 0.316635 0.684863 0.306891 0.687227 0.310664 0.673910 0.320409
0 0.961291 0.479812 0.963034 0.480299 0.960002 0.492969 0.958259 0.492482
1 0.810307 0.223614 0.822537 0.212524 0.825386 0.216192 0.813155 0.227283
1 0.805092 0.525266 0.819470 0.517143 0.821420 0.521174 0.807042 0.529297
1 0.677641 0.629361 0.687562 0.615686 0.690968 0.618571 0.681047 0.632246
1 0.828916 0.636955 0.842387 0.627466 0.844570 0.631087 0.831100 0.640575
1 0.838351 0.616258 0.853708 0.611216 0.854882 0.615391 0.839525 0.620433
1 0.977941 0.689015 0.989472 0.697839 0.987016 0.701588 0.975485 0.692764
1 0.990474 0.555496 0.987649 0.572628 0.983699 0.571867 0.986524 0.554735
0 0.658927 0.521153 0.660484 0.522652 0.654562 0.529835 0.653005 0.528336
1 0.584185 0.303852 0.599380 0.297843 0.600848 0.302178 0.585653 0.308187
1 0.542330 0.398173 0.557111 0.391194 0.558807 0.395391 0.544027 0.402370
11 0.195334 0.402426 0.200587 0.402426 0.200587 0.406969 0.195334 0.406969
2 0.818892 0.717331 0.824760 0.717331 0.824760 0.722045 0.818892 0.722045
2 0.763294 0.717706 0.768928 0.717706 0.768928 0.722398 0.763294 0.722398
1 0.991229 0.500601 0.990538 0.517712 0.987785 0.517582 0.988476 0.500471
1 0.344183 0.814944 0.340308 0.798021 0.344185 0.796985 0.348060 0.813907
1 0.442195 0.873902 0.441971 0.856559 0.446297 0.856493 0.446521 0.873837
1 0.398233 0.780266 0.398458 0.762846 0.402761 0.762911 0.402536 0.780330
1 0.753529 0.104095 0.769645 0.104095 0.769645 0.109075 0.753529 0.109075
0 0.915650 0.428372 0.918528 0.428372 0.918528 0.441292 0.915650 0.441292
11 0.697921 0.574436 0.705635 0.574436 0.705635 0.588773 0.697921 0.588773
11 0.687848 0.572574 0.697348 0.572574 0.697348 0.583474 0.687848 0.583474
11 0.172985 0.455684 0.178090 0.455684 0.178090 0.464524 0.172985 0.464524
11 0.140984 0.468240 0.147028 0.468240 0.147028 0.476681 0.140984 0.476681
11 0.107138 0.525867 0.111479 0.525867 0.111479 0.530276 0.107138 0.530276
11 0.034544 0.586962 0.041661 0.586962 0.041661 0.594569 0.034544 0.594569
11 0.163694 0.834327 0.173268 0.834327 0.173268 0.843006 0.163694 0.843006
2 0.522957 0.825953 0.528311 0.826023 0.528250 0.831454 0.522896 0.831384
2 0.710679 0.865178 0.716062 0.865219 0.716031 0.869971 0.710648 0.869930
2 0.009809 0.883519 0.004258 0.883485 0.004283 0.878733 0.009833 0.878767
3 0.639498 0.020409 0.634722 0.020358 0.634770 0.015098 0.639546 0.015149
2 0.338803 0.962892 0.344583 0.962924 0.344560 0.967699 0.338780 0.967667
2 0.439197 0.884979 0.433376 0.884948 0.433398 0.880297 0.439218 0.880328
2 0.836610 0.737239 0.842265 0.737259 0.842251 0.741770 0.836596 0.741750
2 0.618079 0.957348 0.612021 0.957304 0.612052 0.952309 0.618110 0.952353
11 0.708294 0.584502 0.708342 0.562621 0.719307 0.562649 0.719259 0.584531
2 0.509161 0.927990 0.514360 0.928027 0.514333 0.932524 0.509134 0.932487
2 0.239361 0.949205 0.233695 0.949131 0.233750 0.944256 0.239415 0.944330
11 0.713623 0.636734 0.713753 0.621561 0.718817 0.621611 0.718687 0.636785
11 0.037039 0.553368 0.050436 0.553368 0.050436 0.569822 0.037039 0.569822
1 0.883422 0.882574 0.880562 0.899581 0.876464 0.898776 0.879324 0.881769
1 0.324746 0.774250 0.324429 0.756425 0.328326 0.756344 0.328643 0.774169
0 0.294897 0.810842 0.296224 0.811995 0.288300 0.822645 0.286973 0.821491
1 0.903553 0.346075 0.903751 0.363523 0.899562 0.363578 0.899364 0.346131
11 0.707292 0.543478 0.707511 0.521759 0.717995 0.521883 0.717776 0.543601
2 0.816478 0.713189 0.822217 0.713225 0.822195 0.717279 0.816456 0.717243
2 0.125671 0.615506 0.131999 0.615595 0.131935 0.620880 0.125607 0.620790
11 0.702116 0.652775 0.702225 0.639875 0.712360 0.639975 0.712250 0.652875
1 0.792942 0.107115 0.809315 0.106559 0.809463 0.111630 0.793089 0.112186
