1 0.048698 0.815885 0.053808 0.815885 0.053808 0.819656 0.048698 0.819656
1 0.034745 0.806019 0.039814 0.806019 0.039814 0.809440 0.034745 0.809440
1 0.083260 0.787491 0.087881 0.787491 0.087881 0.791570 0.083260 0.791570
1 0.082724 0.768703 0.085571 0.768703 0.085571 0.774305 0.082724 0.774305
2 0.014002 0.780934 0.019972 0.780934 0.019972 0.786446 0.014002 0.786446
1 0.106000 0.683073 0.108981 0.683073 0.108981 0.689066 0.106000 0.689066
1 0.124523 0.660858 0.127602 0.660858 0.127602 0.666703 0.124523 0.666703
1 0.081667 0.548782 0.085281 0.548782 0.085281 0.553956 0.081667 0.553956
1 0.084308 0.532472 0.088404 0.532472 0.088404 0.537470 0.084308 0.537470
1 0.211320 0.524663 0.215051 0.524663 0.215051 0.529485 0.211320 0.529485
1 0.174127 0.504974 0.178670 0.504974 0.178670 0.509447 0.174127 0.509447
1 0.172292 0.482571 0.175945 0.482571 0.175945 0.487572 0.172292 0.487572
1 0.154701 0.461961 0.157932 0.461961 0.157932 0.467796 0.154701 0.467796
1 0.117205 0.472721 0.121416 0.472721 0.121416 0.477115 0.117205 0.477115
1 0.104662 0.426063 0.107663 0.426063 0.107663 0.431764 0.104662 0.431764
1 0.013514 0.486448 0.015610 0.486448 0.015610 0.492407 0.013514 0.492407
1 0.096140 0.336980 0.101801 0.336980 0.101801 0.339538 0.096140 0.339538
1 0.036230 0.299114 0.038383 0.299114 0.038383 0.305256 0.036230 0.305256
1 0.051443 0.298805 0.056148 0.298805 0.056148 0.302670 0.051443 0.302670
5 0.065557 0.286666 0.068318 0.286666 0.068318 0.293669 0.065557 0.293669
5 0.066008 0.294217 0.068176 0.294217 0.068176 0.298206 0.066008 0.298206
2 0.426407 0.476356 0.433099 0.476356 0.433099 0.482213 0.426407 0.482213
2 0.471547 0.447757 0.477654 0.447757 0.477654 0.453843 0.471547 0.453843
1 0.392455 0.436070 0.394623 0.436070 0.394623 0.442056 0.392455 0.442056
1 0.382373 0.407267 0.386652 0.407267 0.386652 0.411732 0.382373 0.411732
1 0.298577 0.439438 0.303273 0.439438 0.303273 0.443697 0.298577 0.443697
2 0.323001 0.357723 0.328976 0.357723 0.328976 0.362788 0.323001 0.362788
1 0.295531 0.271413 0.299255 0.271413 0.299255 0.276078 0.295531 0.276078
2 0.482197 0.342109 0.488880 0.342109 0.488880 0.347757 0.482197 0.347757
0 0.853847 0.401318 0.856724 0.401318 0.856724 0.412705 0.853847 0.412705
0 0.847897 0.397017 0.853209 0.397017 0.853209 0.414049 0.847897 0.414049
0 0.964256 0.511182 0.976652 0.511182 0.976652 0.523623 0.964256 0.523623
0 0.961068 0.507690 0.973465 0.507690 0.973465 0.520083 0.961068 0.520083
0 0.715532 0.747508 0.726313 0.747508 0.726313 0.762328 0.715532 0.762328
0 0.269601 0.154000 0.286178 0.154000 0.286178 0.159110 0.269601 0.159110
0 0.260041 0.161350 0.276404 0.161350 0.276404 0.165484 0.260041 0.165484
0 0.063544 0.156550 0.078315 0.156550 0.078315 0.165392 0.063544 0.165392
0 0.054039 0.076196 0.066085 0.076196 0.066085 0.089632 0.054039 0.089632
0 0.049769 0.074611 0.060730 0.074611 0.060730 0.088391 0.049769 0.088391
0 0.078197 0.003295 0.092432 0.003295 0.092432 0.012999 0.078197 0.012999
0 0.065982 0.013457 0.075064 0.013457 0.075064 0.023507 0.065982 0.023507
0 0.055997 0.026435 0.068478 0.026435 0.068478 0.038664 0.055997 0.038664
2 0.270111 0.427276 0.276590 0.427276 0.276590 0.434000 0.270111 0.434000
0 0.716440 0.014359 0.725465 0.014359 0.725465 0.029737 0.716440 0.029737
5 0.596526 0.836960 0.601418 0.836960 0.601418 0.840296 0.596526 0.840296
5 0.600404 0.841267 0.604976 0.841267 0.604976 0.844374 0.600404 0.844374
5 0.600882 0.844425 0.606145 0.844425 0.606145 0.847704 0.600882 0.847704
1 0.024341 0.181639 0.026650 0.181639 0.026650 0.187549 0.024341 0.187549
1 0.884923 0.818768 0.888215 0.818768 0.888215 0.824106 0.884923 0.824106
1 0.838732 0.684504 0.843162 0.684504 0.843162 0.688763 0.838732 0.688763
1 0.855971 0.598460 0.861019 0.598460 0.861019 0.602146 0.855971 0.602146
5 0.269951 0.276841 0.274266 0.276841 0.274266 0.281903 0.269951 0.281903
5 0.267112 0.280668 0.272054 0.280668 0.272054 0.286250 0.267112 0.286250
5 0.265894 0.285413 0.270098 0.285413 0.270098 0.290596 0.265894 0.290596
5 0.261646 0.288405 0.265930 0.288405 0.265930 0.293986 0.261646 0.293986
1 0.920698 0.020694 0.925389 0.020694 0.925389 0.025059 0.920698 0.025059
1 0.992176 0.108365 0.996430 0.108365 0.996430 0.112728 0.992176 0.112728
1 0.987289 0.134088 0.993084 0.134088 0.993084 0.136557 0.987289 0.136557
1 0.900753 0.153100 0.906600 0.153100 0.906600 0.155683 0.900753 0.155683
1 0.865007 0.151376 0.868359 0.151376 0.868359 0.157233 0.865007 0.157233
1 0.854372 0.033408 0.858196 0.033408 0.858196 0.038231 0.854372 0.038231
1 0.901128 0.193535 0.903940 0.193535 0.903940 0.199537 0.901128 0.199537
1 0.946763 0.217658 0.952562 0.217658 0.952562 0.220206 0.946763 0.220206
1 0.893271 0.288775 0.897209 0.288775 0.897209 0.293494 0.893271 0.293494
1 0.869927 0.432978 0.874530 0.432978 0.874530 0.437374 0.869927 0.437374
1 0.982388 0.495743 0.985526 0.495743 0.985526 0.501290 0.982388 0.501290
1 0.905984 0.526770 0.911775 0.526770 0.911775 0.529487 0.905984 0.529487
1 0.930776 0.544758 0.935847 0.544758 0.935847 0.548497 0.930776 0.548497
1 0.811205 0.526301 0.815447 0.526301 0.815447 0.530611 0.811205 0.530611
1 0.040903 0.851318 0.046549 0.851318 0.046549 0.854476 0.040903 0.854476
1 0.068913 0.911165 0.073783 0.911165 0.073783 0.914717 0.068913 0.914717
2 0.050512 0.931040 0.056764 0.931040 0.056764 0.936483 0.050512 0.936483
1 0.120579 0.834700 0.122947 0.834700 0.122947 0.840733 0.120579 0.840733
1 0.228916 0.831196 0.234197 0.831196 0.234197 0.834571 0.228916 0.834571
1 0.107667 0.905457 0.112872 0.905457 0.112872 0.909075 0.107667 0.909075
1 0.131480 0.905394 0.136456 0.905394 0.136456 0.908337 0.131480 0.908337
1 0.264403 0.899063 0.269804 0.899063 0.269804 0.902220 0.264403 0.902220
1 0.601394 0.752964 0.603436 0.752964 0.603436 0.759029 0.601394 0.759029
2 0.415731 0.806393 0.422789 0.806393 0.422789 0.811917 0.415731 0.811917
1 0.383035 0.838712 0.388544 0.838712 0.388544 0.841526 0.383035 0.841526
1 0.386618 0.852925 0.392026 0.852925 0.392026 0.855958 0.386618 0.855958
2 0.388510 0.843422 0.395068 0.843422 0.395068 0.849711 0.388510 0.849711
2 0.411121 0.863958 0.417273 0.863958 0.417273 0.869332 0.411121 0.869332
2 0.418253 0.894759 0.424438 0.894759 0.424438 0.900130 0.418253 0.900130
2 0.382659 0.931387 0.388541 0.931387 0.388541 0.936604 0.382659 0.936604
2 0.519932 0.949033 0.526409 0.949033 0.526409 0.954983 0.519932 0.954983
2 0.555333 0.903790 0.561579 0.903790 0.561579 0.909450 0.555333 0.909450
1 0.512717 0.796804 0.516778 0.796804 0.516778 0.801715 0.512717 0.801715
1 0.284572 0.196155 0.288743 0.196155 0.288743 0.200601 0.284572 0.200601
1 0.846442 0.573604 0.851025 0.573604 0.851025 0.577824 0.846442 0.577824
2 0.352081 0.183940 0.358246 0.183940 0.358246 0.189249 0.352081 0.189249
1 0.294667 0.233107 0.299030 0.233107 0.299030 0.237422 0.294667 0.237422
2 0.571240 0.197949 0.577671 0.197949 0.577671 0.204053 0.571240 0.204053
2 0.398254 0.160529 0.403260 0.160529 0.403260 0.165392 0.398254 0.165392
2 0.594165 0.232326 0.600046 0.232326 0.600046 0.237544 0.594165 0.237544
2 0.623874 0.384927 0.629840 0.384927 0.629840 0.390455 0.623874 0.390455
2 0.584880 0.823313 0.592020 0.823313 0.592020 0.829632 0.584880 0.829632
2 0.474787 0.687644 0.481333 0.687644 0.481333 0.692885 0.474787 0.692885
2 0.574396 0.751004 0.580566 0.751004 0.580566 0.756136 0.574396 0.756136
1 0.525764 0.571596 0.530295 0.571596 0.530295 0.576127 0.525764 0.576127
1 0.566191 0.488361 0.571710 0.488361 0.571710 0.491505 0.566191 0.491505
2 0.610652 0.462333 0.616901 0.462333 0.616901 0.468213 0.610652 0.468213
1 0.023884 0.046643 0.026170 0.046643 0.026170 0.052735 0.023884 0.052735
1 0.048137 0.003681 0.050421 0.003681 0.050421 0.009558 0.048137 0.009558
1 0.215811 0.174141 0.221570 0.174141 0.221570 0.176377 0.215811 0.176377
1 0.161095 0.167651 0.166936 0.167651 0.166936 0.170326 0.161095 0.170326
1 0.036735 0.115711 0.042199 0.115711 0.042199 0.118333 0.036735 0.118333
1 0.074668 0.122774 0.077081 0.122774 0.077081 0.128800 0.074668 0.128800
1 0.151700 0.129357 0.156822 0.129357 0.156822 0.132236 0.151700 0.132236
1 0.168414 0.060072 0.174137 0.060072 0.174137 0.062449 0.168414 0.062449
1 0.205539 0.051915 0.211351 0.051915 0.211351 0.054541 0.205539 0.054541
1 0.242792 0.089928 0.248359 0.089928 0.248359 0.092421 0.242792 0.092421
1 0.285879 0.036661 0.291105 0.036661 0.291105 0.040014 0.285879 0.040014
1 0.319963 0.103493 0.322363 0.103493 0.322363 0.109713 0.319963 0.109713
2 0.406129 0.093589 0.412328 0.093589 0.412328 0.099128 0.406129 0.099128
1 0.383200 0.101750 0.387425 0.101750 0.387425 0.106236 0.383200 0.106236
1 0.455874 0.020567 0.460487 0.020567 0.460487 0.024698 0.455874 0.024698
2 0.492005 0.092726 0.498401 0.092726 0.498401 0.098180 0.492005 0.098180
2 0.606029 0.112916 0.611899 0.112916 0.611899 0.117937 0.606029 0.117937
1 0.611506 0.060546 0.616507 0.060546 0.616507 0.063471 0.611506 0.063471
1 0.723200 0.021080 0.727198 0.021080 0.727198 0.025965 0.723200 0.025965
1 0.806771 0.019165 0.810535 0.019165 0.810535 0.023949 0.806771 0.023949
1 0.752963 0.129930 0.755218 0.129930 0.755218 0.136300 0.752963 0.136300
1 0.743162 0.183182 0.747769 0.183182 0.747769 0.187901 0.743162 0.187901
1 0.757363 0.213552 0.759710 0.213552 0.759710 0.219632 0.757363 0.219632
1 0.658681 0.206925 0.661601 0.206925 0.661601 0.212444 0.658681 0.212444
1 0.672222 0.241582 0.675324 0.241582 0.675324 0.247315 0.672222 0.247315
1 0.761402 0.281350 0.765920 0.281350 0.765920 0.285935 0.761402 0.285935
1 0.630561 0.358511 0.633403 0.358511 0.633403 0.364493 0.630561 0.364493
1 0.648233 0.366321 0.651922 0.366321 0.651922 0.371720 0.648233 0.371720
2 0.652892 0.331373 0.659519 0.331373 0.659519 0.337374 0.652892 0.337374
2 0.690877 0.353008 0.697059 0.353008 0.697059 0.358872 0.690877 0.358872
1 0.713695 0.350396 0.717773 0.350396 0.717773 0.355565 0.713695 0.355565
2 0.610287 0.449048 0.617105 0.449048 0.617105 0.454885 0.610287 0.454885
1 0.768880 0.356946 0.772274 0.356946 0.772274 0.362090 0.768880 0.362090
1 0.738003 0.426469 0.741358 0.426469 0.741358 0.431868 0.738003 0.431868
1 0.765425 0.534340 0.769593 0.534340 0.769593 0.539126 0.765425 0.539126
1 0.627738 0.584215 0.631830 0.584215 0.631830 0.589322 0.627738 0.589322
2 0.685236 0.608435 0.692321 0.608435 0.692321 0.614703 0.685236 0.614703
5 0.066825 0.298784 0.068986 0.298784 0.068986 0.302804 0.066825 0.302804
1 0.706882 0.635130 0.710611 0.635130 0.710611 0.640273 0.706882 0.640273
1 0.655946 0.650122 0.660597 0.650122 0.660597 0.654548 0.655946 0.654548
2 0.679547 0.657977 0.685496 0.657977 0.685496 0.662685 0.679547 0.662685
1 0.704750 0.680393 0.706986 0.680393 0.706986 0.686881 0.704750 0.686881
2 0.730430 0.693461 0.736698 0.693461 0.736698 0.699318 0.730430 0.699318
2 0.608748 0.765808 0.615811 0.765808 0.615811 0.772009 0.608748 0.772009
2 0.705170 0.780478 0.711322 0.780478 0.711322 0.786560 0.705170 0.786560
1 0.743982 0.740520 0.749692 0.740520 0.749692 0.743056 0.743982 0.743056
1 0.682901 0.876707 0.685637 0.876707 0.685637 0.883089 0.682901 0.883089
1 0.731775 0.915281 0.734033 0.915281 0.734033 0.921214 0.731775 0.921214
1 0.560567 0.420433 0.562914 0.420433 0.562914 0.426460 0.560567 0.426460
1 0.748020 0.951073 0.750587 0.951073 0.750587 0.956959 0.748020 0.956959
2 0.926054 0.827494 0.932427 0.827494 0.932427 0.833619 0.926054 0.833619
1 0.955025 0.983778 0.959943 0.983778 0.959943 0.987533 0.955025 0.987533
1 0.978287 0.825984 0.982641 0.825984 0.982641 0.830747 0.978287 0.830747
11 0.362782 0.529348 0.390316 0.529348 0.390316 0.560701 0.362782 0.560701
1 0.085478 0.261493 0.090525 0.261493 0.090525 0.265001 0.085478 0.265001
1 0.057022 0.229811 0.060526 0.229811 0.060526 0.234710 0.057022 0.234710
1 0.327669 0.580893 0.330861 0.580893 0.330861 0.586812 0.327669 0.586812
1 0.288238 0.506576 0.291058 0.506576 0.291058 0.512203 0.288238 0.512203
1 0.261045 0.558081 0.266574 0.558081 0.266574 0.560148 0.261045 0.560148
2 0.222882 0.515195 0.229203 0.515195 0.229203 0.521225 0.222882 0.521225
2 0.165004 0.536136 0.171366 0.536136 0.171366 0.542019 0.165004 0.542019
