1 0.886066 0.246408 0.876582 0.246264 0.876616 0.243639 0.886100 0.243783
1 0.952638 0.158930 0.945387 0.166529 0.943345 0.164251 0.950597 0.156652
1 0.967380 0.260043 0.958791 0.264394 0.957762 0.262018 0.966351 0.257667
1 0.978138 0.266540 0.969011 0.269333 0.968350 0.266807 0.977477 0.264014
1 0.921874 0.307762 0.912725 0.310468 0.912146 0.308178 0.921295 0.305472
1 0.870414 0.275868 0.861323 0.278799 0.860689 0.276498 0.869780 0.273567
1 0.467968 0.532000 0.464552 0.541572 0.462365 0.540660 0.465780 0.531087
1 0.800074 0.306443 0.791499 0.310826 0.790462 0.308454 0.799037 0.304071
1 0.806905 0.304188 0.802408 0.313219 0.800725 0.312239 0.805222 0.303208
1 0.746965 0.346734 0.738808 0.351971 0.737570 0.349716 0.745727 0.344479
1 0.725091 0.272961 0.715709 0.275680 0.715080 0.273144 0.724463 0.270425
1 0.626084 0.348674 0.617126 0.352048 0.616327 0.349569 0.625286 0.346195
1 0.439742 0.284224 0.441811 0.294236 0.439523 0.294789 0.437454 0.284777
1 0.415604 0.341697 0.416744 0.351880 0.414417 0.352185 0.413277 0.342002
1 0.338841 0.302063 0.329380 0.302796 0.329212 0.300267 0.338673 0.299534
1 0.314302 0.289950 0.324240 0.287370 0.324752 0.289676 0.314814 0.292256
1 0.278809 0.310514 0.285589 0.302999 0.287026 0.304516 0.280246 0.312030
1 0.242604 0.307135 0.238609 0.316440 0.236580 0.315421 0.240574 0.306117
1 0.093409 0.312414 0.083618 0.313434 0.083393 0.310910 0.093184 0.309890
1 0.069215 0.338584 0.060350 0.334884 0.061352 0.332078 0.070216 0.335777
1 0.176883 0.374450 0.171538 0.382923 0.169601 0.381495 0.174946 0.373021
1 0.165810 0.482926 0.158438 0.489382 0.156961 0.487410 0.164333 0.480954
1 0.212192 0.448415 0.204706 0.442114 0.206147 0.440113 0.213632 0.446415
1 0.255501 0.417511 0.256063 0.407269 0.258403 0.407419 0.257841 0.417661
1 0.268269 0.403691 0.263375 0.394524 0.265405 0.393256 0.270300 0.402424
1 0.318795 0.372660 0.310049 0.377253 0.308877 0.374643 0.317623 0.370050
1 0.315032 0.391624 0.311849 0.381514 0.314350 0.380594 0.317533 0.390704
1 0.420688 0.479861 0.413744 0.487691 0.411885 0.485764 0.418829 0.477933
1 0.355071 0.417205 0.352813 0.406714 0.354942 0.406179 0.357200 0.416669
1 0.331099 0.454099 0.324220 0.446477 0.325916 0.444687 0.332795 0.452309
1 0.321096 0.420852 0.314021 0.413791 0.315653 0.411878 0.322728 0.418939
1 0.112420 0.923816 0.105140 0.930397 0.103636 0.928451 0.110916 0.921869
1 0.122991 0.736497 0.117507 0.744872 0.115593 0.743406 0.121077 0.735031
1 0.475551 0.618032 0.475385 0.628287 0.473041 0.628243 0.473207 0.617987
1 0.190127 0.600175 0.181543 0.604543 0.180544 0.602248 0.189128 0.597879
1 0.031342 0.593696 0.023992 0.600179 0.022509 0.598213 0.029860 0.591730
1 0.113739 0.494209 0.107065 0.501502 0.105399 0.499719 0.112072 0.492426
1 0.504879 0.517665 0.501386 0.527206 0.499205 0.526272 0.502698 0.516731
1 0.533140 0.531447 0.527796 0.539920 0.525791 0.538442 0.531136 0.529968
1 0.607838 0.511136 0.600147 0.518141 0.598773 0.516376 0.606464 0.509371
1 0.873128 0.418789 0.866304 0.425915 0.864674 0.424090 0.871498 0.416964
1 0.753572 0.400357 0.746189 0.406799 0.744716 0.404825 0.752099 0.398383
1 0.695685 0.443990 0.686227 0.443221 0.686403 0.440692 0.695861 0.441461
1 0.689481 0.415645 0.680043 0.414626 0.680276 0.412104 0.689714 0.413123
1 0.597246 0.390474 0.589289 0.396062 0.588012 0.393935 0.595969 0.388348
1 0.989751 0.083914 0.991649 0.094887 0.989472 0.095328 0.987574 0.084354
1 0.929797 0.041222 0.923010 0.048796 0.921494 0.047208 0.928281 0.039634
1 0.484173 0.101147 0.474925 0.097507 0.475858 0.094735 0.485106 0.098375
1 0.436116 0.107240 0.426931 0.102755 0.427929 0.100365 0.437114 0.104850
1 0.361136 0.099213 0.351166 0.101114 0.350758 0.098612 0.360728 0.096711
1 0.311711 0.037917 0.308100 0.048035 0.305506 0.046953 0.309117 0.036834
1 0.280236 0.029231 0.273579 0.036896 0.271757 0.035046 0.278414 0.027381
1 0.261514 0.203037 0.258271 0.213337 0.255580 0.212347 0.258823 0.202046
1 0.302179 0.202819 0.294273 0.210572 0.292543 0.208508 0.300449 0.200755
1 0.299038 0.252661 0.306077 0.244860 0.307821 0.246700 0.300782 0.254502
1 0.306632 0.259136 0.313319 0.251726 0.314944 0.253441 0.308257 0.260851
1 0.412358 0.223252 0.421362 0.227547 0.420244 0.230288 0.411240 0.225992
1 0.434396 0.181237 0.431901 0.171021 0.434505 0.170278 0.437000 0.180493
1 0.504224 0.185032 0.495649 0.181019 0.496619 0.178596 0.505194 0.182609
1 0.756686 0.160534 0.750010 0.167984 0.748057 0.165938 0.754733 0.158488
1 0.784675 0.246030 0.776969 0.253454 0.775613 0.251808 0.783319 0.244383
