2 0.242746 0.151349 0.248426 0.151386 0.248400 0.156076 0.242720 0.156039
2 0.738713 0.393628 0.733249 0.393587 0.733279 0.388829 0.738743 0.388870
2 0.789852 0.474875 0.795513 0.474918 0.795485 0.479198 0.789824 0.479155
2 0.077542 0.640798 0.071760 0.640777 0.071774 0.636147 0.077557 0.636168
2 0.922022 0.071741 0.916172 0.071700 0.916200 0.066962 0.922050 0.067003
2 0.443133 0.157416 0.437623 0.157375 0.437654 0.152413 0.443165 0.152454
2 0.894023 0.757158 0.899779 0.757170 0.899771 0.761782 0.894015 0.761771
10 0.699944 0.740885 0.699926 0.745019 0.692140 0.744980 0.692158 0.740846
2 0.939941 0.456998 0.945831 0.457020 0.945816 0.461761 0.939926 0.461739
2 0.195720 0.607031 0.201310 0.607114 0.201254 0.611568 0.195664 0.611485
2 0.406621 0.836782 0.412504 0.836814 0.412481 0.841748 0.406598 0.841716
10 0.612107 0.296189 0.612120 0.300603 0.606895 0.300621 0.606882 0.296207
2 0.449076 0.144177 0.443462 0.144139 0.443488 0.139535 0.449102 0.139573
10 0.756781 0.386874 0.764661 0.386873 0.764661 0.390994 0.756781 0.390995
10 0.081836 0.821387 0.081804 0.825316 0.074574 0.825245 0.074606 0.821316
2 0.966768 0.797390 0.961142 0.797337 0.961179 0.792711 0.966804 0.792764
2 0.527468 0.746403 0.521521 0.746328 0.521571 0.741656 0.527517 0.741731
5 0.830430 0.649433 0.828296 0.649381 0.828357 0.646418 0.830491 0.646470
2 0.228953 0.367945 0.234136 0.367945 0.234136 0.372619 0.228953 0.372619
2 0.690041 0.815369 0.684224 0.815351 0.684237 0.810405 0.690053 0.810423
10 0.838560 0.102945 0.845855 0.102962 0.845847 0.106993 0.838552 0.106976
2 0.713191 0.636219 0.713188 0.631309 0.718599 0.631306 0.718601 0.636216
2 0.510231 0.806632 0.504437 0.806561 0.504480 0.802416 0.510274 0.802487
2 0.341798 0.744269 0.336670 0.744257 0.336679 0.739846 0.341807 0.739858
10 0.516137 0.059241 0.508425 0.059222 0.508434 0.055292 0.516145 0.055311
10 0.511039 0.806595 0.511053 0.810635 0.503334 0.810668 0.503319 0.806628
10 0.643890 0.698544 0.635405 0.698530 0.635412 0.694064 0.643896 0.694078
10 0.271581 0.670303 0.263928 0.670233 0.263959 0.666238 0.271612 0.666308
10 0.251540 0.090462 0.259124 0.090465 0.259123 0.094573 0.251539 0.094571
10 0.272695 0.841571 0.272680 0.845820 0.264694 0.845787 0.264709 0.841538
10 0.360023 0.248553 0.360000 0.252064 0.352593 0.252007 0.352616 0.248496
2 0.787464 0.848052 0.781793 0.847992 0.781831 0.843809 0.787502 0.843869
2 0.733324 0.638765 0.739219 0.638835 0.739172 0.643521 0.733276 0.643451
2 0.506483 0.753883 0.501155 0.753839 0.501188 0.749107 0.506516 0.749151
10 0.892549 0.493338 0.892582 0.496845 0.884981 0.496930 0.884948 0.493423
10 0.749417 0.747154 0.749358 0.743263 0.757222 0.743122 0.757281 0.747013
5 0.749567 0.687673 0.747101 0.687664 0.747109 0.684967 0.749574 0.684976
5 0.823521 0.644290 0.823454 0.641049 0.825281 0.641005 0.825349 0.644245
5 0.084056 0.966524 0.086324 0.966547 0.086302 0.969088 0.084034 0.969065
5 0.699262 0.936414 0.699348 0.941790 0.695352 0.941866 0.695266 0.936490
10 0.834893 0.095573 0.834850 0.099388 0.827342 0.099289 0.827385 0.095474
5 0.828346 0.646809 0.826628 0.646808 0.826629 0.644860 0.828347 0.644861
2 0.622087 0.641009 0.616233 0.640969 0.616263 0.635685 0.622117 0.635725
2 0.542414 0.826597 0.542380 0.821575 0.548257 0.821527 0.548291 0.826550
5 0.952402 0.253494 0.956101 0.253516 0.956084 0.256860 0.952385 0.256838
5 0.104493 0.476048 0.101425 0.475916 0.101592 0.471296 0.104661 0.471428
10 0.300995 0.545893 0.308494 0.545891 0.308495 0.550567 0.300996 0.550568
5 0.334720 0.402097 0.334753 0.398605 0.336434 0.398623 0.336401 0.402116
2 0.309824 0.068759 0.315892 0.068785 0.315875 0.073372 0.309807 0.073346
2 0.607447 0.302765 0.601437 0.302730 0.601461 0.298014 0.607470 0.298049
2 0.377014 0.009461 0.377162 0.014534 0.371362 0.014734 0.371214 0.009661
10 0.114629 0.228250 0.121479 0.228226 0.121491 0.232279 0.114641 0.232303
2 0.334141 0.216837 0.328750 0.216825 0.328760 0.211739 0.334151 0.211751
2 0.518697 0.966070 0.513049 0.966016 0.513088 0.961200 0.518736 0.961254
5 0.065514 0.858673 0.065542 0.851082 0.068779 0.851096 0.068751 0.858687
2 0.070869 0.819149 0.076537 0.819198 0.076501 0.824029 0.070833 0.823979
10 0.233895 0.045943 0.233874 0.049335 0.226165 0.049279 0.226186 0.045887
2 0.530609 0.167653 0.536463 0.167694 0.536435 0.172534 0.530581 0.172493
10 0.953229 0.392494 0.960810 0.392494 0.960810 0.396537 0.953229 0.396537
2 0.512418 0.042122 0.517946 0.042164 0.517918 0.046558 0.512390 0.046516
2 0.162189 0.693667 0.155911 0.693637 0.155930 0.688757 0.162209 0.688787
10 0.706497 0.262563 0.706478 0.266461 0.698521 0.266415 0.698540 0.262517
2 0.249791 0.144889 0.244167 0.144858 0.244190 0.139851 0.249814 0.139882
2 0.639424 0.691708 0.645307 0.691735 0.645290 0.696168 0.639406 0.696141
2 0.979509 0.995423 0.974189 0.995405 0.974203 0.990752 0.979522 0.990770
5 0.849576 0.260088 0.849606 0.253868 0.852517 0.253885 0.852487 0.260104
10 0.331856 0.790336 0.331852 0.794446 0.324261 0.794437 0.324265 0.790327
10 0.536926 0.160584 0.544603 0.160579 0.544606 0.164691 0.536928 0.164696
2 0.631479 0.676549 0.637243 0.676578 0.637224 0.681010 0.631461 0.680981
2 0.638480 0.221185 0.644549 0.221219 0.644523 0.226727 0.638454 0.226693
10 0.529128 0.055695 0.529127 0.059718 0.521723 0.059716 0.521724 0.055693
2 0.338322 0.247606 0.344074 0.247653 0.344043 0.252084 0.338291 0.252036
2 0.503720 0.244446 0.498121 0.244397 0.498161 0.238922 0.503761 0.238971
10 0.434261 0.894092 0.434248 0.898160 0.426497 0.898129 0.426511 0.894061
2 0.962030 0.997806 0.956004 0.997785 0.956019 0.992878 0.962044 0.992899
2 0.386744 0.431947 0.392476 0.432015 0.392428 0.436791 0.386696 0.436723
2 0.488133 0.055372 0.482048 0.055351 0.482063 0.050343 0.488148 0.050365
2 0.357166 0.399963 0.351166 0.399945 0.351178 0.395134 0.357178 0.395152
2 0.905316 0.813275 0.899603 0.813222 0.899642 0.808336 0.905355 0.808389
2 0.601338 0.695071 0.595672 0.695032 0.595699 0.690358 0.601365 0.690397
2 0.740391 0.862891 0.740387 0.858157 0.746144 0.858152 0.746148 0.862886
2 0.577402 0.280261 0.583355 0.280296 0.583332 0.285060 0.577379 0.285025
2 0.713873 0.794520 0.708211 0.794476 0.708246 0.789033 0.713909 0.789077
2 0.821755 0.775683 0.827133 0.775710 0.827113 0.780315 0.821736 0.780288
2 0.354323 0.117935 0.348662 0.117859 0.348716 0.113075 0.354377 0.113151
2 0.757693 0.721463 0.751941 0.721444 0.751955 0.716561 0.757707 0.716580
2 0.885161 0.455871 0.879496 0.455825 0.879528 0.451170 0.885193 0.451216
2 0.610529 0.734944 0.616122 0.734986 0.616095 0.739378 0.610502 0.739336
2 0.590464 0.596221 0.584960 0.596180 0.584989 0.591605 0.590492 0.591646
2 0.936565 0.315525 0.930894 0.315482 0.930924 0.310807 0.936595 0.310850
2 0.270356 0.151354 0.275796 0.151424 0.275743 0.156284 0.270303 0.156214
2 0.587969 0.512555 0.593929 0.512570 0.593919 0.517373 0.587959 0.517358
2 0.518986 0.622738 0.525029 0.622768 0.525009 0.627644 0.518966 0.627615
2 0.500916 0.145317 0.495040 0.145268 0.495074 0.140423 0.500951 0.140472
2 0.566690 0.053336 0.560927 0.053279 0.560966 0.048613 0.566729 0.048670
2 0.487095 0.536988 0.481202 0.536974 0.481212 0.532051 0.487105 0.532066
2 0.894763 0.957840 0.900448 0.957852 0.900440 0.962484 0.894754 0.962472
2 0.839274 0.743180 0.833525 0.743147 0.833548 0.738531 0.839296 0.738564
2 0.489555 0.455309 0.483604 0.455265 0.483634 0.450487 0.489585 0.450531
2 0.493824 0.522925 0.499600 0.522966 0.499573 0.527407 0.493797 0.527366
2 0.223299 0.455615 0.217584 0.455577 0.217612 0.450624 0.223327 0.450662
2 0.272560 0.288664 0.278238 0.288713 0.278205 0.293237 0.272527 0.293188
2 0.464466 0.050220 0.470282 0.050252 0.470260 0.054963 0.464445 0.054931
2 0.709341 0.752313 0.703523 0.752279 0.703547 0.747447 0.709365 0.747481
2 0.264054 0.138014 0.269676 0.138062 0.269643 0.142722 0.264021 0.142674
2 0.827044 0.392196 0.821718 0.392147 0.821757 0.387217 0.827082 0.387266
2 0.349511 0.178102 0.343870 0.178038 0.343916 0.173202 0.349558 0.173266
10 0.943547 0.120551 0.943539 0.124640 0.936314 0.124623 0.936322 0.120534
2 0.307852 0.207571 0.302212 0.207543 0.302232 0.202843 0.307872 0.202871
2 0.587055 0.264535 0.592868 0.264594 0.592827 0.269388 0.587014 0.269329
10 0.468306 0.140815 0.468300 0.144832 0.460159 0.144816 0.460165 0.140799
2 0.479736 0.618861 0.473990 0.618820 0.474019 0.614019 0.479765 0.614060
2 0.271429 0.485034 0.265593 0.484994 0.265619 0.480407 0.271455 0.480446
2 0.975292 0.628188 0.980943 0.628220 0.980921 0.632866 0.975269 0.632834
