10 0.144007 0.867668 0.151113 0.867668 0.151113 0.871685 0.144007 0.871685
2 0.160296 0.788070 0.165574 0.788070 0.165574 0.792651 0.160296 0.792651
2 0.095159 0.875456 0.100474 0.875456 0.100474 0.880018 0.095159 0.880018
2 0.003551 0.824698 0.008640 0.824698 0.008640 0.829122 0.003551 0.829122
2 0.010066 0.697902 0.015309 0.697902 0.015309 0.702293 0.010066 0.702293
2 0.030131 0.797157 0.035767 0.797157 0.035767 0.801729 0.030131 0.801729
2 0.009277 0.682008 0.014528 0.682008 0.014528 0.686277 0.009277 0.686277
2 0.236923 0.437782 0.242236 0.437782 0.242236 0.442288 0.236923 0.442288
10 0.217532 0.510465 0.225503 0.510465 0.225503 0.514192 0.217532 0.514192
10 0.221909 0.514224 0.229649 0.514224 0.229649 0.518047 0.221909 0.518047
10 0.359117 0.523319 0.367033 0.523319 0.367033 0.527236 0.359117 0.527236
2 0.298761 0.604306 0.303892 0.604306 0.303892 0.608491 0.298761 0.608491
2 0.284403 0.677723 0.289651 0.677723 0.289651 0.682369 0.284403 0.682369
10 0.252135 0.704592 0.259955 0.704592 0.259955 0.708687 0.252135 0.708687
2 0.152863 0.664959 0.157878 0.664959 0.157878 0.669161 0.152863 0.669161
9 0.155704 0.662366 0.163648 0.662366 0.163648 0.665939 0.155704 0.665939
2 0.089143 0.676353 0.094379 0.676353 0.094379 0.680596 0.089143 0.680596
2 0.043979 0.572279 0.049267 0.572279 0.049267 0.576795 0.043979 0.576795
2 0.144068 0.540747 0.149211 0.540747 0.149211 0.545204 0.144068 0.545204
2 0.262951 0.028158 0.268192 0.028158 0.268192 0.032674 0.262951 0.032674
2 0.036982 0.363603 0.041936 0.363603 0.041936 0.368174 0.036982 0.368174
2 0.201863 0.255773 0.207373 0.255773 0.207373 0.260257 0.201863 0.260257
9 0.065345 0.161079 0.073224 0.161079 0.073224 0.165019 0.065345 0.165019
9 0.104903 0.128807 0.112739 0.128807 0.112739 0.132884 0.104903 0.132884
9 0.080920 0.116159 0.089076 0.116159 0.089076 0.120065 0.080920 0.120065
10 0.183007 0.936312 0.190895 0.936312 0.190895 0.940134 0.183007 0.940134
2 0.785943 0.492667 0.791247 0.492667 0.791247 0.497178 0.785943 0.497178
5 0.383135 0.856506 0.387703 0.856506 0.387703 0.879915 0.383135 0.879915
5 0.891017 0.264918 0.906456 0.248153 0.912208 0.254444 0.896770 0.271209
5 0.975653 0.142183 0.980601 0.142195 0.980592 0.146581 0.975644 0.146569
2 0.795844 0.473788 0.801153 0.473788 0.801153 0.478167 0.795844 0.478167
2 0.276244 0.150293 0.280870 0.150293 0.280870 0.154784 0.276244 0.154784
10 0.053620 0.118112 0.061590 0.118112 0.061590 0.122020 0.053620 0.122020
10 0.269960 0.148916 0.277949 0.148916 0.277949 0.152990 0.269960 0.152990
10 0.307223 0.116342 0.315044 0.116342 0.315044 0.120123 0.307223 0.120123
10 0.707871 0.024031 0.716564 0.024031 0.716564 0.028160 0.707871 0.028160
2 0.831045 0.387883 0.836514 0.387883 0.836514 0.392433 0.831045 0.392433
2 0.726118 0.326513 0.731443 0.326513 0.731443 0.330807 0.726118 0.330807
2 0.668657 0.301694 0.673950 0.301694 0.673950 0.306531 0.668657 0.306531
5 0.584120 0.286402 0.589052 0.286402 0.589052 0.292297 0.584120 0.292297
5 0.576262 0.291260 0.585754 0.291260 0.585754 0.304195 0.576262 0.304195
5 0.499319 0.470058 0.501941 0.470058 0.501941 0.474470 0.499319 0.474470
5 0.502789 0.451377 0.510718 0.451377 0.510718 0.467019 0.502789 0.467019
5 0.517878 0.422129 0.526212 0.422129 0.526212 0.435186 0.517878 0.435186
5 0.526255 0.412307 0.534866 0.412307 0.534866 0.422977 0.526255 0.422977
5 0.559995 0.364719 0.563895 0.364719 0.563895 0.377758 0.559995 0.377758
9 0.552494 0.357990 0.560459 0.357990 0.560459 0.361883 0.552494 0.361883
2 0.603044 0.364788 0.608331 0.364788 0.608331 0.369387 0.603044 0.369387
2 0.476632 0.312946 0.481957 0.312946 0.481957 0.317211 0.476632 0.317211
2 0.431495 0.336725 0.436885 0.336725 0.436885 0.340992 0.431495 0.340992
2 0.382101 0.339374 0.387423 0.339374 0.387423 0.344053 0.382101 0.344053
9 0.375689 0.334312 0.383601 0.334312 0.383601 0.338029 0.375689 0.338029
9 0.387213 0.340881 0.395713 0.340881 0.395713 0.344952 0.387213 0.344952
10 0.401349 0.419617 0.409149 0.419617 0.409149 0.423488 0.401349 0.423488
2 0.405752 0.416929 0.410611 0.416929 0.410611 0.421192 0.405752 0.421192
2 0.450362 0.390915 0.455906 0.390915 0.455906 0.395313 0.450362 0.395313
2 0.499258 0.438336 0.504848 0.438336 0.504848 0.443042 0.499258 0.443042
2 0.512357 0.463580 0.517786 0.463580 0.517786 0.468399 0.512357 0.468399
2 0.509460 0.491898 0.514850 0.491898 0.514850 0.496453 0.509460 0.496453
10 0.552732 0.521682 0.560730 0.521682 0.560730 0.525426 0.552732 0.525426
10 0.565592 0.502295 0.573486 0.502295 0.573486 0.506148 0.565592 0.506148
2 0.560899 0.514007 0.566309 0.514007 0.566309 0.518347 0.560899 0.518347
10 0.144593 0.662825 0.141902 0.662788 0.141922 0.660995 0.144614 0.661032
2 0.572958 0.362541 0.567468 0.362504 0.567492 0.358293 0.572982 0.358330
2 0.713847 0.800043 0.719417 0.800081 0.719390 0.804785 0.713820 0.804747
2 0.658118 0.677201 0.652069 0.677183 0.652081 0.672320 0.658130 0.672337
2 0.981368 0.528110 0.975320 0.528090 0.975333 0.523346 0.981382 0.523366
2 0.451385 0.745890 0.457387 0.745907 0.457376 0.750440 0.451374 0.750423
2 0.747163 0.684133 0.753191 0.684181 0.753159 0.688933 0.747131 0.688885
2 0.231799 0.967961 0.237103 0.967961 0.237103 0.972796 0.231799 0.972796
2 0.338216 0.914669 0.343481 0.914669 0.343481 0.918905 0.338216 0.918905
5 0.353429 0.966854 0.357383 0.966854 0.357383 0.985824 0.353429 0.985824
2 0.442344 0.925020 0.447651 0.925020 0.447651 0.929528 0.442344 0.929528
5 0.353743 0.908923 0.364812 0.908923 0.364812 0.917150 0.353743 0.917150
2 0.486063 0.772940 0.491024 0.772940 0.491024 0.777352 0.486063 0.777352
2 0.472627 0.660539 0.477991 0.660539 0.477991 0.665151 0.472627 0.665151
10 0.510634 0.654379 0.518664 0.654379 0.518664 0.658295 0.510634 0.658295
2 0.602834 0.643711 0.608166 0.643711 0.608166 0.648516 0.602834 0.648516
2 0.667664 0.754023 0.673062 0.754023 0.673062 0.758435 0.667664 0.758435
10 0.671271 0.757113 0.679115 0.757113 0.679115 0.761051 0.671271 0.761051
10 0.665257 0.775722 0.673371 0.775722 0.673371 0.779825 0.665257 0.779825
10 0.718295 0.800696 0.725078 0.800696 0.725078 0.804488 0.718295 0.804488
10 0.686548 0.818264 0.694275 0.818264 0.694275 0.822281 0.686548 0.822281
2 0.693808 0.850381 0.699246 0.850381 0.699246 0.854844 0.693808 0.854844
9 0.758882 0.990375 0.766915 0.990375 0.766915 0.994137 0.758882 0.994137
10 0.848855 0.982864 0.856572 0.982864 0.856572 0.986998 0.848855 0.986998
2 0.853382 0.979573 0.858653 0.979573 0.858653 0.983889 0.853382 0.983889
2 0.871546 0.912579 0.876744 0.912579 0.876744 0.917227 0.871546 0.917227
2 0.915649 0.821266 0.921284 0.821266 0.921284 0.825690 0.915649 0.825690
2 0.891842 0.825799 0.897481 0.825799 0.897481 0.830079 0.891842 0.830079
2 0.889104 0.772186 0.894424 0.772186 0.894424 0.776711 0.889104 0.776711
2 0.841136 0.773370 0.846495 0.773370 0.846495 0.777726 0.841136 0.777726
2 0.807362 0.758362 0.813221 0.758362 0.813221 0.762977 0.807362 0.762977
2 0.527798 0.158618 0.533237 0.158618 0.533237 0.163039 0.527798 0.163039
2 0.537706 0.169286 0.543203 0.169286 0.543203 0.173707 0.537706 0.173707
9 0.986391 0.228357 0.994541 0.228357 0.994541 0.232133 0.986391 0.232133
5 0.991304 0.338310 0.993889 0.338310 0.993889 0.341170 0.991304 0.341170
10 0.880362 0.434899 0.888258 0.434899 0.888258 0.438606 0.880362 0.438606
9 0.887286 0.485865 0.895581 0.485865 0.895581 0.489743 0.887286 0.489743
4 0.813852 0.479112 0.817501 0.479112 0.817501 0.481421 0.813852 0.481421
5 0.821016 0.480071 0.829571 0.480071 0.829571 0.484715 0.821016 0.484715
10 0.888077 0.590137 0.895485 0.590137 0.895485 0.594082 0.888077 0.594082
2 0.561207 0.503035 0.566716 0.503035 0.566716 0.507337 0.561207 0.507337
2 0.529266 0.208821 0.534647 0.208821 0.534647 0.213404 0.529266 0.213404
2 0.526564 0.222084 0.531915 0.222084 0.531915 0.226698 0.526564 0.226698
2 0.451839 0.200448 0.457163 0.200448 0.457163 0.204863 0.451839 0.204863
2 0.465006 0.222314 0.470074 0.222314 0.470074 0.226984 0.465006 0.226984
10 0.480340 0.213041 0.488648 0.213041 0.488648 0.216901 0.480340 0.216901
2 0.601831 0.167338 0.607324 0.167338 0.607324 0.171631 0.601831 0.171631
2 0.697976 0.171239 0.703183 0.171239 0.703183 0.175560 0.697976 0.175560
2 0.717108 0.171185 0.722142 0.171185 0.722142 0.175891 0.717108 0.175891
2 0.761197 0.204391 0.766571 0.204391 0.766571 0.208727 0.761197 0.208727
2 0.804963 0.191689 0.810605 0.191689 0.810605 0.196036 0.804963 0.196036
2 0.771158 0.132064 0.776331 0.132064 0.776331 0.136513 0.771158 0.136513
2 0.784005 0.102842 0.789194 0.102842 0.789194 0.107809 0.784005 0.107809
10 0.795785 0.470866 0.803623 0.470866 0.803623 0.474550 0.795785 0.474550
2 0.882177 0.030679 0.887596 0.030679 0.887596 0.035544 0.882177 0.035544
2 0.924285 0.071271 0.929799 0.071271 0.929799 0.075817 0.924285 0.075817
2 0.664757 0.482517 0.670176 0.482517 0.670176 0.486836 0.664757 0.486836
5 0.599199 0.471831 0.603046 0.471831 0.603046 0.475734 0.599199 0.475734
2 0.357753 0.306438 0.362996 0.306438 0.362996 0.310705 0.357753 0.310705
2 0.290272 0.379302 0.295425 0.379302 0.295425 0.383823 0.290272 0.383823
5 0.114531 0.656972 0.118200 0.656972 0.118200 0.662122 0.114531 0.662122
2 0.226124 0.832378 0.231631 0.832378 0.231631 0.837240 0.226124 0.837240
2 0.246990 0.798126 0.252433 0.798126 0.252433 0.802651 0.246990 0.802651
2 0.501302 0.858315 0.506749 0.858315 0.506749 0.862396 0.501302 0.862396
2 0.667111 0.779004 0.672465 0.779004 0.672465 0.783813 0.667111 0.783813
2 0.759413 0.818398 0.764599 0.818398 0.764599 0.822720 0.759413 0.822720
2 0.736322 0.783920 0.741724 0.783920 0.741724 0.788637 0.736322 0.788637
2 0.685058 0.933406 0.690537 0.933406 0.690537 0.937733 0.685058 0.937733
2 0.722789 0.965600 0.728259 0.965600 0.728259 0.970240 0.722789 0.970240
2 0.533494 0.965144 0.538732 0.965144 0.538732 0.969885 0.533494 0.969885
2 0.522061 0.177842 0.527266 0.177842 0.527266 0.182165 0.522061 0.182165
2 0.533206 0.984691 0.538777 0.984691 0.538777 0.989260 0.533206 0.989260
10 0.538371 0.986007 0.546157 0.986007 0.546157 0.989954 0.538371 0.989954
5 0.768657 0.049887 0.779204 0.049887 0.779204 0.066080 0.768657 0.066080
2 0.926487 0.587090 0.931766 0.587090 0.931766 0.592114 0.926487 0.592114
2 0.673465 0.526931 0.678708 0.526931 0.678708 0.531375 0.673465 0.531375
2 0.707960 0.540130 0.713230 0.540130 0.713230 0.544738 0.707960 0.544738
2 0.176566 0.938964 0.182477 0.938964 0.182477 0.943681 0.176566 0.943681
2 0.079041 0.633894 0.084547 0.633894 0.084547 0.638604 0.079041 0.638604
2 0.125655 0.157545 0.131026 0.157545 0.131026 0.161669 0.125655 0.161669
2 0.230469 0.149609 0.235700 0.149609 0.235700 0.154098 0.230469 0.154098
2 0.284691 0.179371 0.289746 0.179371 0.289746 0.184185 0.284691 0.184185
2 0.511271 0.049238 0.516500 0.049238 0.516500 0.053834 0.511271 0.053834
2 0.486799 0.214551 0.492041 0.214551 0.492041 0.219016 0.486799 0.219016
5 0.694248 0.129466 0.696289 0.129466 0.696289 0.131620 0.694248 0.131620
2 0.758247 0.259143 0.763402 0.259143 0.763402 0.263823 0.758247 0.263823
